0.00000000	9.59534896	-5.17590171	-1.48938630	1.80594015	0.59930737	0.98926229	0.07807533	10.902324530839927	2.065478696270275
0.00000000	9.26505892	-6.17116000	-1.44922565	1.78056407	0.62603084	0.89743702	0.05393641	11.132139620785914	2.1583844092489706
0.00000000	9.38473626	-6.98596176	-1.38821028	1.84938550	0.64190979	0.85652306	-2.81572342	11.699441712404106	2.210701329063257
0.00000000	30.07814759	-5.72283644	-1.35019265	1.83651876	0.62870764	0.68172232	0.19507530	30.61773700593848	1.7588145952408163
0.00000000	29.87811440	-4.44032518	-1.37196420	1.80984688	0.61260258	0.74194215	0.08468653	30.206261069580087	1.7183311233589307
0.00000000	16.71190764	-9.67651041	-1.16655121	1.76981390	0.67287291	0.92814016	2.91866136	19.311206867586726	2.0956456726711163
0.00000000	8.92676617	-8.70562855	-1.32693027	1.76438689	0.57040731	0.86034481	-2.86438870	12.468966384766285	2.343653594283496
1.00000000	32.12411529	3.10426009	-1.40388368	1.96085167	1.81939429	4.54971665	3.07332253	32.273754257470245	1.4744621144974699
1.00000000	19.66377936	5.81827666	-1.60681639	1.47481000	1.57594900	3.80745812	-3.11560392	20.50650048182436	1.2831162511132885
1.00000000	11.54156861	5.86499666	-1.66747473	1.37882125	1.53065245	3.48319380	0.00003882	12.94627327848244	1.100639764581073
1.00000000	35.78642293	5.32153531	-1.32700108	1.46126223	1.50834793	3.55805598	-0.00240525	36.179922666866034	1.4231754387631463
2.00000000	19.78759640	3.86039583	-1.54171417	1.75304830	0.63809203	1.79698703	-3.07814550	20.160645506867443	1.3781247095592868
