1.00000000	19.55119936	10.22010602	-1.72161792	1.45395494	1.69659445	3.59309786	-1.54492855
1.00000000	11.58960493	9.14201987	-1.82752548	1.63836670	1.75033431	4.75833949	-2.30500364
1.00000000	19.38268260	-15.65558659	-1.26331101	1.61474752	1.62046787	4.43454353	-1.57243228
1.00000000	16.27621149	15.87181342	-1.84405391	1.48069477	1.52402646	4.00056400	-1.63353646

310	242
284	249
141	249
179	243
310	190
284	192
141	192
179	190

142	310
-18	329
-63	288
63	277
142	195
-18	199
-63	192
63	190

1260	217
1317	221
1142	221
1099	217
1260	158
1317	157
1142	157
1099	158

12	264
-51	273
-228	271
-148	262
12	200
-51	202
-228	202
-148	199

