1.00000000	12.44508969	9.96443598	-1.84604977	1.76351655	1.75654669	4.69584998	-2.17792964
1.00000000	16.36531228	17.81017404	-1.83071671	1.52980697	1.64581976	4.16395351	-1.62367284
1.00000000	19.38440172	-12.89198901	-1.30254243	1.73616576	1.71352625	4.37971730	-1.55461371
1.00000000	19.69824339	13.70674183	-1.78808711	1.51269531	1.63497768	3.95752631	-1.60732448

143	298
5	316
-85	286
35	274
143	187
5	190
-85	186
35	185

-61	263
-138	273
-322	272
-228	262
-61	197
-138	200
-322	200
-228	197

1156	219
1208	223
1037	224
999	219
1156	156
1208	155
1037	155
999	156

193	246
154	253
5	252
56	246
193	192
154	194
5	194
56	192

