1.00000000	8.11285094	3.64385153	-1.73538695	1.46140122	1.61383481	3.53008948	3.13320494
1.00000000	27.06164310	2.54828553	-1.45915483	1.44697833	1.67505082	3.73956310	3.08494329
1.00000000	36.42421522	7.09306315	-1.36036013	1.46014142	1.55127880	3.79611693	-2.50026941
1.00000000	47.66527477	0.46396005	-1.15603767	1.47975230	1.66740229	3.66001945	2.97252870

278	385
87	384
281	306
402	307
278	211
87	211
281	197
402	197

559	221
510	221
529	215
571	215
559	180
510	179
529	179
571	179

501	208
472	209
439	206
467	205
501	178
472	178
439	178
467	178

611	197
585	197
596	196
620	196
611	174
585	174
596	174
620	174

