1.00000000	9.43658854	3.34963297	-1.68175505	1.60237479	1.64630742	3.72188844	3.10230827
1.00000000	30.23022351	2.17856859	-1.44646833	1.54333401	1.67396429	3.92018117	3.04292154
1.00000000	28.18192432	7.47428693	-1.51556633	1.60582495	1.66103840	4.06959935	-2.32636642
1.00000000	33.30520329	7.44559890	-1.39376543	1.51595926	1.57264142	3.94571580	-2.40982842
1.00000000	34.01945265	6.70924438	-1.44657717	1.50878048	1.61930040	3.96242267	3.02582812

358	345
198	344
346	286
453	287
358	186
198	186
346	181
453	181

571	217
529	216
547	211
585	211
571	177
529	177
547	176
585	176

467	221
428	223
372	218
409	216
467	178
428	178
372	178
409	177

486	212
455	213
412	209
442	208
486	178
455	178
412	177
442	177

471	213
436	213
464	209
496	209
471	179
436	179
464	178
496	178

