1.00000000	41.29089305	7.84573555	-0.79469584	1.36241961	1.52980136	3.59475644	0.00662461
1.00000000	25.83400074	21.30053671	-0.99306033	1.59074032	1.69057830	4.00857110	1.49710429
1.00000000	29.48875678	-10.78758616	-1.27065180	1.87240994	1.77896838	4.80313176	1.55890608
1.00000000	26.52478218	7.66874865	-1.04697106	1.54620385	1.70743685	4.24668820	1.54394114
1.00000000	29.63446567	2.59178312	-1.03990887	1.55495751	1.64332029	3.70122069	1.62279963

461	190
486	190
476	191
448	191
461	168
486	168
476	167
448	167

-62	211
-16	209
84	209
45	211
-62	165
-16	166
84	166
45	165

813	203
801	201
914	202
933	203
813	156
801	158
914	157
933	156

331	206
349	205
459	205
448	206
331	163
349	164
459	164
448	163

494	201
498	200
585	200
586	201
494	163
498	164
585	164
586	163

