1.00000000	26.42152435	-1.38282023	-1.18508325	1.70292234	1.72493144	4.47061595	1.57172489
1.00000000	29.38725321	1.55387176	-1.09698616	1.67490292	1.75469392	4.20308301	1.39133418
1.00000000	26.72796249	-10.05610667	-1.35372804	1.63110673	1.75662856	4.51731211	1.58680248
1.00000000	41.41145003	7.78223339	-0.89330695	1.37585855	1.50750013	3.87755036	3.09646273

580	207
581	205
699	205
705	207
580	159
581	161
699	161
705	159

510	202
523	201
620	202
613	203
510	161
523	162
620	161
613	160

820	208
806	207
922	206
945	208
820	163
806	164
922	164
945	163

475	193
448	193
465	192
489	192
475	168
448	168
465	169
489	169

