1.00000000	41.31983958	7.93492920	-0.71660398	1.39408326	1.56622623	3.70692673	-3.13768125
1.00000000	26.26203738	13.93951115	-0.98705600	1.58512747	1.74891415	4.40608796	-1.54422534
1.00000000	29.64599007	-6.32704434	-1.16809295	1.76825166	1.75680487	4.66332279	1.52498484
1.00000000	29.35577443	8.92387440	-0.95791827	1.51947212	1.66243911	3.89693536	1.63525176

474	190
446	190
459	189
485	189
474	165
446	165
459	166
485	166

294	205
274	207
148	207
176	206
294	164
274	163
148	162
176	164

702	202
698	200
808	200
819	202
702	158
698	159
808	159
819	158

331	202
344	200
438	200
431	201
331	163
344	164
438	164
431	163

