1.00000000	26.45476743	1.18235287	-1.10704015	1.62766647	1.71353550	4.22370559	1.58542597
1.00000000	29.32462692	4.15883817	-1.00532983	1.61651063	1.72973463	4.15857403	-1.58603013
1.00000000	26.76058568	-7.61521114	-1.27860377	1.85583711	1.78471976	4.50326330	1.57198250
1.00000000	29.78035274	-12.75305121	-1.19704078	1.54374087	1.68711982	4.15753942	1.57763648

512	206
517	204
628	204
630	206
512	160
517	161
628	162
630	160

555	200
551	201
447	201
456	200
555	162
551	161
447	161
456	162

752	207
743	205
859	205
877	207
752	156
743	157
859	157
877	156

868	200
853	199
949	199
970	200
868	162
853	163
949	163
970	162

