1.00000000	26.39081604	9.76691748	-1.02725003	1.58679700	1.72896275	4.39880616	1.57967126
1.00000000	25.59042981	23.20889423	-0.98238156	1.61409581	1.66178032	3.91301544	1.45221591
1.00000000	29.57041389	-9.42967691	-1.26560770	1.83791912	1.75991686	4.74544795	1.52689576
1.00000000	29.57600292	4.68077409	-1.02815936	1.60363793	1.67040213	3.83539012	1.66860080

268	207
289	205
405	205
392	207
268	162
289	163
405	163
392	162

-120	211
-69	209
24	210
-20	212
-120	165
-69	166
24	165
-20	165

778	203
770	202
882	202
898	203
778	157
770	159
882	159
898	157

441	202
446	201
537	200
537	202
441	162
446	163
537	163
537	162

