1.00000000	18.61648434	-2.37799946	-1.61832176	1.45446277	1.65712928	3.85371258	0.00185778
1.00000000	24.83127494	-2.14027857	-1.60817049	1.73674142	1.68568304	3.87522578	0.05692495
1.00000000	7.11662016	-3.07192802	-1.68388007	2.18285656	1.93687395	4.78405137	0.03910156
1.00000000	13.51259131	-2.66776336	-1.61181365	1.42347741	1.61173516	3.73083698	0.10160851
1.00000000	48.71831191	-1.17810149	-1.34518562	1.52343905	1.59374993	3.84424203	0.04598289

667	233
726	233
754	248
681	248
667	182
726	182
754	184
681	184

644	221
689	220
710	229
657	229
644	173
689	173
710	173
657	173

773	302
923	301
1288	438
982	443
773	130
923	131
1288	86
982	85

693	252
769	251
844	276
745	278
693	183
769	183
844	187
745	187

614	198
637	198
642	200
618	200
614	176
637	176
642	176
618	176

