1.00000000	2.49791961	3.03704362	-1.70142267	1.39430225	1.68130664	4.18220633	-3.13244319
1.00000000	29.76111362	-11.00430112	-1.39526687	1.42908764	1.51275020	3.85596784	-3.12052226
1.00000000	24.07484306	2.88833568	-1.40253959	1.40707469	1.64517760	3.97540770	-3.13804364
1.00000000	17.83166936	-11.24102065	-1.42613624	1.47138822	1.56476733	3.63917884	0.02281111
1.00000000	18.32212900	-16.32926903	-1.42166899	1.49322999	1.56881825	3.72617496	-3.11052752
1.00000000	23.53117591	-16.22976190	-1.40541528	1.42611539	1.46335363	3.82797781	-3.08929968
1.00000000	39.16152402	-15.92391353	-1.21919880	1.59410977	1.45834339	3.50201255	0.01500747

-11267	9690
-23698	10993
-32	455
251	454
-11267	1809
-23698	2034
-32	221
251	221

920	212
881	212
846	207
880	207
920	175
881	175
846	174
880	174

544	226
489	226
507	217
553	217
544	179
489	179
507	178
553	178

1000	225
1058	225
1165	237
1095	237
1000	170
1058	170
1165	170
1095	170

1377	233
1310	233
1174	222
1230	222
1377	167
1310	167
1174	168
1230	168

1188	220
1140	220
1054	213
1094	213
1188	172
1140	172
1054	172
1094	172

880	197
906	197
935	199
906	199
880	169
906	169
935	168
906	168

