1.00000000	12.01237377	-8.78598690	-1.42575417	1.73137617	1.71779033	4.44775694	1.61510456
1.00000000	39.87732686	0.83671871	-1.33764384	1.58241272	1.69447896	3.70447479	0.07273133
1.00000000	42.40708100	13.21909302	-1.95713399	1.50250888	1.77184171	3.94770629	-3.07434416
1.00000000	20.55918417	15.30688687	-2.20420704	1.39520502	1.68219444	3.98314972	3.12513423
1.00000000	22.67802891	1.67824344	-1.52226136	1.55097651	1.68430193	4.27059657	-0.08416203
1.00000000	26.29322755	15.44374165	-2.10791121	1.41889346	1.59329113	3.49269290	-3.13522506

1056	265
991	252
1237	251
1341	263
1056	149
991	152
1237	153
1341	149

579	202
608	202
613	205
581	205
579	174
608	174
613	174
581	174

392	217
359	217
377	213
407	213
392	190
359	190
377	188
407	188

40	271
-25	271
90	254
144	254
40	216
-25	216
90	208
144	208

543	222
592	223
575	233
516	233
543	177
592	177
575	178
516	178

176	246
129	246
189	237
230	237
176	204
129	204
189	200
230	200

