0.00000000	11.59170552	-5.54564250	-1.50764010	1.70760393	0.59901546	1.10229411	0.14165474
1.00000000	3.78107711	3.50098359	-1.74662552	1.72181797	1.79151265	4.53721850	0.05162242
1.00000000	14.96947314	3.83646112	-1.68691228	1.75139785	1.78105659	4.38308528	0.50901985
1.00000000	26.27700505	-12.60135927	-1.18097637	1.46074355	1.62005064	3.92594965	1.76035070

930	264
963	263
1010	272
973	273
930	159
963	159
1010	158
973	158

49	393
280	390
-756	1162
-1955	1239
49	176
280	176
-756	187
-1955	188

359	253
438	249
505	271
406	278
359	175
438	175
505	175
406	176

926	209
898	206
993	205
1026	208
926	166
898	167
993	167
1026	166

