1.00000000	27.40012721	13.18798818	-1.14511643	1.50986385	1.66078100	3.99263438	3.11944532
1.00000000	22.29545493	-2.43811607	-1.62337063	1.68848443	1.71682772	3.80815581	-0.02529783
1.00000000	33.75019274	-5.65713958	-1.62925778	1.49209321	1.75566093	4.28812472	-0.50661856
1.00000000	40.60924681	12.45629662	-1.03920005	1.60283113	1.64746454	4.07887509	3.08934522
1.00000000	38.25094574	-19.99232173	-1.61011944	1.47012448	1.55892137	3.92787707	1.02105319
1.00000000	36.69533228	23.80586925	-0.94106362	1.98937190	1.80358275	4.43545454	1.49060333
1.00000000	44.47647898	-8.10695573	-1.61189054	1.72689807	1.70817156	4.24551305	-2.01732683

255	215
208	215
265	209
306	209
255	172
208	172
265	172
306	172

661	225
712	225
729	235
667	235
661	174
712	174
729	175
667	175

730	210
765	211
736	215
698	214
730	180
765	180
736	181
698	180

389	201
359	201
386	198
414	198
389	171
359	171
386	171
414	171

948	205
951	204
1034	205
1034	207
948	177
951	177
1034	177
1034	177

83	203
111	201
192	202
168	203
83	162
111	163
192	163
168	162

781	204
774	205
705	204
714	202
781	175
774	176
705	175
714	175

