1.00000000	17.06068265	-16.69627616	-1.34906576	1.56523550	1.57302006	3.54234231	3.10885406
1.00000000	30.63177059	-11.26071026	-1.30169342	1.49307466	1.58192798	3.94758237	0.04483689
1.00000000	24.08408868	-16.41101586	-1.21235166	1.48122549	1.47848553	3.62240139	-3.13886857
1.00000000	36.54117835	-11.25455530	-1.28513287	1.34953892	1.53531244	3.71606350	-3.11838245

1452	234
1374	234
1232	222
1295	222
1452	158
1374	158
1232	161
1295	161

843	204
878	204
919	209
880	209
843	171
878	171
919	171
880	171

1174	212
1126	212
1053	207
1094	207
1174	164
1126	164
1053	165
1094	165

864	203
832	203
808	200
837	200
864	175
832	175
808	175
837	175

