1.00000000	9.16485661	-5.48423215	-1.68339799	1.66428649	1.75437566	3.61727351	-0.60817635
1.00000000	19.04142405	-7.70259280	-1.78340981	1.49757528	1.63655658	3.91732329	1.57094288
1.00000000	36.33288835	16.05661041	-2.04792331	1.45284510	1.61054213	3.75954634	3.06626272
1.00000000	39.84164439	13.20767654	-2.14427988	1.49853468	1.69668198	4.30755145	-2.90997505
1.00000000	14.62156020	-18.28043210	-1.73508928	1.55636454	1.70517187	3.80252443	-1.50196052
1.00000000	37.10526918	3.47074709	-1.96017734	1.57750320	1.70531492	3.67852920	-0.02233738

999	282
1144	293
1158	345
957	323
999	171
1144	171
1158	170
957	171

843	246
824	240
968	240
1001	246
843	186
824	184
968	184
1001	186

285	226
253	226
293	220
323	220
285	195
253	195
293	193
323	193

383	223
349	223
358	218
389	218
383	194
349	194
358	192
389	192

1561	249
1686	258
1502	260
1395	250
1561	175
1686	176
1502	176
1395	175

531	215
563	215
556	220
521	220
531	186
563	186
556	187
521	187

