1.00000000	15.93931725	-9.66640272	-1.20085738	1.50012743	1.68416092	4.11429939	2.99272370
1.00000000	20.43701849	-0.80953397	-1.41154383	1.46292734	1.66413674	3.96673930	2.55921650
1.00000000	10.17380451	7.90548074	-1.65454267	1.54463303	1.75522393	4.72151386	0.33726853
1.00000000	13.95131412	21.01596029	-1.96908317	1.48938692	1.67673638	3.92640641	-2.52669001
1.00000000	16.95702954	-3.89619376	-1.31766961	1.44783390	1.50861521	3.45616121	2.81790948
1.00000000	21.77361940	11.44224970	-1.55318544	1.62729084	1.69144383	4.32595454	0.59985375
1.00000000	22.92603694	0.78079826	-1.35355471	1.46271825	1.57287905	3.56158018	0.49126974
1.00000000	16.73028846	-12.60602223	-1.13521097	1.43299699	1.53291853	3.65702165	-3.07797980
1.00000000	20.47982341	24.85872570	-1.89951513	1.61916423	1.80357820	3.90631149	-2.51662636
1.00000000	8.64341008	20.31752938	-2.11584489	1.53136361	1.56238487	3.67700614	-2.55340242
1.00000000	25.24298116	2.23263941	-1.39156793	1.47432303	1.66275423	3.95357044	2.36707354
1.00000000	27.45887355	4.17441067	-1.32701729	1.42961597	1.66257432	3.99235330	0.17512943
1.00000000	17.63832946	-15.36401134	-1.04454122	1.43157172	1.53881531	3.57812172	-2.81148767
2.00000000	10.05341317	17.84775885	-1.99836389	1.70032120	0.54043994	1.91605295	-2.65060711

1158	236
1061	235
982	221
1056	221
1158	156
1061	156
982	160
1056	160

629	234
575	231
651	222
699	224
629	175
575	175
651	175
699	175

33	280
156	275
45	333
-161	346
33	186
156	185
45	193
-161	194

-490	302
-667	313
-500	283
-369	276
-490	217
-667	220
-500	210
-369	208

811	240
737	237
757	226
818	227
811	169
737	169
757	170
818	170

189	230
248	228
271	238
202	241
189	179
248	178
271	179
202	180

541	219
584	217
637	224
590	226
541	174
584	174
637	174
590	175

1276	227
1205	227
1076	216
1134	216
1276	156
1205	156
1076	159
1134	159

-253	259
-362	264
-295	250
-205	247
-253	198
-362	200
-295	195
-205	194

-1236	405
-1633	437
-1062	351
-831	336
-1236	253
-1633	264
-1062	234
-831	229

517	223
485	220
572	215
604	217
517	176
485	176
572	176
604	176

478	212
520	211
526	217
478	218
478	176
520	176
526	177
478	177

1368	217
1325	219
1151	210
1192	209
1368	152
1325	152
1151	155
1192	156

-752	349
-830	354
-660	325
-598	321
-752	214
-830	215
-660	208
-598	207

