1.00000000	3.87392515	-3.07254038	-1.72331999	1.46364188	1.66996827	3.90461558	-0.00511714
1.00000000	34.11618785	-3.18150269	-1.47582303	1.45744562	1.69866148	3.93991282	0.00682329
1.00000000	10.22871356	-3.01875064	-1.64675711	1.69283497	1.67117699	3.98791589	0.02440837
1.00000000	39.21842324	16.69748206	-1.46197484	1.51896083	1.58497911	4.07414781	3.11749125
1.00000000	30.63670209	16.28989420	-1.42707990	1.44702673	1.52167458	3.24314205	3.10114455
1.00000000	46.99735140	-3.14600593	-1.42202876	1.52388358	1.58942828	3.59515705	0.00738928

912	388
1130	388
2369	906
1624	902
912	197
1130	197
2369	257
1624	257

657	207
692	207
702	211
664	211
657	178
692	178
702	178
664	178

743	272
843	272
969	321
819	322
743	170
843	170
969	168
819	168

299	211
268	211
304	207
331	207
299	181
268	181
304	180
331	180

219	219
182	219
228	214
262	214
219	182
182	182
228	181
262	181

645	199
669	199
674	201
648	201
645	177
669	177
674	177
648	177

