0.00000000	35.70911006	14.56699371	-1.68525265	1.71987987	0.58795233	1.02533345	0.96266854
0.00000000	15.22041496	-11.04336538	-1.33463512	1.76471972	0.66516305	0.80087201	0.44561437
1.00000000	20.57451700	-11.31825322	-1.42178128	1.50716388	1.60018017	3.96760326	3.13450360
1.00000000	27.47551767	-16.51437471	-1.34416769	1.43650723	1.44019848	3.51214378	3.09672618
1.00000000	22.88705675	2.92782031	-1.63751219	1.48375142	1.68657789	4.17395611	3.12178922
1.00000000	26.84432582	-11.46358942	-1.39191077	1.45215070	1.48058659	3.65768012	0.05562163
1.00000000	11.99580243	-11.16217939	-1.29850529	1.45080733	1.54333852	3.68522719	-3.11388683
1.00000000	44.57646922	2.67487827	-1.55297039	1.52585280	1.66270498	3.81502352	-3.12333202

302	216
313	215
326	216
315	217
302	181
313	181
326	181
315	181

1116	234
1135	233
1177	236
1159	237
1116	150
1135	151
1177	150
1159	149

1089	229
1026	229
953	219
1005	219
1089	170
1026	170
953	170
1005	170

1099	212
1057	211
1006	207
1043	207
1099	171
1057	171
1006	171
1043	171

537	237
478	237
502	226
552	226
537	185
478	185
502	183
552	183

881	210
918	210
970	215
928	215
881	173
918	173
970	173
928	173

1489	262
1379	263
1164	238
1245	238
1489	156
1379	156
1164	161
1245	161

580	206
551	206
555	203
581	203
580	180
551	180
555	179
581	179

