1.00000000	13.28656046	-3.81587681	-1.50898049	1.78862011	1.78862983	3.73708480	-0.32082069
1.00000000	20.89914021	-13.84893844	-1.51503811	1.51169014	1.70098731	4.15352018	-1.27237976
1.00000000	25.81510293	-7.61548845	-1.35293911	1.66587532	1.65247494	4.06704765	1.35160947
1.00000000	42.40604200	17.03673162	-0.99315570	1.41897583	1.59571281	3.51647170	3.11725211
1.00000000	47.97867223	14.76055697	-0.98285339	1.45167565	1.66492572	3.67032760	-2.93318272
1.00000000	18.81194868	-21.65222011	-1.64772783	1.57140684	1.74471375	4.33726436	-1.58634567

783	246
874	249
883	273
763	268
783	160
874	160
883	155
763	156

1122	222
1180	226
1068	229
1014	225
1122	172
1180	172
1068	172
1014	172

768	214
768	212
884	213
891	216
768	167
768	167
884	167
891	166

319	200
291	200
318	198
344	198
319	175
291	175
318	174
344	174

398	197
371	197
377	195
402	195
398	174
371	174
377	174
402	174

1500	230
1587	235
1407	235
1336	230
1500	171
1587	171
1407	171
1336	171

