1.00000000	22.21666637	-3.05521363	-1.61857889	1.50911236	1.53309185	3.37639671	0.06700589
1.00000000	35.11687580	16.52897032	-1.57746230	1.51410675	1.58398591	3.87132293	-3.12266064
1.00000000	9.70245474	-3.27940489	-1.72432456	1.44018459	1.62642488	4.38907962	0.00559421
1.00000000	17.12560654	-3.26824941	-1.65553115	1.46059918	1.59348610	3.50125244	0.04273884
1.00000000	26.79406216	-2.94334010	-1.60675750	1.46022797	1.54556161	3.74697384	0.08344621
1.00000000	4.30393407	-3.26185979	-1.73063896	1.43943334	1.62695270	4.09664794	0.00133647
1.00000000	49.94877263	16.98792357	-1.39882229	1.49199009	1.50871308	3.95924637	3.07026029
1.00000000	29.89944408	17.12267022	-1.59639428	1.47966254	1.53431030	3.37620597	-3.00708175

678	226
725	225
752	234
698	235
678	180
725	179
752	181
698	181

267	217
232	217
270	212
301	212
267	184
232	184
270	183
301	183

766	279
867	279
1027	344
865	344
766	189
867	189
1027	200
865	200

705	239
767	239
810	255
735	255
705	183
767	183
810	185
735	185

663	218
701	218
724	224
680	225
663	181
701	180
724	182
680	182

909	371
1103	370
2132	783
1536	783
909	199
1103	199
2132	255
1536	255

362	203
340	203
365	201
385	201
362	180
340	180
365	180
385	180

196	224
154	225
192	219
230	219
196	186
154	186
192	185
230	185

