1.00000000	25.87089288	2.78996166	-1.55460093	1.83636904	1.69638756	3.88844735	-0.07730787
1.00000000	18.26995799	2.79795747	-1.62336514	1.53572655	1.67766904	3.96090966	-0.03601636
1.00000000	36.23940568	14.77004603	-1.22680054	1.53523803	1.67231497	4.20757218	-3.13885880
1.00000000	42.72092016	14.85915184	-1.16982267	1.71640325	1.61569181	4.02596875	3.13872528
1.00000000	24.88995351	-4.44038793	-1.69039188	1.56904674	1.65863445	3.48724127	0.09073538
1.00000000	49.93669108	-12.36888108	-1.61999605	1.55879986	1.66063669	4.05196140	-1.59823489
1.00000000	17.96584380	15.67065841	-1.40031169	1.49440742	1.49611015	3.71087664	3.07197404
1.00000000	16.33624403	15.61815613	-1.30310152	1.56888020	1.58718762	3.78560863	-3.08604050

520	219
564	219
547	227
496	226
520	171
564	171
547	171
496	171

483	236
544	236
521	252
446	252
483	181
544	181
521	183
446	183

314	208
278	208
315	204
346	204
314	176
278	176
315	175
346	175

360	203
331	203
356	200
382	200
360	172
331	172
356	172
382	172

706	223
751	222
782	230
731	230
706	179
751	179
782	180
731	181

817	200
823	201
763	201
758	200
817	178
823	178
763	178
758	178

-75	249
-138	249
12	234
64	235
-75	181
-138	181
12	179
64	179

-134	252
-219	252
-53	235
13	235
-134	172
-219	172
-53	172
13	172

