1.00000000	31.43510066	-11.06265972	-1.35093449	1.35269439	1.53297155	3.71773619	-3.11207581
1.00000000	25.39743122	-11.23778193	-1.27956102	1.47817028	1.54936408	4.01504855	-3.13689399
1.00000000	11.96834288	-16.68483584	-1.19366882	1.62019420	1.62073484	3.74173647	-2.97171688
1.00000000	29.88802508	-16.15975029	-1.30209730	1.37436426	1.46460486	3.47216349	-3.08908916
1.00000000	18.93020053	-16.34120000	-1.17731474	1.47649789	1.55389183	3.57358393	3.13299656

903	209
866	209
835	205
868	205
903	176
866	176
835	175
868	175

987	215
939	215
889	208
930	208
987	168
939	168
889	169
930	169

1902	250
1819	252
1452	230
1519	229
1902	132
1819	131
1452	143
1519	143

1050	208
1013	208
964	204
997	204
1050	172
1013	172
964	172
997	172

1344	221
1277	221
1162	212
1217	212
1344	157
1277	157
1162	160
1217	160

