1.00000000	7.69492262	-3.00476426	-1.72779224	1.48025203	1.60603084	3.57910144	-0.00529671
1.00000000	16.48145349	-2.94845230	-1.70582233	1.55875540	1.65808718	3.71647289	-0.00669514
1.00000000	27.88277927	-8.71327802	-1.84119890	1.51611865	1.65609639	4.19135721	2.40863371
1.00000000	48.20829191	-19.13409672	-1.78143327	1.59215164	1.67831198	3.75334056	1.05577159

789	306
915	306
1107	391
900	391
789	190
915	190
1107	201
900	201

697	243
764	243
803	262
719	261
697	181
764	181
803	183
719	183

836	228
793	226
842	220
882	222
836	185
793	185
842	183
882	184

867	202
871	202
931	203
928	204
867	179
871	178
931	179
928	179

