0.00000000	14.83468633	-2.90207612	-1.55104456	1.67506123	0.63451407	0.68413435	-0.14680852
1.00000000	6.77304205	-3.98948820	-1.70450876	1.43264294	1.54452544	3.49293351	0.06634542
1.00000000	3.37121706	3.03545249	-1.60753606	1.45017374	1.52160714	3.50937310	-0.03654879
1.00000000	11.16182051	-4.05920179	-1.61259304	1.50607777	1.56454020	3.42454126	0.00901749
1.00000000	27.79357810	2.99028095	-1.32130883	1.60859692	1.76692511	3.90079492	0.02622385
1.00000000	16.48004306	-4.09006445	-1.58392499	1.60948944	1.58351079	4.14554759	-0.03592660
1.00000000	33.93636503	-4.43585421	-1.36822722	1.48820329	1.65715500	3.81180424	0.00489058
1.00000000	39.20512952	2.79235338	-1.18543766	1.55344844	1.62722374	3.73149922	0.02072718
1.00000000	26.59720873	15.22325717	-1.00210689	1.49368465	1.61782425	3.63729251	3.13068724
1.00000000	49.17536786	-1.88080637	-1.09900485	1.41560614	1.52587420	3.29407234	-0.01452039
1.00000000	45.20876533	-4.48945196	-1.22540186	1.45934761	1.53212406	3.79907834	-3.10658050

740	250
772	250
774	254
741	253
740	169
772	169
774	169
741	169

890	319
1020	317
1354	422
1134	427
890	192
1020	192
1354	206
1134	207

67	409
289	412
-643	1057
-1399	1021
67	194
289	195
-643	255
-1399	251

801	265
890	265
997	299
875	299
801	178
890	178
997	181
875	181

515	211
558	211
553	217
503	217
515	171
558	171
553	171
503	171

745	237
808	237
859	256
777	256
745	173
808	173
859	174
777	174

684	205
717	205
731	209
693	209
684	175
717	175
731	175
693	175

546	200
575	200
573	203
541	203
546	172
575	172
573	172
541	172

186	213
139	213
200	207
242	207
186	169
139	169
200	169
242	169

627	194
648	194
650	196
627	196
627	174
648	174
650	174
627	174

700	199
674	199
667	197
690	197
700	174
674	174
667	174
690	174

