1.00000000	39.68419527	14.59280817	-2.05880008	1.67832375	1.64532599	4.14295322	3.13139272
1.00000000	21.64487839	2.80294418	-2.04443310	1.56813478	1.68482771	3.89457345	0.04572352
1.00000000	28.33235640	-4.63310166	-2.13968293	1.53966403	1.62536125	3.68290700	-0.02456352
1.00000000	16.27787791	11.87395548	-1.84062330	1.48447716	1.70011191	3.85905818	3.13538480
1.00000000	29.31101699	2.79906173	-2.08725826	1.95446754	1.73199192	3.93707093	-0.02292755
1.00000000	36.22184553	2.78894023	-2.19152139	1.54498625	1.70690417	4.46543035	0.03358107

344	222
312	222
343	217
371	217
344	189
312	189
343	188
371	188

496	241
548	241
543	255
480	255
496	193
548	193
543	197
480	197

704	228
744	228
760	236
715	236
704	191
744	191
760	194
715	194

47	278
-39	278
101	255
169	255
47	202
-39	202
101	196
169	196

527	227
567	227
559	235
512	235
527	181
567	182
559	183
512	183

540	220
573	220
571	226
535	226
540	191
573	191
571	193
535	193

