1.00000000	12.05120212	-2.99524759	-1.66311191	1.72383547	1.66883971	4.02121167	0.01272936
1.00000000	35.89236862	-3.11504916	-1.50566969	1.39935791	1.66072767	3.68130176	0.02026904
1.00000000	5.62595694	-3.01375138	-1.70010946	1.44436395	1.64685767	3.82709346	-0.01213535
1.00000000	40.94086697	16.73508443	-1.58021842	1.49540544	1.55785366	4.09050709	3.12897754
1.00000000	32.53360798	16.36755341	-1.55161665	1.48056722	1.57077689	3.74096663	3.10018921
1.00000000	46.35302393	16.82902386	-1.55624590	1.50342894	1.52904015	3.97096872	3.12390924

725	261
812	260
900	297
777	297
725	170
812	170
900	169
777	169

654	207
686	206
696	210
660	210
654	180
686	180
696	180
660	180

837	336
1001	337
1431	521
1080	519
837	193
1001	193
1431	216
1080	216

312	212
283	212
315	208
341	208
312	184
283	184
315	183
341	183

239	220
202	220
250	214
283	214
239	184
202	184
250	183
283	183

347	207
322	207
347	205
370	205
347	183
322	183
347	182
370	182

