1.00000000	17.28904875	-2.86055866	-1.54478071	1.73808670	1.63597135	3.95840250	0.01781840
1.00000000	5.85153856	-3.02868893	-1.70256231	1.47167277	1.58179559	3.67362374	0.05824928
1.00000000	41.19430090	-2.80166425	-1.40889285	1.41107750	1.62558116	3.88265472	0.04720395
1.00000000	37.60816925	16.66058239	-1.22415779	1.42132723	1.54215003	3.45922363	3.10004854
1.00000000	10.89049766	-2.94603047	-1.66375349	1.42242897	1.62783845	3.76632402	-0.01638960
1.00000000	46.08257193	17.05827964	-1.17289374	1.43316007	1.58085054	3.90785964	3.10832238

688	234
750	234
791	250
713	250
688	168
750	168
791	167
713	167

826	335
976	333
1374	489
1083	497
826	190
976	190
1374	208
1083	208

642	202
670	202
679	204
649	204
642	178
670	178
679	178
649	178

287	207
256	207
290	204
318	204
287	178
256	178
290	178
318	178

738	269
833	269
924	311
789	310
738	187
833	187
924	193
789	193

341	201
316	201
342	199
365	199
341	178
316	178
342	177
365	177

