1.00000000	4.47511391	3.18345020	-1.75850163	1.49755740	1.71590338	4.42895230	-0.00404293
1.00000000	29.46908599	-21.85302377	-1.62009714	2.37216067	2.01569701	5.33076587	1.63949203
1.00000000	28.96193203	-14.30451995	-1.62448082	1.64070213	1.69209305	4.11839611	1.54227841
1.00000000	14.83363227	1.33720950	-1.84050940	1.64707649	1.76100841	4.25074634	0.24438882
2.00000000	15.34772421	-5.71461979	-1.77209435	1.73387039	0.52062375	1.79948054	0.18557829
2.00000000	4.49172760	-1.84202194	-1.74215935	1.81252217	0.58717061	1.72852372	0.31445259

163	371
356	371
-217	818
-840	816
163	202
356	202
-217	270
-840	269

1108	214
1071	211
1192	211
1237	214
1108	153
1071	154
1192	155
1237	153

927	216
910	214
1012	214
1036	217
927	174
910	174
1012	174
1036	174

493	257
570	255
615	282
515	286
493	185
570	185
615	189
515	189

853	254
875	253
924	263
900	264
853	175
875	175
924	176
900	176

810	420
881	411
1121	524
1027	544
810	155
881	156
1121	148
1027	146

