1.00000000	8.66853814	-1.80107418	-1.63383625	1.43026614	1.63028852	4.34680173	0.17462060
1.00000000	32.08405595	3.79490350	-1.39215241	1.67262244	1.65393870	3.91560166	0.29675397
1.00000000	1.61469140	-3.17782101	-1.70571731	1.88592720	1.66577995	4.30470140	0.11270430
1.00000000	14.77961289	-0.61123497	-1.61395679	2.07003927	1.87262312	4.45290333	0.21004842
1.00000000	21.07738445	0.95677878	-1.49915145	1.40647006	1.57913377	3.63461375	0.25765592
1.00000000	26.01286236	2.26427128	-1.45945368	1.45526707	1.61271252	3.77743683	0.20502773

658	286
765	283
955	357
781	365
658	186
765	186
955	195
781	196

499	209
535	208
553	213
513	213
499	173
535	173
553	173
513	173

579	246
658	244
728	270
623	273
579	156
658	156
728	150
623	150

541	226
591	225
622	234
564	236
541	180
591	180
622	182
564	182

521	217
563	216
579	223
530	223
521	178
563	178
579	179
530	179

