1.00000000	12.80004727	-11.14739493	-1.37763141	1.49289823	1.54879062	3.92279939	-3.13036680
1.00000000	25.35503036	3.09458281	-1.45138083	1.45723128	1.69753322	3.92455678	-3.13854980
1.00000000	32.97231574	-16.10663878	-1.33561252	1.56933010	1.53890582	3.67053873	3.09781671
1.00000000	27.59625535	-16.17978121	-1.21720193	1.50837708	1.51192122	3.94288898	0.08578251
1.00000000	21.96836723	-16.40216865	-1.26042924	1.68990088	1.55824611	3.74663033	-0.00882758

1430	262
1325	263
1129	238
1206	238
1430	160
1325	160
1129	164
1206	164

542	225
489	225
506	217
551	217
542	179
489	179
506	178
551	178

1004	206
967	206
933	202
965	202
1004	169
967	169
933	170
965	170

988	203
1023	203
1097	208
1056	208
988	166
1023	166
1097	165
1056	165

1090	210
1138	210
1237	218
1180	218
1090	159
1138	159
1237	156
1180	156

