1.00000000	47.51500080	14.99955780	-1.61181210	1.62876129	1.67523560	4.28017033	3.12139416
1.00000000	29.48350404	3.00715095	-1.62720583	1.62629080	1.65745930	3.96753706	-0.09444739
1.00000000	28.58275614	12.21064768	-1.71856783	1.50621307	1.70896571	3.86396772	-2.98249054
1.00000000	11.02629837	-7.90481065	-1.54799066	1.68987107	1.70441678	4.36591067	1.56743848
1.00000000	28.98738008	15.75721189	-1.69285903	1.45390940	1.66883908	4.19125682	3.12542129
1.00000000	36.14530563	-4.34140155	-1.41777347	1.47716558	1.60820312	3.52382440	0.05964710
1.00000000	3.70879048	-21.65355996	-1.52524767	1.56360233	1.64571185	3.71490497	-1.85133231
1.00000000	37.01181663	3.08252134	-1.55086229	1.56329465	1.68020819	3.80283908	-0.03921099
1.00000000	6.53834155	-24.17491863	-1.39668677	1.49774766	1.55579228	3.48119861	-1.52129924
2.00000000	29.42985735	-3.35949597	-1.45767532	1.78320980	0.61977102	1.86822697	0.30314627

383	207
356	207
380	204
404	204
383	181
356	181
380	181
404	181

527	216
565	216
548	223
505	222
527	178
565	179
548	179
505	179

310	229
261	229
290	222
333	222
310	188
261	188
290	186
333	186

1032	282
970	266
1242	266
1351	282
1032	159
970	161
1242	161
1351	159

205	229
161	229
223	221
262	221
205	190
161	190
223	187
262	187

677	205
707	204
722	208
688	208
677	176
707	176
722	177
688	177

5242	418
8550	602
5133	461
3689	365
5242	113
8550	69
5133	103
3689	126

539	208
570	208
563	212
528	212
539	179
570	179
563	179
528	179

3241	287
3986	320
3628	324
2945	290
3241	135
3986	125
3628	124
2945	135

678	212
692	212
711	214
697	215
678	169
692	169
711	169
697	169

