1.00000000	20.04926581	2.66943480	-1.89486663	1.59994304	1.74293612	4.44703573	-0.03884868
1.00000000	22.75097998	12.32632336	-2.23057760	1.54901242	1.72642501	4.11294730	3.13961649
1.00000000	12.53810807	-8.78996222	-1.51164434	1.50752711	1.66235127	3.90173228	2.09651685
1.00000000	24.25102435	-8.97231604	-1.49231790	1.55169296	1.69525868	4.52057782	1.57968497
1.00000000	36.00041992	0.63798804	-1.84387914	1.76409292	1.75100988	4.42030587	-0.00350997
1.00000000	9.56202557	-8.83130149	-1.52551339	1.46233177	1.66888127	3.93354077	2.07418132
1.00000000	15.54094867	-8.67679747	-1.53659032	1.49516928	1.63097774	3.58007205	2.03209019
1.00000000	38.58887271	15.33940466	-2.33947272	1.46953261	1.60093809	3.52615432	-3.09601426

499	240
555	240
535	257
464	257
499	187
555	187
535	191
464	191

207	262
146	262
224	247
274	247
207	207
146	207
224	201
274	201

1128	273
1016	261
1133	249
1242	257
1128	170
1016	170
1133	171
1242	170

821	222
806	218
937	218
962	221
821	173
806	173
937	173
962	173

582	213
615	213
616	219
578	219
582	180
615	180
616	181
578	181

1330	311
1149	288
1283	268
1448	283
1330	172
1149	172
1283	172
1448	172

1004	253
932	245
1039	238
1114	244
1004	174
932	174
1039	174
1114	174

326	228
293	228
318	223
348	223
326	199
293	199
318	197
348	197

