1.00000000	42.61894226	-16.07405951	-1.11803911	1.51485038	1.71224318	4.53831522	3.02685475
1.00000000	37.96509191	2.00618192	-1.40515278	1.46906185	1.55083725	3.65365116	3.12158203
1.00000000	49.11370528	-16.33816330	-1.09445844	2.32628226	1.86150764	4.76016340	-0.01670934
1.00000000	22.31795160	-22.09718227	-1.38405059	2.51176834	1.96352601	6.00998966	-1.60023260

911	196
879	196
860	194
889	194
911	169
879	169
860	169
889	169

585	208
554	208
560	204
589	204
585	178
554	178
560	177
589	177

828	192
854	192
878	193
849	193
828	159
854	159
878	157
849	157

1402	214
1475	217
1262	217
1209	213
1402	134
1475	131
1262	131
1209	135

