1.00000000	15.58393679	-3.44381583	-1.79400174	1.51549077	1.72393636	3.96258800	-0.02498610
1.00000000	21.11740614	-3.43634455	-1.79848478	1.55499172	1.67559809	4.41318280	-0.25353107
1.00000000	41.67523133	16.91595379	-1.67455957	1.48899722	1.53270630	3.89374181	3.12276959
1.00000000	46.56176818	16.24472518	-1.71935652	1.47053051	1.55678564	3.85242701	3.10486412
1.00000000	36.66230503	16.72600194	-1.70704184	1.51626849	1.56138869	3.65082182	-3.13737774
1.00000000	28.43927333	-3.32705096	-1.75737880	1.46384907	1.60750559	3.50544139	0.02009381
1.00000000	31.28226431	16.57127832	-1.77898572	1.50118876	1.54542797	4.26491468	3.13746142

722	249
795	250
844	272
750	272
722	186
795	186
844	190
750	190

711	232
764	233
756	247
691	245
711	183
764	184
756	186
691	186

314	213
287	213
317	209
342	209
314	186
287	186
317	184
342	184

358	210
333	210
357	207
380	207
358	186
333	186
357	185
380	185

278	218
245	218
280	214
309	214
278	186
245	186
280	185
309	185

671	219
710	219
725	225
681	226
671	184
710	184
725	185
681	185

216	227
177	227
233	220
267	220
216	190
177	190
233	188
267	188

