1.00000000	25.15633232	0.25341887	-1.29143713	1.76426208	1.73151995	3.87821919	-0.03708176
1.00000000	15.16283813	-7.35092665	-1.15298460	1.86554098	1.62871370	4.27049210	0.01728926
1.00000000	21.16790320	-7.43218347	-1.09020148	1.55397069	1.65194759	4.37306636	-0.00377332
1.00000000	29.74294612	-8.09115485	-0.95244895	1.48354399	1.52716668	3.72357996	-1.42890787

583	212
630	212
628	219
574	219
583	165
630	165
628	163
574	163

888	222
957	221
1077	238
986	238
888	142
957	142
1077	132
986	132

818	209
870	209
930	217
866	217
818	160
870	160
930	157
866	157

843	198
861	200
772	200
759	199
843	163
861	163
772	163
759	163

