1.00000000	13.86036998	8.58423333	-1.89820359	1.73899746	1.78162863	4.14988524	0.95368755
1.00000000	42.05586283	-15.81309030	-1.01261399	1.48233008	1.66255000	3.99496179	-1.18974173
1.00000000	13.55204080	-16.48255336	-1.27522514	1.56061733	1.64949925	4.29325982	1.39877975
1.00000000	30.53178536	11.96877580	-1.70941566	1.44846487	1.59914588	4.24330580	-2.43167496

59	278
158	268
262	286
155	300
59	189
158	187
262	190
155	192

900	193
921	193
866	194
846	193
900	168
921	168
866	167
846	168

1414	238
1337	231
1599	234
1715	242
1414	150
1337	153
1599	152
1715	149

364	224
324	226
290	220
327	219
364	188
324	189
290	187
327	186

