1.00000000	10.74390035	-4.96076283	-1.67637585	1.74818170	1.80095811	3.92053504	-0.49827588
1.00000000	38.21423430	16.56950649	-1.41986201	1.49273193	1.62494418	3.64943523	3.07691526
1.00000000	42.51638212	13.57624656	-1.57427297	1.53420591	1.61598419	3.69632777	-2.91733766
1.00000000	21.35409556	-7.54752285	-1.69646595	1.62196708	1.63553890	4.04178563	1.61343646
1.00000000	16.80934931	-16.69369811	-1.83970140	1.49714673	1.71580487	3.76142891	-1.42814159
1.00000000	46.46858416	-3.54227769	-1.65955184	1.45742965	1.66137234	4.01499491	0.04741323

906	267
1025	274
1034	317
870	303
906	167
1025	167
1034	165
870	165

293	211
262	211
298	207
326	207
293	181
262	181
298	180
326	180

391	209
360	210
367	207
395	206
391	182
360	182
367	181
395	181

811	235
794	231
925	230
953	235
811	177
794	177
925	177
953	177

1367	245
1458	252
1313	255
1233	247
1367	183
1458	184
1313	185
1233	184

650	203
674	203
683	206
656	206
650	181
674	181
683	182
656	182

