1.00000000	20.41970554	-3.39989160	-1.70908473	1.49613118	1.69459519	4.00084696	3.10395169
1.00000000	35.93153201	16.50857173	-1.67054675	1.46630049	1.47462330	3.87623310	3.14023471
1.00000000	25.69389343	16.51431887	-1.66357706	1.44172287	1.59233103	4.15708454	3.10858679
1.00000000	26.01550755	-3.39403152	-1.71323739	1.49727988	1.64083948	4.06585398	-3.11667657
1.00000000	31.00796750	16.53922734	-1.72271607	1.46439099	1.51205455	3.55109290	-3.01381016
1.00000000	33.30845582	-3.27550737	-1.66667769	1.53060842	1.60552671	3.65263600	0.04041023
1.00000000	41.47560220	16.72116832	-1.62282548	1.42932582	1.49787696	3.69928699	3.13436103
1.00000000	46.29507065	16.85406283	-1.49830506	1.31617880	1.45371023	3.93985635	3.06460047

779	245
711	244
697	231
753	231
779	185
711	185
697	183
753	183

273	218
242	218
280	214
308	214
273	187
242	187
280	185
308	185

123	235
75	235
159	226
200	226
123	191
75	191
159	188
200	188

741	229
692	229
677	221
719	221
741	184
692	184
677	182
719	182

225	226
185	226
221	220
256	220
225	189
185	189
221	188
256	187

661	212
694	212
707	216
670	216
661	180
694	180
707	181
670	181

317	212
290	212
318	209
343	209
317	186
290	186
318	185
343	185

343	207
320	206
349	204
370	204
343	185
320	185
349	184
370	184

