1.00000000	23.79543656	-4.47868799	-1.70248912	1.50452471	1.62465729	3.39175086	0.00495768
1.00000000	41.62370782	14.98595790	-1.32650624	1.78393960	1.64828175	4.27633210	-3.13774204
1.00000000	35.14252713	14.78140731	-1.30267785	1.63494468	1.66908565	4.25050447	-3.12388945
1.00000000	17.14493601	2.77036366	-1.65439818	1.59132075	1.64606744	3.89761454	-0.07216856
1.00000000	24.70648665	2.90888234	-1.60860084	1.64194238	1.61510518	3.84855427	-0.13647081
2.00000000	23.28218661	-3.19047727	-1.67654346	1.69627905	0.62554628	1.66060250	-0.00432594

716	225
763	225
787	233
733	233
716	182
763	182
787	183
733	183

350	206
320	206
348	203
375	203
350	173
320	173
348	173
375	173

304	211
267	211
305	207
338	206
304	175
267	175
305	175
338	175

480	241
542	241
511	259
433	258
480	180
542	180
511	182
433	182

517	222
560	222
535	231
485	230
517	177
560	177
535	178
485	178

699	227
718	227
726	231
705	231
699	176
718	176
726	176
705	176

