1.00000000	17.07274663	-11.06775434	-1.04697381	1.46090233	1.47109926	3.60622531	-3.09215951
1.00000000	25.70071471	-11.21461517	-1.09841249	1.58993959	1.62943523	3.81058109	3.04047704
1.00000000	23.06395832	-16.39911877	-1.03685425	1.41918063	1.56022342	3.55640650	3.02963543
1.00000000	34.18533175	3.02631980	-1.54111205	1.49993801	1.64253523	3.68374335	3.00742841
1.00000000	32.92387159	-16.33008342	-1.08054469	1.47337270	1.53671534	3.94678241	3.03032112

1184	222
1115	222
1010	213
1066	212
1184	152
1115	152
1010	156
1066	156

976	208
923	208
890	203
935	203
976	160
923	160
890	161
935	161

1197	208
1139	208
1075	202
1124	203
1197	159
1139	159
1075	161
1124	161

555	214
519	214
538	210
571	210
555	180
519	180
538	179
571	180

1009	200
971	200
939	197
973	197
1009	165
971	165
939	166
973	166

