1.00000000	4.38104052	2.67324197	-1.60616718	1.50139821	1.65409022	3.96042435	-0.00519339
1.00000000	22.58802966	2.84352804	-1.57956682	1.87319326	1.75884005	3.95595180	-0.00748882
1.00000000	11.34331603	2.59929958	-1.60217844	1.54079127	1.63657587	4.17783982	-0.01331495
1.00000000	18.22097301	14.66500885	-1.24310909	1.78409433	1.83009395	4.41720831	-3.13360190
1.00000000	30.70997439	2.46334829	-1.55754731	1.62434959	1.69607464	3.88375834	-0.00058114
1.00000000	26.93766544	14.95720462	-1.17113207	1.61573958	1.66668704	4.16293521	3.13239741
1.00000000	40.75299062	-4.42627982	-1.53219448	1.45148098	1.60987550	3.61017710	0.00335784
1.00000000	17.69796296	2.61527112	-1.60948191	1.51004481	1.59969047	3.52737559	-0.00416274
1.00000000	15.48062877	-4.62359880	-1.80621652	1.65233803	1.77795903	4.34719167	0.03455157
1.00000000	27.27503526	11.20524155	-1.18573735	1.60979784	1.74780049	4.08672220	-3.12238026
1.00000000	18.69618391	-12.67205038	-2.00137649	1.51291668	1.60269251	3.61698929	-1.48209667
2.00000000	3.41060569	-2.74362815	-1.79835186	1.71050787	0.59600947	1.76817179	-0.12981763

204	363
400	363
0	721
-560	719
204	185
400	185
0	208
-560	207

501	225
553	225
542	235
479	235
501	169
553	169
542	169
479	169

427	264
517	264
470	307
338	307
427	180
517	180
470	183
338	183

-16	242
-101	242
53	227
119	227
-16	160
-101	160
53	163
119	163

537	213
575	213
570	219
527	219
537	177
575	177
570	178
527	178

196	217
147	217
215	211
257	211
196	170
147	170
215	170
257	170

672	204
700	204
708	207
678	207
672	179
700	179
708	180
678	180

484	238
544	238
529	253
455	253
484	181
544	181
529	183
455	183

765	249
838	249
922	274
825	275
765	180
838	180
922	183
825	183

314	216
263	216
310	210
353	210
314	170
263	170
310	170
353	170

1149	246
1203	253
1065	255
1021	248
1149	190
1203	192
1065	192
1021	190

1081	481
1198	487
1590	738
1371	719
1081	176
1198	176
1590	179
1371	178

