1.00000000	11.44599664	-10.30243447	-1.22778366	1.50943899	1.63011488	4.32005587	-2.83619738
1.00000000	24.07943073	0.88936153	-1.68974493	1.56781244	1.74302835	3.91725082	-3.08731127
1.00000000	18.47662800	12.42112361	-2.16630403	1.46116006	1.65610047	3.98101650	-3.10650826
1.00000000	26.91722167	-7.25811783	-1.35900627	1.57569170	1.67869204	3.74359708	0.00786349
1.00000000	41.71021612	0.52660390	-1.69334732	1.59450018	1.67461320	3.77780921	-0.00679597

1520	262
1444	267
1107	237
1172	235
1520	146
1444	144
1107	153
1172	154

615	234
557	234
559	225
608	225
615	182
557	183
559	181
608	181

100	280
25	280
135	259
196	259
100	215
25	215
135	207
196	206

773	210
816	210
848	216
799	216
773	170
816	170
848	170
799	170

588	207
616	207
616	210
585	210
588	180
616	180
616	181
585	181

