1.00000000	5.36984143	3.20571096	-1.71778057	1.55923164	1.77683062	4.49227816	-0.01461758
1.00000000	33.04262914	-14.29227151	-1.71577499	1.69858503	1.80574138	4.17600745	1.60192823
1.00000000	13.09844695	0.53665512	-1.70196162	1.68842304	1.73170943	3.71182812	0.09096791
1.00000000	33.64457331	-21.86734739	-1.71967135	2.48476267	2.02452525	5.82974773	1.73216236
1.00000000	40.00149275	-21.49604998	-1.63131414	1.60165238	1.61597368	3.93367974	1.61450624
1.00000000	36.36075823	-11.94040148	-1.67428027	1.53166604	1.75022765	3.94942196	2.04943275

217	343
391	343
28	615
-415	611
217	189
391	189
28	217
-415	216

889	214
872	212
961	212
982	214
889	175
872	175
961	175
982	175

535	260
621	259
646	288
533	290
535	176
621	176
646	178
533	178

1044	212
1012	210
1120	209
1158	211
1044	156
1012	157
1120	157
1158	157

974	205
958	204
1027	203
1045	205
974	175
958	175
1027	175
1045	175

833	211
807	210
865	208
892	209
833	179
807	179
865	178
892	179

