1.00000000	5.85923634	2.76023463	-1.64160464	1.44482791	1.68501123	4.22528543	-0.00443591
1.00000000	41.29295600	11.92979311	-1.15746639	2.04297996	1.90205041	4.80949408	-3.14053464
1.00000000	25.09678289	2.72258206	-1.44565723	1.64887786	1.64200930	4.00093323	-0.01237107
1.00000000	16.08503869	11.31706991	-1.48714540	1.54043937	1.79486181	4.31023805	3.12118602
1.00000000	27.44210394	15.19897361	-1.36009143	1.58874130	1.63067673	4.03819931	-3.05886555
1.00000000	12.00713735	2.91362562	-1.62300525	1.54345024	1.61836320	3.50112288	-0.01549133
1.00000000	17.07394750	2.91674012	-1.56497894	1.75564575	1.76507235	3.95330222	0.03877262
1.00000000	9.91860440	-4.31280136	-1.72282897	1.80477262	1.74539152	4.29264683	0.02692331
1.00000000	38.59487835	15.76252486	-1.18339978	1.55090022	1.67368415	3.98914187	3.06071997
1.00000000	35.16873560	-4.21437715	-1.35799716	1.42426991	1.56389977	3.32811914	0.05620621
1.00000000	32.92533222	15.63252901	-1.30554531	1.62303698	1.58372741	3.98203323	-3.12926602
1.00000000	20.98462331	15.23438253	-1.40631102	1.60747361	1.66380562	4.09052560	3.13589907

279	328
437	328
223	518
-127	517
279	192
437	192
223	217
-127	216

405	203
370	203
396	200
428	200
405	165
370	165
396	166
428	166

517	217
561	217
551	225
499	225
517	173
561	173
551	173
499	173

59	262
-33	262
124	241
195	241
59	181
-33	181
124	179
195	179

204	222
155	222
210	215
252	215
204	176
155	176
210	176
252	176

415	264
502	264
460	296
344	295
415	181
502	181
460	184
344	184

463	238
531	238
518	255
431	255
463	170
531	170
518	170
431	170

821	277
927	277
1120	336
955	337
821	166
927	166
1120	163
955	163

310	206
278	206
317	202
346	202
310	175
278	175
317	175
346	175

677	204
707	204
721	207
687	207
677	176
707	176
721	176
687	176

262	213
225	213
268	209
301	209
262	175
225	175
268	175
301	175

54	239
-9	239
102	227
155	227
54	176
-9	176
102	176
155	176

