1.00000000	17.25546435	4.49096278	-1.84367548	1.53007400	1.72975001	4.48893089	0.04821710
1.00000000	13.88632498	-7.86111982	-1.49857471	1.48177707	1.56864743	3.73352546	2.06289339
1.00000000	27.71731427	15.16805699	-2.15463654	1.54380941	1.76869866	4.19530680	-3.04266334
1.00000000	11.12759615	-8.13981985	-1.49458132	1.49545264	1.54274733	3.45027227	2.16006017
1.00000000	16.71088871	-7.34066587	-1.55807159	1.49867201	1.64565554	3.81545644	2.11847067
1.00000000	20.32277082	14.17939036	-2.06271801	1.46061397	1.60616856	3.84667045	-3.03969884
1.00000000	19.89866809	-7.16031100	-1.56992171	1.52356291	1.63241248	3.84739167	2.14073896
1.00000000	8.11462402	-8.19868038	-1.46831797	1.44426501	1.54684108	3.70181548	1.41773963
1.00000000	32.01483676	3.73180289	-1.87057374	1.59887934	1.76083163	3.93820029	0.17599970
1.00000000	43.32480180	19.80868390	-2.47669838	1.44526410	1.64160368	3.73448949	-3.02119803

406	247
472	247
441	270
355	270
406	190
472	190
441	195
355	195

1009	261
928	252
1047	243
1130	250
1009	173
928	173
1047	173
1130	173

212	244
159	245
213	234
258	234
212	200
159	201
213	197
258	196

1172	286
1045	272
1144	256
1261	266
1172	169
1045	169
1144	170
1261	169

914	250
849	243
952	235
1018	241
914	176
849	176
952	176
1018	176

90	265
21	266
111	250
167	249
90	208
21	208
111	202
167	201

853	238
803	233
894	227
945	231
853	177
803	176
894	176
945	176

1230	309
1142	285
1496	293
1671	320
1230	167
1142	168
1496	168
1671	167

504	219
542	219
550	225
508	225
504	185
542	185
550	186
508	186

283	226
252	226
275	222
302	221
283	201
252	201
275	198
302	198

