1.00000000	17.54410016	-3.43506462	-1.73451708	1.56630659	1.73223536	4.02381295	3.10526109
1.00000000	23.11958765	-3.43817912	-1.73808251	1.52963328	1.64428134	4.24247008	-3.12112975
1.00000000	30.44353284	-3.38083568	-1.65069173	1.49572587	1.61129079	3.56563204	0.04491866
1.00000000	48.57880442	16.31722701	-1.68113337	1.46469092	1.49646448	4.07590207	2.97079563
1.00000000	43.45132928	16.97215532	-1.68771348	1.44694889	1.51065384	3.76515420	3.13933277
1.00000000	38.54132452	16.67893560	-1.61700414	1.47205007	1.57433215	3.60380035	-3.14076614
1.00000000	10.45255285	-10.21698274	-1.56073401	1.49988341	1.62229899	3.74659519	-1.51305950

813	258
731	258
711	240
776	240
813	184
731	184
711	181
776	181

762	237
705	237
686	226
733	226
762	184
705	184
686	182
733	182

667	214
704	214
719	220
679	220
667	181
704	181
719	182
679	182

361	208
340	208
371	205
391	205
361	185
340	185
371	184
391	184

327	212
301	212
327	208
351	208
327	186
301	186
327	185
351	185

296	214
265	214
296	211
324	211
296	185
265	185
296	184
324	184

1398	269
1540	286
1270	288
1165	271
1398	171
1540	171
1270	171
1165	171

