1.00000000	9.17499567	7.96530623	-1.69570110	1.52409530	1.78121893	4.33769791	0.38379714
1.00000000	17.98769926	-8.12338026	-1.22868119	1.59706080	1.63289607	4.08744687	3.12291765
1.00000000	13.41407801	22.25143031	-2.02683614	1.53202546	1.72687455	3.97584689	-2.45287752
1.00000000	21.61430811	1.02828678	-1.42956875	1.48032153	1.64797306	3.89328568	2.61296558
1.00000000	18.49676433	-2.43746607	-1.38923142	1.44626284	1.53632744	3.60625825	2.88122296
1.00000000	20.21248968	11.87533077	-1.60368143	1.62811792	1.67268828	4.17185049	0.69084907
1.00000000	26.24350096	4.50754166	-1.44432960	1.44057667	1.65925998	3.77692612	2.48893881
1.00000000	24.08422671	2.86048588	-1.40968547	1.48024225	1.62593565	3.53153536	2.61686325
1.00000000	19.17601385	-11.12195316	-1.15556262	1.44504547	1.53127344	3.75190346	-3.02395916
1.00000000	8.25652637	21.22879530	-2.17772869	1.49504828	1.62765227	3.99297821	-2.55789280
1.00000000	19.98265668	-13.74507327	-1.09643291	1.45205140	1.49780433	3.57971223	-3.10346723
1.00000000	28.38872106	6.73339241	-1.37949203	1.44116640	1.67434874	4.04885443	-0.12304801
2.00000000	9.81259722	18.67321918	-1.97109548	1.69154358	0.49074351	1.77724032	-0.32925251

-40	295
103	288
-15	352
-261	371
-40	191
103	190
-15	200
-261	203

1023	230
947	230
880	218
940	218
1023	157
947	157
880	160
940	160

-593	311
-800	324
-622	291
-470	283
-593	220
-800	224
-622	213
-470	210

563	232
514	230
588	221
633	223
563	176
514	176
588	176
633	176

733	238
666	236
689	225
745	226
733	174
666	174
689	174
745	174

136	236
201	233
233	244
158	248
136	180
201	180
233	181
158	182

461	223
429	221
507	216
539	218
461	180
429	180
507	179
539	179

511	226
470	224
536	218
574	219
511	177
470	177
536	176
574	176

1122	221
1063	222
966	213
1015	213
1122	160
1063	160
966	163
1015	163

-1460	430
-1945	470
-1191	362
-934	345
-1460	270
-1945	285
-1191	244
-934	238

1198	216
1139	216
1046	209
1095	209
1198	158
1139	158
1046	160
1095	160

436	212
475	213
440	219
396	218
436	178
475	178
440	179
396	179

-671	324
-658	326
-954	356
-964	353
-671	207
-658	208
-954	215
-964	214

