1.00000000	23.28853607	-10.93910493	-1.24026595	1.45879340	1.54838938	3.77139826	-3.05322695
1.00000000	47.88073490	2.83606429	-1.82120405	1.43247700	1.54367356	3.62513630	2.72355866
1.00000000	16.84472435	-16.19676979	-1.26325844	1.46722353	1.62641030	3.97472068	-3.12558651
1.00000000	31.79054260	-11.14414491	-1.32331036	1.50760853	1.53193380	3.70224652	2.97482538
1.00000000	29.21304201	-15.97551233	-1.23648379	1.48103976	1.37464514	3.62972649	-3.13303471

1016	216
966	217
902	210
945	210
1016	167
966	167
902	168
945	168

565	208
544	208
569	205
590	206
565	186
544	186
569	185
590	185

1456	231
1377	231
1210	219
1272	219
1456	159
1377	159
1210	162
1272	162

894	208
855	208
841	204
876	204
894	171
855	171
841	171
876	171

1055	207
1018	207
969	203
1001	203
1055	167
1018	167
969	168
1001	168

