1.00000000	17.88282143	-2.81042300	-1.74425087	1.88059902	1.85849290	4.02811421	-0.06916837
1.00000000	19.16871447	12.01701666	-1.64196990	1.47186697	1.66005100	3.94318888	-3.07418823
1.00000000	27.59253853	-8.97520341	-1.69494293	1.46394944	1.64817901	4.00836781	-0.92814881
1.00000000	36.23356317	-21.50625963	-1.93786953	1.51208496	1.71370883	4.00337514	1.68594897

686	239
755	240
780	257
693	257
686	170
755	170
780	170
693	170

142	253
68	253
161	238
221	238
142	190
68	190
161	187
221	187

861	217
898	219
834	224
797	221
861	181
898	181
834	182
797	182

1017	214
994	212
1067	212
1093	213
1017	183
994	182
1067	182
1093	183

