1.00000000	7.45499385	-3.09804113	-1.69046495	1.49921334	1.67455234	3.99681361	-0.01418520
1.00000000	38.37328710	16.64749196	-1.61513577	1.56731069	1.62769478	3.99166314	3.09833908
1.00000000	12.87894751	-3.27399153	-1.68766723	1.48717761	1.63968441	4.27560587	-0.00778937
1.00000000	20.37340591	-3.21653517	-1.61600063	1.54925609	1.59150644	3.50112570	0.04065107
1.00000000	28.35096058	16.84255600	-1.67033504	1.50085831	1.54933255	3.75903782	-3.03760600
1.00000000	33.32922835	17.08223443	-1.65668271	1.50751615	1.53747781	3.73496570	-3.08584976
1.00000000	25.48991755	-3.05184314	-1.60391615	1.49139214	1.50547545	3.39091201	0.04127153
1.00000000	22.98023575	16.73686379	-1.76123486	1.48873580	1.59589021	4.22505266	-3.13785362
1.00000000	29.96226863	-3.01853481	-1.60296450	1.48801494	1.52366946	3.57391834	-0.01868270

795	303
928	303
1166	405
931	404
795	185
928	185
1166	195
931	195

292	215
260	215
298	210
327	210
292	183
260	183
298	182
327	182

734	256
814	256
896	291
783	290
734	183
814	183
896	188
783	188

689	229
742	229
773	240
710	240
689	178
742	178
773	179
710	179

175	229
130	230
181	222
220	222
175	188
130	188
181	186
220	186

236	221
200	221
239	216
272	216
236	186
200	186
239	185
272	185

671	220
711	220
730	226
684	227
671	180
711	180
730	181
684	181

53	246
-2	246
101	234
148	234
53	194
-2	194
101	190
148	190

663	214
698	214
708	219
669	219
663	180
698	180
708	181
669	181

