0.00000000	23.10542809	-2.86263667	-1.52755747	1.64695096	0.66894873	0.93578641	0.43799445	23.282085300217197	1.6940627328977211
0.00000000	23.65888294	-2.27313042	-1.53509031	1.77864933	0.71352995	0.93267317	0.22355814	23.767832544743168	1.6665816733044576
0.00000000	11.86390676	-9.56904763	-1.26120565	1.70544672	0.78831205	0.98362471	-1.21153104	15.242012864290015	2.2495293398086043
0.00000000	14.50342379	-7.43523899	-1.33584199	1.67042232	0.67680266	0.95422017	1.82774711	16.29822323048602	2.044515855729497
0.00000000	16.39931955	-9.63060856	-1.13949559	1.73972011	0.71761059	0.92844022	2.66838551	19.018052027980087	2.101792977579139
0.00000000	12.00223847	-12.29751110	-1.22912953	1.69441390	0.70241525	0.95381729	-0.26123506	17.183786181903308	2.368345154452885
0.00000000	15.37311956	-11.77672963	-1.13348470	1.70567310	0.72496149	1.00465668	1.00491250	19.365540678849495	2.22449675796805
0.00000000	15.67534397	-10.57643514	-1.13702558	1.79862666	0.73130084	0.97070619	2.32102227	18.909716783929955	2.164352167133315
1.00000000	10.22730940	5.20061945	-1.64688156	1.42895758	1.56735417	3.87159743	-3.13140106	11.473635004960139	1.100369328973355
1.00000000	20.55730318	4.97026694	-1.49101613	1.60601735	1.70078168	3.82946573	-0.00202893	21.14961624922058	1.333572547833805
1.00000000	25.96827557	4.62685635	-1.42698560	1.44224155	1.64150015	3.78147615	3.13006806	26.377246553857628	1.3944732109174496
2.00000000	34.28403202	-1.69091727	-1.35225437	1.66432488	0.63128052	1.61683120	-3.02427101	34.32570542264746	1.62007723369212
