0.00000000	31.45881703	16.48488547	-0.68210123	1.93612599	0.63124448	0.47670536	0.44218248
0.00000000	27.14068011	10.24421140	-1.18961571	1.86309338	0.73718091	0.97687252	3.13388872
0.00000000	26.96453145	10.96409497	-1.16932629	1.90084624	0.68881041	1.01279460	-3.06592178
0.00000000	19.38879866	10.32712585	-1.28817103	1.73679376	0.71131469	1.39351597	-3.00740886
1.00000000	24.80199713	-19.25598759	-2.04182832	1.55671763	1.68908129	4.00344510	-3.12230611
1.00000000	24.06557987	-16.38927460	-1.93362109	1.46487653	1.58464030	3.32098070	0.07780909
1.00000000	24.45966068	-13.78339090	-1.99849329	1.58115828	1.65419343	3.57997198	0.07531632
1.00000000	37.16127496	-0.83538859	-1.32680247	1.45816684	1.58274785	3.37745390	0.04241702
2.00000000	16.02633878	5.33175719	-1.49378500	1.62653399	0.57509436	1.75041478	0.93801695
2.00000000	19.38879866	10.32712585	-1.28817103	1.73679376	0.71131469	1.39351597	-3.00740886

221	195
237	195
237	195
220	195
221	151
237	151
237	151
220	151

338	210
319	210
329	209
348	209
338	160
319	160
329	161
348	161

318	210
299	210
308	209
326	209
318	159
299	158
308	159
326	159

225	228
196	229
218	225
245	225
225	162
196	161
218	163
245	163

1236	230
1184	230
1094	223
1139	223
1236	181
1184	181
1094	181
1139	181

1035	223
1077	223
1156	229
1109	229
1035	182
1077	182
1156	182
1109	182

954	225
998	224
1069	231
1019	232
954	181
998	181
1069	182
1019	182

603	199
632	199
638	201
606	201
603	173
632	173
638	172
606	172

330	243
353	241
401	245
378	247
330	171
353	171
401	170
378	170

225	228
196	229
218	225
245	225
225	162
196	161
218	163
245	163

