0.00000000	25.79016936	12.44257375	-1.04643975	1.83981216	0.69503549	1.11761446	-3.13038492
0.00000000	8.82593770	-5.04001065	-1.63737343	1.72326136	0.69419514	0.83086679	-1.09084964
0.00000000	23.56424583	8.39914272	-1.20807360	1.78031218	0.83753435	1.10972006	0.18946695
0.00000000	31.69107437	11.80397837	-0.86183689	1.81206965	0.72532320	0.77569202	0.09428543
0.00000000	40.71929329	10.58844767	-0.86933110	1.83495450	0.70427915	1.01916610	-0.15608400
0.00000000	31.77925913	10.89784472	-0.87979839	1.81186819	0.71812915	0.88297427	0.08374895
0.00000000	31.54260987	16.46768168	-0.77858351	1.86458015	0.58143382	0.39602459	1.16121173
0.00000000	31.64240436	12.96012527	-0.86569117	1.84828544	0.66574004	0.64141946	3.09559870
1.00000000	24.08207341	-16.35378474	-1.95850537	1.45889425	1.58812827	3.31285376	0.07499678
1.00000000	24.78151070	-19.28038032	-2.05518154	1.53991795	1.68717519	3.95116586	-3.13424468
1.00000000	37.16319737	-0.86969827	-1.31874083	1.52669394	1.56485281	3.18337146	0.04493067
1.00000000	24.44080052	-13.78624816	-2.05569593	1.60181665	1.68856759	3.51265041	0.06843651

261	209
241	209
256	207
275	207
261	156
241	156
256	157
275	157

1019	295
1076	303
1034	309
977	300
1019	160
1076	158
1034	157
977	159

338	214
364	214
359	215
332	215
338	161
364	161
359	160
332	160

331	198
348	197
343	198
326	198
331	157
348	157
343	157
326	157

416	193
427	193
420	193
408	193
416	161
427	161
420	160
408	160

353	198
369	198
364	198
347	198
353	157
369	157
364	157
347	157

221	197
233	197
239	197
228	197
221	155
233	155
239	155
228	155

315	198
300	198
307	198
321	198
315	156
300	156
307	157
321	157

1034	223
1076	223
1154	230
1107	230
1034	183
1076	183
1154	183
1107	183

1236	231
1184	231
1096	223
1141	223
1236	182
1184	182
1096	182
1141	182

604	199
633	199
638	201
607	201
604	171
633	171
638	170
607	170

955	226
999	226
1069	233
1018	233
955	182
999	182
1069	183
1018	183

