0.00000000	15.96532621	3.78209164	-1.48699043	1.68433762	0.72449759	0.72918926	0.45847547
0.00000000	7.30227106	-3.89918528	-1.65226541	1.74924612	0.63413127	1.09191890	-2.23428082
0.00000000	31.47829457	16.47558714	-0.68083761	1.89851356	0.58729519	0.42583009	1.23912454
0.00000000	22.68155750	10.70287855	-1.10113857	1.96316516	0.67273582	1.09194564	-3.07824421
0.00000000	31.51627089	9.16139452	-1.08802829	1.64969766	0.65229319	1.00627110	0.07815737
0.00000000	22.91860831	9.83637760	-1.11714290	1.95337462	0.76504632	1.11416272	-3.07456350
0.00000000	43.03390101	15.39307394	-0.59880898	1.77265954	0.63636577	0.73190143	0.18475382
0.00000000	43.21086783	14.70086198	-0.64219521	1.77646184	0.64266426	0.69840739	0.17481041
0.00000000	43.73834008	13.96566692	-0.71815584	1.76406264	0.64007832	0.77244577	0.12317040
0.00000000	34.95448012	-3.92549665	-1.46406529	1.85635257	0.67014694	0.90896283	-0.18978590
0.00000000	9.13933955	-3.82682399	-1.59784863	1.62561381	0.63458179	1.17896238	-2.14900780
1.00000000	24.11050546	-16.36108787	-1.93473373	1.47642863	1.60503874	3.38922017	0.07207260
1.00000000	24.75318909	-19.25976025	-2.03403441	1.51163995	1.66396608	3.88997950	-3.11831689
1.00000000	24.43438329	-13.78586418	-2.01919625	1.59555173	1.70342044	3.58211273	0.05474268
1.00000000	37.36622208	-0.76245509	-1.28740821	1.50003469	1.56243742	3.45649907	0.05801720
2.00000000	12.21145454	1.26375148	-1.55484126	1.62551594	0.78909044	1.56734084	2.43823242

414	242
446	241
454	244
421	245
414	167
446	167
454	167
421	166

1072	334
1065	346
935	330
950	320
1072	155
1065	153
935	155
950	157

220	195
231	195
239	195
228	195
220	152
231	152
239	152
228	152

269	214
247	214
262	213
283	213
269	151
247	151
262	152
283	152

391	202
406	202
401	203
386	203
391	165
406	165
401	165
386	165

302	214
277	214
290	212
314	212
302	151
277	151
290	153
314	153

344	188
355	188
353	188
342	189
344	159
355	159
353	159
342	159

356	189
367	189
365	189
354	189
356	160
367	160
365	160
354	159

372	190
382	190
380	190
369	190
372	161
382	161
380	161
369	161

678	203
691	204
690	204
676	204
678	166
691	166
690	166
676	166

969	296
963	304
859	295
870	288
969	165
963	164
859	165
870	166

1033	223
1075	222
1155	229
1107	229
1033	182
1075	182
1155	182
1107	182

1236	230
1185	230
1097	223
1140	223
1236	183
1185	183
1097	182
1140	182

955	225
1000	225
1069	232
1018	232
955	182
1000	182
1069	182
1018	182

601	199
630	199
636	200
605	200
601	171
630	171
636	170
605	170

512	273
479	268
547	260
579	264
512	168
479	169
547	170
579	170

