0.00000000	23.22205493	10.69864474	-1.08997891	1.91202152	0.69272981	1.05924912	-3.10016227
0.00000000	16.27153095	4.03471495	-1.46579955	1.65324545	0.71949888	0.91538617	0.44425943
0.00000000	31.49178906	16.46990274	-0.74423514	1.92427516	0.62067591	0.47767507	1.04188192
0.00000000	34.69070886	-3.92649550	-1.45269833	1.84084415	0.66901038	0.99266877	-0.35059458
0.00000000	32.06575293	9.23705352	-1.08525393	1.69233418	0.73922543	0.94689437	0.14990760
0.00000000	8.09694968	-2.94452215	-1.62529502	1.71088779	0.60754371	1.42446301	1.62343991
0.00000000	43.49232724	15.50517584	-0.67115067	1.76240420	0.69284416	0.96604534	0.27274340
1.00000000	24.13452299	-16.37074634	-1.93741314	1.47947681	1.60137682	3.32246486	0.06007539
1.00000000	24.80061180	-19.26455560	-2.04783462	1.54109001	1.67833676	3.92405610	-3.12585425
1.00000000	24.51897671	-13.78845290	-2.01722191	1.61796904	1.67753179	3.60986935	0.06881341
1.00000000	37.31213871	-0.83307467	-1.29112933	1.50816154	1.55035022	3.42207833	0.07618086
2.00000000	34.33082982	1.44308241	-1.36830745	1.75178933	0.67868899	1.77404300	0.06601417
2.00000000	9.91658286	-2.76858430	-1.60323296	1.66816378	0.67534525	1.54558561	0.20908934
2.00000000	8.09694968	-2.94452215	-1.62529502	1.71088779	0.60754371	1.42446301	1.62343991
2.00000000	12.91949373	2.38859277	-1.53315018	1.72759974	0.72435588	1.46611160	1.47994542

278	213
255	213
270	212
291	212
278	153
255	153
270	154
291	154

406	240
438	239
447	242
414	243
406	168
438	168
447	167
414	167

220	197
233	196
240	196
226	197
220	153
233	153
240	153
226	153

680	203
693	204
689	204
675	204
680	166
693	166
689	166
675	166

391	201
408	201
405	202
388	202
391	164
408	164
405	164
388	164

822	321
802	310
924	309
953	320
822	158
802	160
924	160
953	159

344	189
356	189
355	190
342	190
344	161
356	161
355	160
342	160

1034	223
1077	223
1154	229
1105	229
1034	182
1077	182
1154	182
1105	182

1235	230
1183	230
1096	223
1140	223
1235	182
1183	182
1096	182
1140	182

954	225
997	225
1068	232
1018	232
954	181
997	181
1068	181
1018	181

602	199
630	199
638	200
607	201
602	171
630	171
638	170
607	170

566	203
580	203
581	204
567	204
566	168
580	168
581	167
567	167

763	280
806	279
865	295
816	297
763	165
806	165
865	163
816	163

822	321
802	310
924	309
953	320
822	158
802	160
924	160
953	159

425	262
438	258
516	259
507	263
425	163
438	164
516	164
507	163

