0.00000000	26.51200796	9.34351369	-1.19093464	1.76505685	0.86437668	1.06380033	3.12948775
0.00000000	43.57792704	11.36102927	-0.83041142	1.78987646	0.63321018	1.02316816	-0.07647724
0.00000000	10.91234308	-2.24651537	-1.52287863	1.71041632	0.85517803	0.99580021	0.37154236
0.00000000	31.46633851	16.47147379	-0.67512320	1.90385485	0.54469622	0.40096641	1.36992121
0.00000000	36.45241637	14.06888962	-0.61688445	1.85676265	0.72320566	0.71679722	-0.11099358
0.00000000	35.11546035	14.53775356	-0.63259027	1.85178506	0.69325417	0.66850687	0.27001020
0.00000000	40.60934970	13.74748381	-0.66707776	1.95200562	0.78001430	0.71249518	-0.53943974
0.00000000	34.98672686	11.43459270	-0.80057452	1.76706243	0.82479684	0.91247159	-0.05936588
0.00000000	26.80187476	-4.13418067	-1.62035857	1.80319071	0.64299475	1.08717813	0.17327602
1.00000000	24.09525671	-16.36643096	-1.94304858	1.45945144	1.58538411	3.33680573	0.06761297
1.00000000	24.77106044	-19.25909017	-2.04733078	1.51531005	1.66665253	3.85729827	-3.13098764
1.00000000	37.15770621	-0.81145638	-1.30106447	1.51084018	1.54885901	3.17802429	0.04841765
1.00000000	24.42429442	-13.76904814	-2.00724332	1.55233240	1.64657219	3.53954466	0.06806172
1.00000000	36.38293869	11.99652270	-0.72399447	1.71948612	1.64928750	1.38384653	-0.10955662

358	211
334	211
345	209
368	209
358	162
334	162
345	163
368	163

415	191
425	191
420	191
409	191
415	162
425	162
420	162
409	162

714	269
761	267
801	275
750	277
714	158
761	159
801	157
750	156

221	195
230	195
238	195
229	195
221	152
230	152
238	152
229	151

325	191
338	191
331	191
318	191
325	155
338	155
331	154
318	154

301	192
316	192
314	192
299	192
301	154
316	154
314	154
299	154

362	190
372	190
361	190
352	190
362	156
372	156
361	155
352	156

366	194
382	194
375	195
358	195
366	159
382	159
375	158
358	158

702	216
718	216
728	217
711	217
702	169
718	169
728	168
711	168

1034	223
1076	223
1155	229
1107	229
1034	182
1076	182
1155	183
1107	183

1235	230
1183	230
1097	223
1141	223
1235	183
1183	183
1097	182
1141	182

603	199
631	199
637	201
606	201
603	171
631	171
637	170
606	170

955	225
998	225
1068	232
1019	232
955	182
998	182
1068	183
1019	183

359	192
389	192
378	193
346	192
359	159
389	159
378	158
346	158

