0.00000000	8.59893560	-5.30423616	-1.61723886	1.76549411	0.67815169	0.82744454	-2.18515635	10.103297218928033	2.123512035321403
0.00000000	40.44381443	10.43148041	-0.90407763	1.83802199	0.70744149	1.08915160	-0.48188409	41.76742641332466	1.3183726383719832
0.00000000	31.38215918	11.66479964	-0.83555804	1.80880642	0.76124182	0.79762528	0.13638940	33.47995617440684	1.21492051149934
0.00000000	31.53971120	10.80854566	-0.85375200	1.79390454	0.75551601	0.90631654	0.09927265	33.340336558944784	1.2406428090167096
0.00000000	26.62584405	11.97585307	-1.05123017	1.76714289	0.66657482	0.92684281	-3.10311389	29.195147338712797	1.1481228397192518
0.00000000	31.54558884	16.47787596	-0.74213932	1.87502706	0.58739315	0.40765197	0.90224767	35.589950427269194	1.0894280662940876
0.00000000	24.92391938	12.16064001	-1.07969449	1.83275914	0.67759909	1.09195599	-3.11787486	27.73234434218558	1.116867072436198
0.00000000	23.23772280	8.34828176	-1.24020646	1.72652507	0.82576228	1.17453964	0.19266735	24.691811785974487	1.2258999077719948
1.00000000	24.77841879	-19.24282438	-2.05062453	1.54151165	1.69273129	3.94347059	-3.12774205	31.372859733408866	2.2311028225079483
1.00000000	24.13802649	-16.39913195	-1.95229648	1.44216204	1.59346351	3.32317384	0.08239629	29.181772590873443	2.1675556911043836
1.00000000	37.15487279	-0.86989403	-1.31874631	1.53654718	1.58522349	3.19551292	0.04830533	37.16505465709034	1.5942047002376505
1.00000000	24.42952959	-13.78384891	-2.01147072	1.55799460	1.69127144	3.55323083	0.05477093	28.049891385928643	2.084498236662231
