0.00000000	19.81019221	7.61170889	-1.32212875	1.80147195	0.76951698	1.14150612	-2.68534851	21.22220129070615	1.2039565541013464
0.00000000	31.47973261	16.42027152	-0.69704936	1.95488811	0.61212700	0.43536981	1.35113275	35.504913490777874	1.090007351463394
0.00000000	41.76240720	12.88683540	-0.80942796	1.88788176	0.68160452	0.95060766	0.12262594	43.70548228500979	1.2714912309648063
0.00000000	15.72282063	3.55622894	-1.49986790	1.76194096	0.75938953	0.91139878	0.83420521	16.119983028429253	1.3483565245396218
0.00000000	23.77820517	9.58708964	-1.22362659	1.89422381	0.81727324	1.65050234	0.14284326	25.63816157356081	1.187544602602636
0.00000000	32.83306674	11.03722673	-0.88585816	1.67730737	0.93736437	1.14663675	0.01143092	34.63857164264601	1.2465022089745812
1.00000000	24.07013743	-16.32998052	-1.94008658	1.44525933	1.57243029	3.31742607	0.08121577	29.08676296329082	2.1669008191987844
1.00000000	24.75124660	-19.25712887	-2.05433724	1.51047659	1.67036747	3.89252148	-3.12606215	31.36018527639464	2.231994528243437
1.00000000	24.44410826	-13.78880049	-2.00478850	1.59298980	1.67341671	3.54706770	0.04349941	28.06502178120702	2.084396631860493
1.00000000	37.16501186	-0.82064428	-1.33781181	1.49179387	1.58019097	3.25078149	0.03987093	37.17407111937348	1.5928738374092006
2.00000000	23.77820517	9.58708964	-1.22362659	1.89422381	0.81727324	1.65050234	0.14284326	25.63816157356081	1.187544602602636
