0.00000000	21.00622278	10.59711607	-1.14060781	1.95704019	0.68838102	1.06731065	-3.10573435	23.527861451565105	1.1035750601961822
0.00000000	21.22056359	9.59129333	-1.17909191	1.84976876	0.72297415	1.15467663	-3.10441709	23.28744783825261	1.146296151690981
0.00000000	14.75105913	2.49201624	-1.53592775	1.74620080	0.83342336	0.85897155	0.58485508	14.960076550512035	1.403438401229209
0.00000000	31.37499408	16.46555850	-0.72165487	1.96789050	0.64097066	0.46916459	1.00333476	35.43310415751007	1.0875070834651621
0.00000000	41.34119937	14.96726839	-0.77485631	1.82599807	0.64334611	0.74730680	0.41305748	43.96719104523714	1.2234338217499552
0.00000000	41.52808189	14.30810627	-0.80006299	1.83921409	0.66166646	0.69358325	0.37357658	43.92383738354562	1.238993455832931
0.00000000	35.67015246	-3.98302455	-1.45746789	1.76941741	0.61283731	0.85158238	-0.11015268	35.89184114928554	1.681998349904598
0.00000000	42.06500555	13.54770409	-0.82924603	1.83695126	0.62638270	0.78407024	1.63129532	44.192815909735074	1.2592205006769046
1.00000000	24.77923443	-19.24084739	-2.04176209	1.53323150	1.67668462	3.90066787	-3.12521958	31.37229139259941	2.2310371047945488
1.00000000	24.06194587	-16.35407711	-1.94093518	1.46028221	1.59900471	3.28133828	0.07834710	29.093522941896122	2.1677442907488773
1.00000000	37.36384291	-0.84329906	-1.31037090	1.53059363	1.60571447	3.45261254	0.03261627	37.373358295820225	1.5933624186500341
1.00000000	24.31760587	-13.77540262	-1.95921658	1.49419355	1.61107261	3.39410650	0.07095788	27.948303572699388	2.0862029457904026
2.00000000	9.48148966	-2.60208531	-1.57855008	1.66250706	0.63517835	1.63158492	1.37018871	9.832064591590349	1.8386403926524357
2.00000000	28.02711035	1.14285318	-1.43413446	1.79332685	0.66759194	1.75073413	-3.13428283	28.050401565077696	1.5300422007180217
