0.00000000	23.22205493	10.69864474	-1.08997891	1.91202152	0.69272981	1.05924912	-3.10016227	25.568043226744333	1.139071322446408
0.00000000	16.27153095	4.03471495	-1.46579955	1.65324545	0.71949888	0.91538617	0.44425943	16.7642967101087	1.3277370701664732
0.00000000	31.49178906	16.46990274	-0.74423514	1.92427516	0.62067591	0.47767507	1.04188192	35.53857727124983	1.0889260279689446
0.00000000	34.69070886	-3.92649550	-1.45269833	1.84084415	0.66901038	0.99266877	-0.35059458	34.91221345204	1.6835024625080746
0.00000000	32.06575293	9.23705352	-1.08525393	1.69233418	0.73922543	0.94689437	0.14990760	33.36968187890241	1.2903237849126894
0.00000000	8.09694968	-2.94452215	-1.62529502	1.71088779	0.60754371	1.42446301	1.62343991	8.615730080050833	1.9195866167982236
0.00000000	43.49232724	15.50517584	-0.67115067	1.76240420	0.69284416	0.96604534	0.27274340	46.173509792743346	1.228339350144344
1.00000000	24.13452299	-16.37074634	-1.93741314	1.47947681	1.60137682	3.32246486	0.06007539	29.16293084865549	2.1668180893244555
1.00000000	24.80061180	-19.26455560	-2.04783462	1.54109001	1.67833676	3.92405610	-3.12585425	31.403717106734206	2.2312159024062703
1.00000000	24.51897671	-13.78845290	-2.01722191	1.61796904	1.67753179	3.60986935	0.06881341	28.13008446985257	2.083078227032664
1.00000000	37.31213871	-0.83307467	-1.29112933	1.50816154	1.55035022	3.42207833	0.07618086	37.32143765344626	1.593119793371134
2.00000000	34.33082982	1.44308241	-1.36830745	1.75178933	0.67868899	1.77404300	0.06601417	34.36114612424697	1.5287864660742365
2.00000000	9.91658286	-2.76858430	-1.60323296	1.66816378	0.67534525	1.54558561	0.20908934	10.295808595999262	1.843051283133956
2.00000000	8.09694968	-2.94452215	-1.62529502	1.71088779	0.60754371	1.42446301	1.62343991	8.615730080050833	1.9195866167982236
2.00000000	12.91949373	2.38859277	-1.53315018	1.72759974	0.72435588	1.46611160	1.47994542	13.138443349971318	1.3879778400011804
