0.00000000	29.89856569	11.37319615	-1.00215719	1.84475255	0.72095669	0.89350476	0.11427773	31.988651440559668	1.2073062117382165
0.00000000	20.77501448	10.78275881	-1.18815718	1.83781064	0.69559099	1.28876088	-3.10061884	23.406604072330573	1.0920445534880916
0.00000000	31.53259629	16.48451655	-0.65062068	1.99472737	0.60533046	0.41948278	1.01815987	35.58151085430951	1.0890935830197053
0.00000000	7.59165726	-6.73281017	-1.63321171	1.73085225	0.67172011	0.89949926	-2.39111137	10.147117459582605	2.2963095289967748
0.00000000	38.93533004	10.06985715	-1.01425050	1.68708909	0.82056366	1.14910744	-0.21078239	40.21643878248212	1.3177116412483563
0.00000000	30.06071291	10.47926200	-1.08671961	1.75003862	0.69294274	0.92426052	0.14166862	31.83490839820471	1.2353663760894111
1.00000000	24.78084062	-19.25229399	-2.06539134	1.54961419	1.69669405	3.96576994	-3.11481071	31.380581347566395	2.231293822392084
1.00000000	24.06010377	-16.36593969	-1.95571146	1.46705854	1.59198579	3.29020745	0.08720723	29.098669649313617	2.1681170394105993
1.00000000	24.41956119	-13.77474132	-2.02368263	1.57920527	1.68701520	3.55396428	0.05215180	28.036734245362272	2.0843900369409893
1.00000000	37.26121250	-0.82899646	-1.31105087	1.46605217	1.56122132	3.36469192	0.05452856	37.27043321589982	1.5930408986950333
