0.00000000	12.89898973	-1.18631815	-1.64746902	1.77655864	0.74958244	1.05190410	-2.78454781
0.00000000	20.23780973	1.16831378	-1.55674944	1.72829807	0.84843439	1.02667346	-2.45986509
0.00000000	23.94610957	6.47951427	-1.37806747	1.75748897	0.72888622	0.99050089	-2.57846355
0.00000000	13.87085538	-1.88618208	-1.61855076	1.73575878	0.73191837	1.00082002	-2.85692549
0.00000000	12.70562850	-2.86603727	-1.58616076	1.84304762	0.77973267	1.05916168	-2.87559223
0.00000000	22.63331413	6.42018318	-1.37730787	1.72330952	0.67772183	1.02324698	-2.47382736
0.00000000	20.58514294	4.06144795	-1.50190828	1.74166596	0.64795339	1.16268726	-2.55574131
0.00000000	19.15446081	2.02196774	-1.55761836	1.76545465	0.77768776	1.01706935	-2.48938847
0.00000000	8.34611654	-5.01635828	-1.75007592	1.79736423	0.69180084	1.10485985	-2.92971277
0.00000000	26.05139582	7.73402013	-1.38117753	1.77878523	0.67446844	1.13584940	-2.65663052
0.00000000	41.97819358	11.32535934	-0.94890604	1.74938357	0.63916037	0.63345703	-3.12768602
1.00000000	29.18311671	-14.99823018	-1.92271964	1.60358310	1.68001291	3.70874374	0.11703806
1.00000000	28.97946960	-0.87794756	-1.46413074	1.81897378	1.79634533	4.36801377	-2.73886967
2.00000000	23.29023763	0.85511710	-1.52035282	1.79774046	0.72715439	1.57899166	-2.73184538

704	268
664	270
639	263
676	262
704	165
664	165
639	166
676	167

584	231
559	233
538	231
563	229
584	169
559	169
538	170
563	170

424	219
402	220
393	218
414	218
424	166
402	165
393	166
414	166

731	260
695	261
674	256
708	255
731	167
695	166
674	168
708	168

804	266
762	267
734	260
773	259
804	157
762	156
734	158
773	159

416	221
395	222
382	221
402	220
416	166
395	166
382	166
402	167

479	230
458	230
442	228
463	227
479	168
458	168
442	168
463	169

549	235
524	236
504	234
529	233
549	168
524	167
504	168
529	168

1117	330
1063	333
985	314
1034	312
1117	162
1063	162
985	165
1034	165

402	216
383	216
377	215
395	215
402	166
383	166
377	167
395	167

413	194
402	194
405	194
416	194
413	165
402	165
405	165
416	165

924	218
960	218
1020	223
979	223
924	181
960	181
1020	181
979	181

669	214
626	215
583	210
621	210
669	166
626	166
583	168
621	168

596	224
574	224
557	222
577	221
596	167
574	167
557	168
577	168

