0.00000000	4.78167879	-3.15760060	-1.73923812	1.85331321	0.91152528	0.96021702	-2.93220448
0.00000000	4.79903472	-3.83223985	-1.74481760	1.82720160	0.95018062	0.91900088	-2.88653135
0.00000000	17.39780777	6.31776609	-1.37066529	1.66920853	0.71008519	0.91112593	2.85790515
0.00000000	4.38849769	-4.57871086	-1.73941408	1.74035800	0.85700907	0.92316756	-3.01159239
0.00000000	18.02220721	5.98777972	-1.39260874	1.66928887	0.72202526	0.92978148	0.21219243
1.00000000	39.29894347	-3.09209071	-1.33906708	1.62027335	1.71803456	4.30250733	-3.12799811
1.00000000	18.98669444	-15.42459036	-2.10605733	1.64492106	1.69637015	3.46276039	-0.07471749
1.00000000	18.48770568	-21.14708047	-2.27133731	1.60543644	1.67928009	4.00093135	-3.08831334
2.00000000	4.83100822	3.75428451	-1.60428832	1.78244579	0.60730945	1.79018268	3.13217163
2.00000000	17.81296981	3.48740126	-1.45195482	1.78630280	0.65621232	1.66420529	3.10707092

1251	460
1121	474
991	417
1102	408
1251	140
1121	138
991	147
1102	148

1360	456
1241	472
1089	419
1194	408
1360	145
1241	143
1089	150
1194	152

342	235
316	235
340	232
365	233
342	164
316	164
340	165
365	165

1587	490
1449	500
1257	435
1372	429
1587	155
1449	155
1257	160
1372	161

351	231
380	231
377	234
346	234
351	166
380	166
377	165
346	165

678	202
645	202
639	200
669	200
678	170
645	170
639	172
669	172

1110	244
1172	245
1278	257
1203	257
1110	187
1172	187
1278	188
1203	188

1564	266
1496	266
1311	249
1367	249
1564	196
1496	196
1311	193
1367	193

-64	482
-181	482
79	383
158	383
-64	133
-181	133
79	149
158	149

467	237
440	237
457	232
482	232
467	162
440	162
457	163
482	163

