0.00000000	15.65050577	4.45239167	-1.50753794	1.75688899	0.80869543	1.06368010	-2.45992613
0.00000000	6.50552323	-3.16240662	-1.70110820	1.79591441	0.72955175	1.02966593	-2.33451390
0.00000000	12.54642763	-0.17440696	-1.61440001	1.77160048	0.81556706	1.02972576	-2.50188446
0.00000000	13.90405203	3.35676545	-1.52956412	1.73949456	0.78712247	1.06615158	-2.27995157
0.00000000	9.91499236	-1.19950646	-1.64080308	1.82667661	0.87124854	1.02840819	-2.48014283
0.00000000	7.30215562	-2.59053582	-1.71499238	1.77250075	0.77692364	1.00385962	-2.45948648
0.00000000	4.90222762	-3.41494460	-1.73027287	1.79539752	0.74549898	1.02492406	-2.36009359
0.00000000	11.15576217	0.72690060	-1.63899825	1.76962495	0.78413181	0.95200131	-2.39645624
0.00000000	14.49998805	5.15797766	-1.50640510	1.74813116	0.77861218	1.08532364	-2.38961124
0.00000000	11.86464084	0.93522574	-1.63248811	1.75203729	0.74425708	0.97135101	-2.45162606
0.00000000	5.37681517	-3.91092049	-1.75323008	1.74321496	0.70924696	1.03586771	-2.33867073
1.00000000	18.77988389	-8.97536278	-1.76676236	1.82030582	1.77939534	4.37416685	-1.65594554
1.00000000	23.45594356	-20.56783532	-2.27889956	1.50663424	1.69088056	3.88953058	2.94266319
1.00000000	23.84113262	-14.93334896	-2.01848571	1.54643726	1.68057319	3.60414511	0.11221765
1.00000000	33.17275047	3.31165916	-1.42984090	1.56590152	1.58961321	3.91883285	3.13284898
1.00000000	43.39082116	-1.89158289	-1.39512084	1.55234873	1.63018860	3.79583302	0.01793328
1.00000000	15.59892579	-18.64811809	-2.05978809	1.49880075	1.61262641	4.33680980	-1.53818190
1.00000000	22.75828813	-17.19852372	-2.03405402	1.41817784	1.50353109	3.62771875	0.29853639
2.00000000	8.83071862	-4.82502235	-1.65390788	1.84810233	0.75064647	1.76585599	-2.57401800

426	246
390	249
370	245
405	243
426	164
390	164
370	165
405	165

1047	363
1025	380
893	358
923	344
1047	155
1025	153
893	156
923	158

652	268
614	272
578	266
615	263
652	164
614	163
578	165
615	165

463	255
428	259
395	255
429	252
463	164
428	164
395	165
429	165

744	294
698	301
644	291
689	285
744	158
698	156
644	158
689	160

939	345
898	357
802	338
845	328
939	162
898	160
802	163
845	164

1247	434
1238	467
1031	423
1059	399
1247	151
1238	147
1031	153
1059	156

597	281
557	286
518	280
557	275
597	165
557	164
518	165
557	166

377	252
338	255
316	251
353	248
377	164
338	163
316	164
353	165

583	275
545	279
512	273
548	269
583	166
545	166
512	167
548	167

1255	412
1252	439
1060	403
1080	383
1255	164
1252	162
1060	165
1080	166

1017	238
1053	243
870	242
851	237
1017	171
1053	170
870	170
851	171

1306	246
1241	245
1166	235
1220	236
1306	195
1241	195
1166	193
1220	193

991	229
1035	229
1119	237
1069	237
991	186
1035	186
1119	187
1069	187

544	209
507	209
518	206
551	206
544	173
507	173
518	175
551	174

618	199
643	199
648	200
620	200
618	174
643	174
648	174
620	174

1511	258
1614	267
1412	267
1328	259
1511	193
1614	194
1412	194
1328	193

1072	232
1105	231
1225	239
1189	240
1072	190
1105	190
1225	191
1189	191

1104	314
1071	321
920	298
954	293
1104	150
1071	149
920	154
954	155

