0.00000000	21.24429502	1.22105950	-1.50144897	1.77684462	0.83388129	1.05026153	-2.52715874
0.00000000	16.88608872	-1.46881907	-1.53348158	1.74037027	0.72584223	1.02701971	-2.42200470
0.00000000	25.14919733	6.70488508	-1.32211397	1.74605036	0.70723107	0.97773663	-2.38246655
0.00000000	9.58869395	-4.88583038	-1.73732148	1.78858423	0.66855730	1.06541781	-2.89496493
0.00000000	23.76498172	6.70849650	-1.34624241	1.71866059	0.68681201	1.00872509	-2.41294241
0.00000000	15.05168865	-1.58430150	-1.61433623	1.73928797	0.64981199	1.04566954	-2.59579921
0.00000000	21.53860895	4.64447172	-1.41490863	1.72055030	0.62805261	1.09199152	-2.47598004
0.00000000	43.33956367	11.28676314	-0.98602412	1.78080499	0.68121435	0.78611186	-3.04999661
0.00000000	13.78301821	-2.71920907	-1.59817753	1.78259206	0.71226554	1.02356884	2.99806905
0.00000000	14.10112381	-0.86850869	-1.63631390	1.73905599	0.65893680	1.03342627	-2.11126089
0.00000000	20.33979140	2.33778954	-1.49985252	1.79463887	0.77087299	0.98563597	-2.56800604
0.00000000	33.76733378	15.06031438	-0.94584821	1.81391954	0.63803243	0.73949530	-0.23427279
1.00000000	30.66675538	-0.45349221	-1.46931742	1.76539195	1.76260409	4.10078231	-2.78555036
1.00000000	30.16732617	-15.10347002	-1.90751908	1.62914586	1.73707165	3.55022957	-0.01760481
1.00000000	40.51488073	8.16544734	-1.19023798	1.55090332	1.57704542	3.06620755	-0.04159802
2.00000000	24.93897237	1.21169592	-1.48863290	1.87485015	0.72878638	1.93659820	-2.97196031
2.00000000	28.55572450	8.64650325	-1.31134198	1.67757928	0.65414502	1.33691650	-2.63734818

583	227
558	228
540	226
564	225
583	166
558	166
540	167
564	167

693	240
671	242
639	239
661	238
693	165
671	165
639	166
661	166

427	215
409	216
395	215
413	214
427	165
409	165
395	165
413	166

1032	307
988	310
928	296
969	294
1032	164
988	164
928	166
969	166

416	218
397	219
383	218
402	217
416	166
397	166
383	166
402	167

708	253
682	254
652	250
677	248
708	167
682	167
652	168
677	168

465	224
446	225
430	223
449	223
465	166
446	166
430	167
449	167

420	195
409	195
411	194
422	194
420	165
409	165
411	165
422	165

768	260
728	259
727	254
763	254
768	162
728	162
727	164
763	164

679	258
665	261
617	258
633	255
679	168
665	168
617	168
633	169

540	229
515	230
500	228
524	228
540	165
515	165
500	166
524	166

282	199
294	199
283	199
272	199
282	161
294	161
283	160
272	160

651	212
610	213
578	209
614	208
651	169
610	168
578	170
614	170

920	216
959	216
1003	221
959	221
920	180
959	180
1003	180
959	180

451	198
477	198
465	199
436	199
451	172
477	172
465	171
436	171

582	220
560	220
554	218
574	217
582	164
560	164
554	166
574	166

397	211
380	211
373	210
390	210
397	168
380	168
373	169
390	169

