0.00000000	6.71419219	-2.10855133	-1.71393202	1.73242998	0.86058864	0.94015112	-2.54707122
0.00000000	3.36075457	-2.72175638	-1.77935873	1.68848610	0.73073248	0.89737396	-2.81818867
0.00000000	8.79382585	-0.41278789	-1.65258167	1.67684853	0.74743715	0.94437097	-2.43539524
0.00000000	9.30461068	0.12584987	-1.65379773	1.75433874	0.76217283	0.96627615	-2.40168905
0.00000000	8.18754999	-1.11959608	-1.66665373	1.66316915	0.77260772	0.98221780	-2.57030320
0.00000000	4.15152249	-3.85448807	-1.73843406	1.76133811	0.76657102	0.97118647	-2.41539478
0.00000000	6.70789355	-2.97617159	-1.69918511	1.77993095	0.88360608	0.98332582	-2.50282097
0.00000000	10.53240048	-0.37822723	-1.60862647	1.68279696	0.72727619	0.96819989	-2.47783661
1.00000000	9.23178384	3.35309129	-1.65737746	1.50387287	1.65798946	4.20315642	-3.14073682
1.00000000	22.93736056	-14.66821934	-2.11369524	1.57948065	1.71508115	3.58683875	-0.07528271
1.00000000	22.76751870	-20.44443896	-2.15929834	1.60859561	1.74542069	4.08443683	3.10069537
1.00000000	22.10450423	-17.30222765	-2.03680609	1.51646399	1.64819203	3.48873452	0.01032610
1.00000000	43.28442122	-1.79020229	-1.40194247	1.66519570	1.77818819	4.54932263	-3.08378315
2.00000000	29.29749238	3.93265172	-1.45840214	1.75552261	0.70491927	1.66017884	-3.04158449

916	361
855	376
768	353
829	341
916	165
855	164
768	166
829	167

1447	611
1329	651
1085	532
1190	510
1447	175
1329	175
1085	177
1190	177

691	311
645	319
591	307
636	301
691	169
645	168
591	169
636	170

644	304
599	311
548	301
593	295
644	164
599	163
548	164
593	165

764	324
710	332
652	317
704	310
764	170
710	170
652	171
704	171

1459	487
1468	535
1193	470
1217	437
1459	153
1468	148
1193	155
1217	158

1017	358
968	374
860	351
912	339
1017	157
968	155
860	158
912	160

673	285
634	290
591	282
629	278
673	167
634	166
591	168
629	168

345	344
173	344
336	282
443	282
345	187
173	187
336	186
443	186

1005	234
1057	234
1126	243
1065	242
1005	188
1057	188
1126	189
1065	189

1338	244
1275	244
1168	234
1220	234
1338	188
1275	188
1168	187
1220	187

1096	233
1145	233
1241	242
1184	242
1096	187
1145	187
1241	188
1184	188

650	201
619	201
613	199
641	199
650	172
619	172
613	173
641	173

514	213
496	213
498	212
515	212
514	169
496	169
498	170
515	170

