0.00000000	19.52299068	7.78143782	-1.24278257	1.74359274	0.68041972	1.07469825	-2.52266097
0.00000000	19.99456130	6.85041076	-1.28414677	1.72657871	0.70106411	1.07616296	-2.80773878
0.00000000	7.75639258	-2.12763736	-1.67434619	1.73966527	0.73185312	1.00321205	-2.41837859
0.00000000	10.59037635	-2.49310544	-1.54198859	1.76313555	0.87941469	0.98815341	-2.51595736
0.00000000	17.32439242	5.04872924	-1.35729740	1.68712020	0.74491885	0.98565738	-2.27429295
0.00000000	8.61811199	-2.70250220	-1.63905583	1.80076170	0.79604199	1.03465876	-2.59609723
0.00000000	14.67285784	2.91877546	-1.40515755	1.72789502	0.72226736	0.97627146	-2.40236354
0.00000000	13.41125714	0.37817202	-1.48350988	1.80213308	0.80044677	1.02605388	-2.43651867
0.00000000	15.18209859	0.82273232	-1.44108079	1.74269903	0.71099118	0.96316800	-2.42261076
0.00000000	18.10591346	4.99914069	-1.35961483	1.70257139	0.75616256	1.00824284	-2.38571978
0.00000000	28.84031597	15.33583340	-0.73315189	1.75770926	0.66372368	0.69174335	0.07699630
0.00000000	36.33987276	11.34322568	-0.79248713	1.78296745	0.68648693	0.96656296	-0.12714022
1.00000000	25.55878037	-14.85624941	-1.78924368	1.55671167	1.64074631	3.43814367	0.07027648
1.00000000	22.08024075	-3.76227780	-1.37321578	1.92819262	1.97085958	4.89102916	-2.18047214
1.00000000	25.30877716	-20.53859516	-1.91052822	1.59751213	1.71728840	4.01444090	-3.12661958
1.00000000	24.74865662	-17.41037494	-1.76595221	1.49180305	1.63433489	3.65631831	0.04812377
2.00000000	15.06988877	-1.68955201	-1.45972107	1.81660628	0.71893099	1.76814434	3.04835415
2.00000000	32.20216350	7.79098962	-1.06663082	1.67324543	0.70217032	1.55884404	0.21694958

334	224
307	225
298	223
324	222
334	159
307	158
298	159
324	160

370	224
342	225
343	223
369	222
370	161
342	161
343	162
369	162

871	331
834	341
749	326
788	317
871	163
834	161
749	163
788	164

824	279
783	284
730	276
770	272
824	156
783	154
730	157
770	158

418	233
391	235
368	233
395	231
418	163
391	162
368	163
395	163

896	313
849	320
779	306
825	300
896	155
849	154
779	157
825	158

488	245
456	247
432	244
462	242
488	159
456	158
432	160
462	160

618	255
584	258
549	253
583	251
618	157
584	155
549	157
583	158

592	244
565	246
537	243
563	241
592	160
565	159
537	161
563	161

428	231
400	232
381	230
408	229
428	163
400	162
381	163
408	164

216	197
233	197
226	198
208	198
216	154
233	154
226	153
208	153

376	194
389	194
381	194
368	194
376	159
389	159
381	159
368	159

967	220
1009	220
1075	225
1028	226
967	179
1009	179
1075	179
1028	179

814	220
790	223
640	218
671	216
814	156
790	154
640	157
671	159

1260	229
1208	229
1116	222
1161	222
1260	180
1208	180
1116	180
1161	180

1047	220
1089	220
1173	226
1124	226
1047	180
1089	180
1173	179
1124	179

704	248
667	247
667	240
700	240
704	155
667	155
667	158
700	158

421	201
437	201
436	202
420	202
421	165
437	165
436	164
420	164

