1.00000000	37.71657944	-2.47740746	-1.50714467	1.84660101	1.76874321	4.32033162	-3.13434315
1.00000000	17.52552735	-15.04456119	-2.07254217	1.61441851	1.74267951	3.59157481	-0.10200293
1.00000000	16.66575482	-17.55335833	-2.08040003	1.48257577	1.61814956	3.60211165	0.01265839
1.00000000	16.88721807	-20.54209113	-2.25440965	1.53556871	1.81172772	3.84956849	3.02832103
2.00000000	13.07574322	3.95595902	-1.53305648	1.82549059	0.64791104	1.77812419	3.10810590

669	206
634	206
630	203
661	203
669	169
634	169
630	170
661	170

1134	248
1204	248
1327	264
1240	263
1134	188
1204	188
1327	189
1240	189

1254	251
1316	251
1494	268
1417	268
1254	193
1316	193
1494	196
1417	196

1632	275
1531	274
1357	255
1434	256
1632	200
1531	200
1357	197
1434	197

386	266
347	266
384	255
417	256
386	158
347	158
384	161
417	161

