0.00000000	12.75586204	5.71533253	-1.60051284	1.77559590	0.62061564	0.84595382	0.63536972
0.00000000	26.22476126	12.33242185	-1.20429800	1.83345938	0.63937887	0.88563303	2.84609604
0.00000000	13.98407660	4.56623780	-1.60349403	1.72793841	0.71416780	0.80038607	0.52147269
1.00000000	34.40198396	-2.33426345	-1.67496012	1.60180724	1.74443047	4.10189064	-3.09358335
1.00000000	14.37023062	-15.02237885	-2.14779435	1.62322760	1.70463810	3.40121828	-0.01115838
1.00000000	13.61254642	-17.61594132	-2.22180251	1.52539170	1.67450795	3.61128920	0.02809293
2.00000000	5.78076526	4.16454767	-1.67853914	1.81143355	0.60946267	1.70097069	3.12624645

255	266
292	264
304	268
265	271
255	167
292	167
304	166
265	166

263	212
249	212
267	211
281	211
263	161
249	161
267	162
281	162

344	258
381	256
391	260
352	262
344	170
381	170
391	169
352	169

674	213
636	213
628	209
662	209
674	177
636	177
628	178
662	178

1239	266
1316	266
1510	289
1411	289
1239	193
1316	193
1510	196
1411	196

1386	272
1462	272
1737	300
1639	300
1386	201
1462	201
1737	207
1639	207

15	428
-76	428
109	362
176	362
15	150
-76	150
109	159
176	159

