0.00000000	6.62804215	4.05983674	-1.64542912	1.76632345	0.64760019	0.75014469	-2.80395794
0.00000000	17.71750199	11.94460517	-1.22847889	1.74536061	0.60444921	0.76900407	2.74884319
0.00000000	26.47550984	6.50403374	-1.38709829	1.77408111	0.67340465	1.04185045	0.32549408
0.00000000	6.21968571	4.70032943	-1.64150331	1.76723862	0.63238489	0.78366015	-3.06021190
1.00000000	27.85846560	-2.74611774	-1.57636331	1.53886068	1.67174935	3.93722057	-3.09398794
1.00000000	39.58240057	13.54069459	-0.93647585	1.47073829	1.61809686	3.80772540	0.07946646
1.00000000	38.33297930	12.42782693	-1.04931210	1.52656007	1.61566656	3.86575900	-1.50680661

184	365
95	371
123	351
202	346
184	159
95	158
123	160
202	161

109	230
92	229
124	228
140	228
109	157
92	157
124	158
140	158

416	214
434	214
437	215
418	216
416	167
434	167
437	167
418	167

52	383
-33	385
38	359
113	358
52	157
-33	156
38	160
113	160

703	218
657	219
645	214
685	214
703	176
657	176
645	177
685	177

352	195
380	195
363	196
332	196
352	170
380	170
363	168
332	168

410	198
403	198
328	198
338	198
410	170
403	169
328	169
338	170

