0.00000000	10.97657931	-1.52580111	-1.67485414	1.73254788	0.73059091	1.00552220	-2.65130401
0.00000000	11.93309583	-2.19787798	-1.62290619	1.78230643	0.75046138	1.00348858	-2.84066105
0.00000000	6.38359660	-5.23599951	-1.74209211	1.82279420	0.64135860	1.01809541	-2.58065248
0.00000000	18.33970421	1.18616506	-1.52163408	1.79074883	0.70616007	0.97430756	-2.44407439
0.00000000	20.77690551	6.07469458	-1.41620408	1.78423905	0.67613658	1.02204978	-2.41604853
0.00000000	21.83566595	6.01952201	-1.42727135	1.78715062	0.70534278	1.00104715	-2.67041922
0.00000000	24.52364721	8.52933934	-1.32576952	1.73910165	0.69676465	1.08676294	-2.76521659
0.00000000	24.17968951	7.64018109	-1.35519896	1.74626088	0.71900448	1.04833677	3.02528763
0.00000000	17.13291720	1.45884313	-1.55053375	1.82704163	0.74131599	0.99264721	-2.40890932
0.00000000	10.98383979	-2.92573477	-1.60485623	1.86287904	0.78012637	1.03835009	-2.87783456
0.00000000	18.68339965	3.55606581	-1.49716042	1.73985982	0.67750333	1.06701545	-2.46102476
1.00000000	28.09660560	-14.98588637	-1.88880108	1.74004841	1.76304861	3.82265605	0.02938698
1.00000000	26.47413455	-1.61274107	-1.53672598	2.06052971	1.87638920	4.92928342	-2.52225018
1.00000000	27.12998139	-17.54942066	-1.89288352	1.51948285	1.65093180	3.72736768	0.09647949
2.00000000	20.36638511	0.09523191	-1.54194115	1.83221018	0.68690118	1.86537175	-2.78589344
2.00000000	14.02061111	-2.06383153	-1.54955826	1.82777476	0.84099605	1.52113610	-2.68883228

747	286
706	289
667	281
706	278
747	168
706	167
667	169
706	169

774	274
732	276
704	268
744	267
774	162
732	161
704	163
744	164

1311	375
1285	387
1132	359
1162	350
1311	154
1285	152
1132	156
1162	157

579	236
556	237
534	235
556	233
579	165
556	164
534	165
556	165

411	226
389	227
374	226
395	225
411	164
389	164
374	164
395	165

420	225
396	225
389	223
413	223
420	165
396	165
389	165
413	166

364	217
342	217
341	216
363	216
364	165
342	165
341	166
363	166

379	219
358	218
372	217
392	217
379	166
358	166
372	166
392	166

567	241
542	243
517	240
541	238
567	164
542	163
517	164
541	164

841	281
793	283
759	274
803	273
841	153
793	153
759	155
803	156

488	234
464	236
444	233
468	232
488	167
464	166
444	167
468	167

936	219
978	219
1036	224
989	224
936	177
978	177
1036	176
989	176

711	219
670	221
587	215
625	214
711	160
670	159
587	163
625	163

1011	220
1049	219
1125	225
1082	225
1011	182
1049	182
1125	182
1082	182

623	232
599	232
577	228
599	227
623	164
599	164
577	166
599	166

752	256
715	258
671	251
706	249
752	158
715	157
671	160
706	160

