0.00000000	13.08464628	5.75538685	-1.54528950	1.73537767	0.63602281	0.99187587	0.88869619
0.00000000	12.47070965	6.11462844	-1.54297636	1.75750732	0.59395770	1.00129058	1.32102907
0.00000000	26.61991621	12.53745932	-1.12899182	1.82811594	0.66842013	0.78220422	3.13276052
0.00000000	24.55719396	14.64800835	-1.02406404	1.71183479	0.72654635	0.95278872	-2.96669030
1.00000000	34.79650648	-2.19476850	-1.58858142	1.70311558	1.76280658	4.18196728	-3.08505964
1.00000000	14.74569220	-14.98776862	-2.13921330	1.62631559	1.72102216	3.52231672	-0.13406406
1.00000000	13.99107732	-17.57021578	-2.22977243	1.51859081	1.68751321	3.66191739	-0.00301824
2.00000000	6.50730760	4.18987776	-1.67305599	1.83557010	0.61329376	1.67444584	-3.12980819

254	262
288	259
316	262
281	266
254	166
288	166
316	166
281	165

210	267
236	264
285	265
260	269
210	164
236	165
285	164
260	163

268	209
250	209
261	209
278	209
268	160
250	160
261	160
278	160

180	210
156	210
169	209
191	209
180	159
156	159
169	160
191	160

671	210
633	210
625	207
659	207
671	173
633	173
625	174
659	174

1226	263
1310	264
1480	286
1370	284
1226	192
1310	192
1480	195
1370	195

1365	270
1442	270
1700	297
1599	297
1365	201
1442	201
1700	207
1599	207

97	393
15	393
153	343
215	343
97	150
15	150
153	158
215	158

