0.00000000	27.11359325	11.62509667	-1.15872572	1.88040364	0.64106415	0.86900255	-3.04753494
0.00000000	27.21773198	10.70354863	-1.20777951	1.81989479	0.62979040	0.92222236	-3.06892419
0.00000000	26.82355329	6.67405630	-1.35319136	1.78402638	0.71031961	1.09530358	0.19848332
0.00000000	16.90108902	-2.14730062	-1.64993356	1.80993366	0.68775580	1.15516821	2.89325953
1.00000000	32.37616639	-16.54449890	-2.01810483	1.47414100	1.62414704	3.44487491	0.11465600
1.00000000	32.81968769	-13.89855586	-2.02853743	1.60085702	1.70562738	3.66610351	0.09369015
1.00000000	32.88373194	-19.50684284	-2.19094888	1.60106122	1.70800466	3.99807472	-3.10473490
1.00000000	45.49920935	-1.04162819	-1.47319386	1.44059467	1.53574363	3.34087830	0.02927783
2.00000000	18.83176126	4.22079940	-1.51065598	1.78721344	0.73648119	1.89522175	-3.13904262
2.00000000	28.78261867	4.61930978	-1.44113002	1.78019142	0.69223721	1.88871653	3.05052614

302	210
284	210
292	209
309	209
302	159
284	159
292	160
309	160

327	210
310	211
318	210
335	209
327	162
310	162
318	162
335	162

417	212
436	212
435	214
415	214
417	166
436	166
435	165
415	165

709	245
678	245
685	240
714	241
709	165
678	165
685	166
714	166

930	213
962	213
1011	217
976	217
930	182
962	182
1011	182
976	182

870	213
903	213
947	217
909	217
870	180
903	180
947	180
909	180

1076	219
1037	219
984	215
1018	215
1076	182
1037	182
984	182
1018	182

607	197
630	197
634	199
609	199
607	176
630	176
634	175
609	175

450	237
420	237
438	231
464	231
450	165
420	165
438	166
464	166

492	213
474	213
487	211
503	211
492	167
474	167
487	168
503	168

