1.00000000	7.36455290	3.20946292	-1.65401147	1.48144305	1.70270393	4.49020486	-0.01269150
1.00000000	9.00225075	0.16952816	-1.60030149	1.59994411	1.74138468	3.63424891	0.01880958
1.00000000	15.26965593	8.16915161	-1.56889401	1.64764941	1.63641792	4.05854300	2.98093176
1.00000000	38.54816336	11.13140709	-1.45890091	1.56767583	1.75494316	3.96300397	1.67340827

303	303
434	303
263	425
11	424
303	188
434	188
263	203
11	203

541	284
660	283
694	341
512	342
541	174
660	174
694	175
512	175

182	270
101	268
248	246
311	247
182	177
101	177
248	176
311	176

358	209
366	208
441	207
437	209
358	179
366	179
441	179
437	179

