1.00000000	10.70684257	0.17332780	-1.57620631	1.65715003	1.75497516	3.88958266	0.02489810
1.00000000	7.40665323	3.22944742	-1.61258529	1.45730293	1.69081625	4.46926387	-0.02084224
1.00000000	26.94742303	5.66084259	-1.33709047	1.55234635	1.68892726	4.21007244	2.68229294
1.00000000	42.98080143	-4.35290713	-1.05623971	1.43492782	1.53182557	3.70161408	-1.49385500

549	267
652	266
679	309
530	310
549	170
652	170
679	169
530	169

305	299
434	300
260	417
14	415
305	187
434	187
260	201
14	200

439	220
400	218
474	212
509	213
439	174
400	174
474	174
509	174

712	195
718	196
655	196
651	195
712	172
718	171
655	171
651	172

