1.00000000	21.58489478	11.79296845	-1.64369796	1.46188653	1.75079688	4.04330649	-3.12831235
1.00000000	36.71493028	-5.78692963	-1.53382299	1.54110551	1.67140192	3.90758138	-0.17533115
1.00000000	37.52517700	8.71045213	-1.47218178	1.93060470	1.91347975	4.80159835	3.12751937
1.00000000	42.20951984	0.34226367	-1.43348525	1.69241619	1.69298712	3.99147241	0.02756047
2.00000000	47.78866517	20.48296176	-1.37542794	1.75821495	0.59452080	1.78889068	2.22571492

205	244
139	244
219	232
273	232
205	189
139	189
219	186
273	186

710	206
742	206
742	210
707	209
710	177
742	177
742	177
707	177

449	211
410	211
435	207
470	207
449	171
410	171
435	171
470	171

590	202
618	202
621	205
590	205
590	174
618	174
621	174
590	174

286	203
284	203
312	202
315	203
286	176
284	176
312	176
315	176

