0.00000000	18.56261304	7.34343278	-1.49524723	1.70302474	0.77558160	0.97680986	2.84676409	19.9623798147204	0.376710465643416
1.00000000	17.63126223	-4.47105358	-1.40439818	1.56355357	1.60529676	4.09369343	1.42289674	18.189330057433544	-0.2483515201468817
1.00000000	10.23942734	-7.79743446	-1.46173952	1.62756288	1.59998222	3.84513297	1.51128018	12.87034795213925	-0.6508274070303947
1.00000000	17.14524344	-10.05806546	-1.34096025	1.56981635	1.65373761	3.91255492	1.52644193	19.87772757169461	-0.5305371737322402
1.00000000	13.01737961	-8.62303659	-1.44637630	1.47851050	1.63855662	3.82871659	1.42359161	15.614382214590579	-0.5850602548289575
1.00000000	26.59111776	-4.01822517	-1.25343225	1.56573701	1.64556723	3.67831588	-0.70899642	26.893004243539043	-0.1499768658903356
1.00000000	26.91771357	-1.09937567	-1.19399534	1.53004956	1.63523131	3.32958918	-0.73744470	26.940154615375725	-0.04081940308135098
1.00000000	16.27190364	-15.26849772	-1.35335825	1.73304784	1.70288055	3.61365080	1.38519287	22.31371485645298	-0.7535955366080199
1.00000000	16.56458629	22.79366945	-1.72704862	1.46908188	1.61305195	3.57620246	1.40783799	28.17688566812733	0.9423624864892766
1.00000000	14.58582376	-24.57974773	-1.29433916	1.50563204	1.70909935	4.31606989	1.49373174	28.58164189174969	-1.0352378395606678
1.00000000	15.48594299	-19.93628489	-1.37554763	1.54187632	1.68977364	4.05011648	1.22542977	25.244204988566633	-0.9103802935699855
