0.00000000	18.59659898	7.67795161	-1.47915206	1.71764314	0.78166723	1.00006296	2.83018231	20.119255317939544	1.1792457960046347
1.00000000	17.67705240	-4.45607336	-1.43344496	1.64715028	1.65818145	4.20763116	1.46791506	18.230051325820437	1.8177339103805497
1.00000000	16.28776726	-14.90050178	-1.33844254	1.44786334	1.66312629	4.10165034	1.49587846	22.075242141632582	2.311743428801077
1.00000000	10.88196227	-3.62953387	-1.44948075	1.48540831	1.63364379	4.37585931	1.55699682	11.471295435092793	1.892729907047653
1.00000000	26.56780042	-3.84099107	-1.25442265	1.52734375	1.66253228	3.50106766	-0.71134484	26.84401668075722	1.7143746804037907
1.00000000	26.88949987	-1.06788434	-1.18903587	1.54654980	1.64557099	3.40213054	-0.70570797	26.91069639051259	1.6104892723064794
1.00000000	3.51256414	-19.93935704	-1.43808601	1.42027831	1.69834306	3.68271501	-1.58729422	20.246384022985723	2.9672193922509136
1.00000000	6.15542688	-21.12829309	-1.28853033	1.45038605	1.65063362	3.61855061	-1.62994492	22.006681916453655	2.8581035544929194
1.00000000	14.58090606	-24.55587171	-1.22189758	1.48608184	1.68893745	4.36411218	1.47232842	28.55860040283002	2.605755605710332
1.00000000	17.07008136	-10.11824608	-1.32747398	1.43144846	1.63148720	3.71636905	1.38660276	19.843552639899308	2.1058659545585163
1.00000000	15.50083913	-19.99780598	-1.33313773	1.46089733	1.65312369	4.05554207	1.24881363	25.3019417782087	2.482203253184803
