0.00000000	18.60494488	7.71628430	-1.47832869	1.71718645	0.79434436	0.99806095	2.91898036	20.14162400071714	1.1776448006221287
1.00000000	17.67307583	-4.45587761	-1.40962253	1.62443566	1.65335552	4.20202582	1.49455893	18.226147551477503	1.8177768269215409
1.00000000	16.25894873	-14.89718337	-1.32280479	1.46357119	1.67307022	4.00844436	1.50514638	22.051745648908913	2.312514511250636
1.00000000	10.88127964	-3.62988522	-1.44621346	1.48921919	1.64585098	4.34399843	1.56249654	11.47075905571436	1.8927777926860079
1.00000000	26.54663638	-3.84740077	-1.18503998	1.55957222	1.68456325	3.60014658	-0.69078386	26.82398918462606	1.7147240697070871
1.00000000	14.60678954	-24.52386520	-1.21052168	1.49417388	1.71878573	4.43047316	1.52726519	28.54432106415608	2.6044034285919753
1.00000000	26.92368658	-1.05559700	-1.15873836	1.54607272	1.64684042	3.41256135	-0.72359687	26.94437202987817	1.6099832565336074
1.00000000	15.48689290	-19.97896684	-1.36345575	1.49189794	1.66353991	4.14436899	1.37506092	25.278508019459732	2.4821827269614034
1.00000000	17.05993477	-10.25420616	-1.29473649	1.43255663	1.61092470	3.69799796	1.43804920	19.9045250716624	2.1120018400709237
1.00000000	3.03619253	-24.10836110	-1.36231850	1.48471427	1.64642177	3.57051366	-1.72225225	24.298797089716622	3.01631281862136
