0.00000000	23.50729892	5.41479713	-1.40908323	1.72850180	0.80455495	1.06971507	-2.22235489
0.00000000	26.69846635	7.98280616	-1.32377980	1.85407114	0.76932703	1.03800681	-2.57942963
0.00000000	6.81313339	1.25860917	-1.63201068	1.79508281	0.66865965	0.87960245	2.98574829
0.00000000	21.88340739	7.17314419	-1.33391974	1.79768693	0.76137601	1.14336939	-2.93981218
0.00000000	22.09566016	7.94887543	-1.25880609	1.85588968	0.68111584	1.23578177	-2.66622591
0.00000000	25.14414536	6.96498971	-1.34048806	1.86357892	0.76040288	1.09240507	-2.43333721
0.00000000	25.74673201	6.64850787	-1.34510193	1.89577794	0.75249139	1.01503353	-2.47461700
0.00000000	45.00946246	-23.27507499	-1.90250425	2.12810588	0.84241417	0.92551740	2.02531672
0.00000000	7.84091949	0.67538964	-1.62344358	1.77125740	0.67088988	0.92943577	-2.30040860
1.00000000	32.82830590	-13.88260063	-2.00891719	1.61066413	1.70665807	3.68800038	0.07672935
1.00000000	32.81776780	-19.46517041	-2.20199547	1.58443236	1.68870107	3.80242718	-3.08598757
1.00000000	32.30072574	-16.47961265	-2.01152335	1.43332899	1.60132286	3.39541027	0.18204376
1.00000000	45.50658276	-1.02035623	-1.44614957	1.52455389	1.55632104	3.30854435	0.01693153
2.00000000	39.38116023	0.91462135	-1.50079141	1.84154892	0.67016945	1.82971390	-2.95830750

459	219
440	221
419	219
438	218
459	167
440	166
419	167
438	167

404	213
383	214
376	213
396	212
404	163
383	163
376	163
396	164

492	363
417	359
454	337
520	339
492	151
417	152
454	155
520	155

380	222
353	222
358	220
384	220
380	162
353	161
358	162
384	163

361	219
337	220
332	218
355	217
361	158
337	157
332	159
355	159

423	215
402	216
389	215
409	214
423	162
402	162
389	162
409	163

435	215
415	215
403	214
423	213
435	161
415	161
403	162
423	162

972	201
960	201
970	200
982	201
972	167
960	167
970	167
982	167

598	325
552	335
492	323
538	314
598	157
552	155
492	157
538	159

869	213
903	213
946	217
908	217
869	180
903	180
946	180
908	180

1074	220
1037	220
985	215
1018	215
1074	183
1037	183
985	183
1018	183

928	213
958	213
1011	216
978	217
928	183
958	183
1011	183
978	183

607	197
630	197
633	198
608	198
607	174
630	174
633	174
608	174

596	203
583	203
578	202
590	202
596	169
583	169
578	169
590	169

