0.00000000	11.32233017	0.84015947	-1.62031410	1.79073739	0.67548540	1.03531472	0.40045369
0.00000000	10.98998848	8.48808540	-1.37114356	1.79222703	0.57505114	1.03318448	-1.79600382
0.00000000	11.00409407	9.25963803	-1.32818673	1.81465662	0.57347123	1.02931355	-1.91302788
0.00000000	12.61565936	3.44593148	-1.55718575	1.74260235	0.64825784	1.44605370	0.57117134
1.00000000	32.37741621	-16.56594967	-2.01594184	1.48733592	1.64713452	3.58023675	0.12303543
1.00000000	32.80958627	-19.48961647	-2.19387058	1.55913591	1.68510660	4.00400915	-3.09200263
1.00000000	45.56097733	-1.03665402	-1.44905565	1.46641684	1.53845800	3.53479574	0.05562731
1.00000000	32.64884949	-13.77553061	-1.96911202	1.63636756	1.68147197	3.54470767	0.00893997
2.00000000	11.96975457	2.57175094	-1.58755992	1.76678324	0.64462925	1.63957116	0.57824838
2.00000000	12.61565936	3.44593148	-1.55718575	1.74260235	0.64825784	1.44605370	0.57117134

522	274
562	272
585	280
542	283
522	163
562	163
585	161
542	161

89	269
52	274
-3	272
35	267
89	152
52	150
-3	151
35	152

36	267
-6	272
-51	269
-7	264
36	148
-6	146
-51	147
-7	149

377	262
413	260
440	268
401	271
377	165
413	165
440	164
401	163

929	213
961	213
1013	217
978	217
929	182
961	182
1013	182
978	182

1076	220
1039	220
984	215
1018	215
1076	183
1039	183
984	183
1018	183

606	197
629	197
634	198
609	198
606	175
629	175
634	175
609	175

872	212
906	212
942	216
903	216
872	178
906	178
942	178
903	178

415	267
450	265
488	275
449	278
415	164
450	165
488	163
449	162

377	262
413	260
440	268
401	271
377	165
413	165
440	164
401	163

