0.00000000	6.77266372	1.38652952	-1.64944146	1.77968216	0.69189730	0.92522298	2.68061018
0.00000000	21.94019870	7.97179875	-1.27833317	1.87496662	0.67938339	1.19003010	-2.73824978
0.00000000	26.82805312	8.04269439	-1.33461748	1.81129217	0.72398272	1.03155916	-2.63248229
0.00000000	25.21901633	6.96284395	-1.35047291	1.84459329	0.75348247	1.04065420	-2.40532947
0.00000000	21.76646433	7.17935562	-1.34641693	1.83954763	0.75776052	1.11035516	3.13996744
0.00000000	23.61186931	5.44676781	-1.42644320	1.73978245	0.78514807	0.99996548	0.43704891
0.00000000	25.96104271	6.69415625	-1.36467741	1.81186056	0.71931866	1.02117752	-2.45848966
0.00000000	7.84149860	0.79823544	-1.64128933	1.71919441	0.69985500	0.96011617	-2.27321434
1.00000000	32.79889257	-13.93800911	-2.03211878	1.63459504	1.68918010	3.64599448	0.05551569
1.00000000	32.33969086	-16.54983194	-2.02952967	1.45636570	1.62395898	3.49366288	0.14961131
1.00000000	32.66845753	-19.30288578	-2.22870837	1.49246216	1.59256082	3.68135791	0.08090729
1.00000000	45.37410234	-1.06211211	-1.50228665	1.56998873	1.53371551	2.94223271	0.04145023

455	369
392	359
458	338
517	345
455	155
392	156
458	159
517	158

357	220
332	221
331	219
354	218
357	158
332	157
331	158
354	159

402	213
382	214
377	213
396	212
402	164
382	164
377	165
396	165

423	216
403	216
389	215
409	215
423	163
403	163
389	163
409	163

374	223
348	223
361	221
386	221
374	160
348	160
361	161
386	161

424	219
447	219
454	220
430	221
424	167
447	167
454	167
430	167

435	215
416	215
404	214
423	214
435	164
416	164
404	165
423	165

589	326
541	338
478	325
526	315
589	164
541	163
478	164
526	165

872	213
906	213
946	217
908	217
872	180
906	180
946	180
908	180

929	213
960	213
1013	217
979	217
929	183
960	183
1013	183
979	183

984	216
1015	216
1071	220
1037	221
984	185
1015	185
1071	186
1037	186

607	198
630	198
634	199
609	199
607	174
630	174
634	174
609	174

