0.00000000	25.44041182	6.03799067	-1.36930202	1.74713826	0.73975811	1.16102068	0.70938003
0.00000000	27.71376811	3.14754436	-1.45991168	1.79673934	0.63541661	0.98704735	0.73181951
0.00000000	20.09703486	13.18506442	-1.09132884	1.70043278	0.72738191	0.66411958	2.70281458
0.00000000	44.97585297	-23.44932556	-2.00810931	2.18078089	0.92351499	1.09589092	1.82422829
1.00000000	32.39793777	-16.58893008	-2.03856586	1.49833584	1.63236198	3.44241136	0.10311493
1.00000000	32.72749750	-13.90070413	-2.01769541	1.62250757	1.70548997	3.68103981	0.06761368
1.00000000	32.86556445	-19.65654649	-2.23458762	1.54275298	1.71815675	3.97350035	-3.11014462

417	215
436	214
451	216
432	216
417	166
436	166
451	166
432	166

509	213
522	213
537	214
523	214
509	167
522	167
537	167
523	167

128	220
112	219
136	218
153	219
128	158
112	158
136	159
153	158

973	203
962	202
976	202
987	202
973	168
962	168
976	168
987	168

931	213
963	213
1012	217
976	217
931	182
963	182
1012	182
976	182

871	213
905	213
947	217
909	217
871	180
905	180
947	180
909	180

1079	220
1040	220
987	216
1022	216
1079	185
1040	185
987	184
1022	184

