0.00000000	23.79711051	4.46170757	-1.42812429	1.77553296	0.71838428	1.09021185	-2.49579477
0.00000000	18.25842732	-0.49376739	-1.57790170	1.88653493	0.78354909	1.00070230	-2.28615141
0.00000000	21.63517350	3.66744744	-1.50920282	1.77212667	0.76454164	0.95540803	-2.56668186
0.00000000	23.97466710	6.69736109	-1.35676406	1.80961633	0.74460969	1.06530284	-2.59817505
0.00000000	7.98231865	-1.88279403	-1.72967861	1.76500249	0.70429256	0.87748625	-1.01086366
0.00000000	22.74857069	5.22444876	-1.41275261	1.81734991	0.77151891	1.08084537	-2.46839285
0.00000000	24.54545121	6.34858483	-1.36962102	1.80359244	0.71141955	1.02358170	-2.55873084
0.00000000	24.37410606	7.29868788	-1.34051023	1.86319852	0.73113253	1.02554803	-2.52263045
0.00000000	6.95923190	-1.25648850	-1.75274799	1.80744720	0.70771489	0.94650207	-1.08331943
0.00000000	17.06046305	-5.51436575	-1.63502477	1.79169202	0.67712351	0.70985164	1.40809929
1.00000000	32.32749387	-16.54666913	-2.00490997	1.45315421	1.62334128	3.49186973	0.17908232
1.00000000	32.88276572	-19.52698733	-2.18207202	1.56122303	1.69161574	3.93336290	-3.12847018
1.00000000	45.57735544	-0.83640751	-1.36786364	1.53073990	1.53752330	3.09578274	0.16550294
1.00000000	32.82753041	-13.96474587	-2.03751705	1.63210821	1.69274023	3.60002486	0.10691236

487	219
467	220
453	219
472	218
487	165
467	165
453	166
472	166

649	236
630	238
599	236
619	234
649	161
630	161
599	161
619	162

501	226
477	227
465	225
488	225
501	167
477	167
465	167
488	167

420	218
397	219
388	217
410	217
420	163
397	163
388	164
410	164

786	318
835	329
777	339
729	326
786	166
835	165
777	164
729	165

458	221
436	222
421	221
443	220
458	164
436	163
421	164
443	164

434	217
413	218
404	216
424	216
434	164
413	164
404	164
424	165

405	217
384	218
374	216
395	216
405	162
384	161
374	162
395	162

757	341
808	357
726	370
679	352
757	163
808	162
726	160
679	162

824	241
820	238
851	239
856	241
824	164
820	164
851	164
856	164

929	213
959	213
1014	216
980	217
929	182
959	182
1014	182
980	183

1075	219
1036	219
986	215
1020	215
1075	183
1036	183
986	183
1020	183

601	196
624	196
633	197
609	197
601	173
624	173
633	172
609	172

871	214
904	213
948	217
911	217
871	180
904	180
948	180
911	180

