0.00000000	18.13699446	11.70234680	-1.20651613	1.70339227	0.66893211	0.89481512	3.00585270
0.00000000	14.08139530	-5.75263877	-1.72754274	1.80359554	0.69468186	1.01346711	-2.44633484
0.00000000	18.05181252	10.97354889	-1.25843952	1.67640853	0.67603157	0.94125710	3.01023364
0.00000000	23.18833502	4.71057892	-1.41519723	1.63169694	0.61497833	1.10619743	0.41445059
0.00000000	18.23982314	10.49252811	-1.25563500	1.69965959	0.65305292	0.99366119	2.97068691
1.00000000	32.37783281	-16.53709161	-2.01843462	1.47129095	1.62117105	3.43121353	0.14633392
1.00000000	32.87951068	-19.49166624	-2.21189491	1.56470466	1.69111365	3.97373657	-3.12329054
1.00000000	32.84290715	-13.97553745	-2.06493173	1.59175253	1.66551910	3.54560990	0.05497669
1.00000000	45.56673953	-0.93985106	-1.38357184	1.39382076	1.55189069	3.44161768	0.02046193
2.00000000	23.27764411	0.86128586	-1.49075685	1.76050663	0.69628428	1.89552793	3.10663104
2.00000000	18.32252051	1.03700788	-1.50783418	1.77488565	0.75091422	1.78046713	0.54540056

138	229
113	229
142	226
165	227
138	159
113	160
142	161
165	160

935	259
918	262
867	257
885	255
935	165
918	165
867	166
885	166

165	231
140	231
168	228
192	228
165	162
140	162
168	163
192	163

446	219
464	219
472	221
453	221
446	170
464	170
472	169
453	169

187	230
163	230
193	227
216	228
187	161
163	161
193	162
216	162

929	213
960	213
1011	216
977	217
929	182
960	182
1011	182
977	182

1074	220
1036	220
985	215
1019	215
1074	184
1036	184
985	183
1019	183

873	214
906	214
946	218
908	218
873	181
906	181
946	181
908	181

605	196
629	196
632	197
607	197
605	175
629	175
632	175
607	175

587	222
564	222
569	219
590	219
587	166
564	166
569	167
590	167

535	232
561	231
594	235
568	237
535	164
561	165
594	163
568	163

