0.00000000	21.75540422	2.54174785	-1.50162063	1.78664303	0.80416210	0.97773616	0.65524524
0.00000000	30.76763655	9.25391850	-1.23898719	1.78679109	0.68903910	1.07244198	0.67091328
0.00000000	45.04224376	-23.29772554	-1.87804113	2.08375931	0.81419341	0.76822835	2.04539299
1.00000000	32.34966429	-16.51344362	-1.99459742	1.46075273	1.58557013	3.37203427	0.14610547
1.00000000	32.93436452	-19.47822571	-2.20373378	1.53227651	1.66680374	3.97855765	-3.11884785
1.00000000	32.67704060	-13.87186427	-2.00605295	1.60399485	1.67000780	3.55091315	0.06846006
1.00000000	45.53095667	-1.06006673	-1.45887945	1.58728480	1.54854279	3.38719613	0.01647572
2.00000000	31.98548116	5.15354558	-1.41497264	1.74270606	0.65368888	1.53845219	0.39147359

501	225
524	224
540	225
517	226
501	166
524	166
540	166
517	165

376	206
392	206
401	207
386	207
376	165
392	165
401	165
386	165

973	200
962	200
969	200
981	200
973	167
962	167
969	167
981	167

930	213
960	212
1010	216
977	216
930	182
960	182
1010	182
977	182

1073	220
1035	220
984	215
1017	215
1073	184
1035	184
984	184
1017	184

872	213
905	213
946	217
908	217
872	180
905	180
946	180
908	180

607	197
631	197
634	199
608	199
607	173
631	173
634	173
608	173

478	207
492	207
500	208
485	209
478	169
492	169
500	169
485	169

