0.00000000	15.65317857	-3.86262693	-1.65036533	1.83938360	0.71470510	1.01070859	-2.48724961
0.00000000	14.17191531	12.58675174	-1.16463588	1.75964022	0.59176115	0.93223743	-3.14037800
0.00000000	17.13975856	-3.21081312	-1.61750911	1.77788925	0.71462456	1.05227577	-2.50531745
0.00000000	14.93803827	-4.30823753	-1.69246767	1.83709669	0.71138826	1.01571726	-2.47128010
0.00000000	21.57452985	-1.06196905	-1.51383231	1.78528666	0.76730463	1.00098793	3.11436415
0.00000000	17.79268666	-3.71160005	-1.58075974	1.80816066	0.73232964	1.01270566	-2.66685057
0.00000000	29.08936300	4.23338539	-1.42715011	1.79852295	0.77068814	0.87822887	1.68698275
0.00000000	16.16942757	-4.34302656	-1.66441164	1.81632233	0.73962674	0.98443494	-2.45456791
0.00000000	44.99986046	-23.21894749	-1.88292311	2.13393664	0.83296291	0.74988423	1.93203223
0.00000000	32.42613893	9.39969766	-1.26133750	1.80392575	0.76270684	1.11046277	3.02711582
1.00000000	32.35323806	-16.52110941	-1.98679964	1.43579161	1.58182116	3.36144347	0.19415917
1.00000000	32.73581957	-13.89782052	-2.02993749	1.61684489	1.68296805	3.67500343	0.09373260
1.00000000	32.88060238	-19.52126842	-2.16162549	1.52571845	1.67566036	3.94657442	-3.12589478
1.00000000	45.27010165	-0.93962268	-1.42768977	1.46798325	1.51400519	3.12381010	0.07471254
2.00000000	24.73281308	1.70908476	-1.43545650	1.80215740	0.67775461	1.72901765	0.36065209
2.00000000	32.98562451	0.19641926	-1.54102061	1.73230946	0.62401699	1.83282228	0.25247535

813	248
792	250
754	246
775	245
813	162
792	162
754	163
775	163

-44	243
-75	243
-31	239
-2	239
-44	150
-75	150
-31	152
-2	152

767	241
746	242
713	239
734	238
767	165
746	165
713	165
734	166

845	253
825	256
783	251
803	249
845	163
825	163
783	164
803	164

653	225
627	225
627	223
652	223
653	164
627	164
627	165
652	165

780	237
757	238
730	235
753	234
780	162
757	162
730	163
753	163

488	212
489	211
511	211
511	212
488	167
489	167
511	167
511	167

827	246
808	248
771	245
790	243
827	164
808	164
771	164
790	165

972	201
961	200
969	200
981	200
972	166
961	167
969	167
981	167

400	206
383	206
393	205
409	205
400	165
383	165
393	166
409	166

929	213
958	212
1011	216
979	216
929	182
958	182
1011	182
979	182

870	213
904	213
947	217
910	217
870	180
904	180
947	180
910	180

1074	219
1036	219
985	214
1019	214
1074	183
1036	183
985	183
1019	183

604	197
627	197
633	198
608	198
604	175
627	175
633	174
608	174

538	216
557	215
572	218
552	218
538	165
557	165
572	164
552	164

588	208
601	208
611	209
598	209
588	171
601	171
611	171
598	171

