0.00000000	27.40924484	7.34193451	-1.34337471	1.75724053	0.78659011	1.04203412	0.15265264
0.00000000	18.31550724	13.05983694	-1.14160214	1.74725258	0.68672927	0.75362905	2.73607755
0.00000000	25.78961975	1.82538534	-1.51744304	1.85745978	0.66960611	0.96339003	0.38199511
0.00000000	14.31574821	-6.63174328	-1.69196723	1.80021501	0.76771010	1.19310178	-2.45878720
0.00000000	44.99063492	-23.28204481	-1.93662010	2.14222598	0.78660940	0.73964110	1.97050619
0.00000000	12.44982167	-7.18630741	-1.79166357	1.82637167	0.67620662	1.04570906	-1.84227312
0.00000000	13.03761131	-7.96551579	-1.78494064	1.81835747	0.69344303	1.22559972	-1.85343695
1.00000000	32.37497681	-16.40349313	-1.98186557	1.48907769	1.57413106	3.40095319	0.11826071
1.00000000	32.63077234	-13.76632264	-2.00051300	1.62172914	1.72783795	3.68130333	0.02599466
1.00000000	32.82150469	-19.47780408	-2.21473209	1.54470348	1.63183918	3.77512104	-3.10746193
2.00000000	40.28504271	1.49518565	-1.49444352	1.74677420	0.68098346	1.73124091	-3.04566050

403	212
424	212
421	213
400	213
403	167
424	167
421	166
400	166

83	227
66	226
98	224
115	225
83	156
66	156
98	157
115	157

541	217
558	216
567	218
548	218
541	166
558	166
567	166
548	165

980	255
962	258
901	253
920	251
980	163
962	162
901	164
920	164

973	201
962	201
970	201
981	201
973	167
962	167
970	167
981	167

1052	270
1066	275
996	273
986	268
1052	165
1066	165
996	165
986	166

1080	265
1095	270
1015	267
1005	263
1080	165
1095	165
1015	165
1005	166

928	212
958	212
1007	216
973	216
928	181
958	181
1007	181
973	181

870	213
905	213
944	217
904	217
870	179
905	179
944	179
904	179

1073	220
1036	220
986	216
1019	216
1073	184
1036	184
986	184
1019	184

584	202
572	202
570	201
582	201
584	171
572	171
570	171
582	171

