0.00000000	7.05986525	-2.45228567	-1.73328052	1.77312946	0.69060694	0.93864344	-0.93412852
0.00000000	20.96104245	2.69688305	-1.50978718	1.79166889	0.78110648	1.00653077	-2.31012940
0.00000000	25.40786141	6.63929488	-1.37615166	1.83718216	0.79925115	1.05184654	-2.61315632
0.00000000	24.86753213	6.18797101	-1.39370451	1.80275750	0.81027009	1.05265034	-2.61107492
0.00000000	7.68614631	-3.00014144	-1.74193500	1.78703427	0.70286903	0.88329707	-1.64717245
0.00000000	22.29063887	4.02503014	-1.47018514	1.80448580	0.72550209	1.06771831	-2.30055451
0.00000000	23.14618261	3.59043573	-1.47116230	1.80531502	0.74623690	1.04862122	-2.35019922
0.00000000	21.68741477	4.31527339	-1.47630272	1.75934696	0.72470221	1.02143923	-2.32696795
0.00000000	17.34650637	-1.73044958	-1.61981962	1.90596175	0.76254520	1.11731855	-2.36506510
0.00000000	45.04339820	-23.31735696	-1.90017782	2.07823277	0.83539831	0.79242469	1.99371839
0.00000000	23.95711447	4.41091437	-1.46741412	1.78183067	0.74679969	1.03131580	-2.54465914
1.00000000	32.35810681	-16.53910185	-2.00739102	1.47344804	1.59230311	3.47868926	0.17498896
1.00000000	45.37426296	-1.10804156	-1.48847530	1.52489567	1.50621737	3.13084345	0.04047551
1.00000000	32.86210612	-14.03091079	-1.99206434	1.62389851	1.66561760	3.62498635	0.08630819
1.00000000	32.88191243	-19.55615157	-2.20608811	1.54944611	1.66150096	3.95687662	-3.12496066

862	335
927	348
870	363
805	348
862	164
927	162
870	161
805	162

534	227
513	229
491	227
511	226
534	166
513	165
491	166
511	166

432	216
410	217
402	215
424	215
432	164
410	163
402	164
424	164

442	217
418	218
410	217
433	216
442	165
418	165
410	165
433	165

927	327
954	342
862	340
844	326
927	163
954	161
862	161
844	163

495	223
476	225
455	223
473	222
495	165
476	165
455	165
473	166

512	222
493	223
474	221
493	220
512	165
493	165
474	165
493	166

482	225
461	226
442	225
462	224
482	167
461	166
442	167
462	167

705	240
685	242
649	240
669	238
705	161
685	160
649	161
669	162

973	201
962	200
970	200
982	201
973	168
962	168
970	168
982	168

489	220
468	221
456	220
476	219
489	167
468	166
456	167
476	167

929	213
959	213
1013	216
980	217
929	182
959	182
1013	182
980	182

608	198
631	198
635	199
610	199
608	175
631	175
635	174
610	174

873	213
906	212
948	216
912	216
873	179
906	179
948	179
912	179

1075	220
1037	220
986	215
1020	215
1075	184
1037	184
986	183
1020	183

