0.00000000	12.72691049	11.44411187	-1.22404752	1.77451086	0.55836721	0.92876412	-2.68971419
0.00000000	12.79394376	10.24737107	-1.26677964	1.75567579	0.57574577	0.90351458	2.65962362
0.00000000	28.18189671	8.27542355	-1.26301740	1.85548687	0.77317569	1.18715245	2.96423769
0.00000000	19.49933830	-0.11389130	-1.50870834	1.75846291	0.75602806	0.93727449	-2.44632220
0.00000000	44.95258331	-23.41502685	-1.92477326	2.08755445	0.84588449	0.79746152	1.85750234
1.00000000	32.35063302	-16.49433186	-1.99353168	1.45288968	1.59695415	3.40598414	0.16902903
1.00000000	32.93198284	-19.48249591	-2.20572374	1.53597379	1.69699302	3.98833407	-3.11405659
1.00000000	32.83450478	-13.98701668	-2.00013886	1.63254976	1.65646955	3.57425683	0.04180615
1.00000000	45.63312531	-1.18716140	-1.42958282	1.49077249	1.61567691	3.54910085	-0.01169850
2.00000000	3.57946879	1.87263238	-1.64733384	1.81066990	0.70221746	1.73493796	0.21258950

-36	253
-79	254
-57	249
-17	248
-36	149
-79	148
-57	150
-17	151

1	255
-15	254
45	249
62	251
1	151
-15	152
45	154
62	153

396	210
377	210
392	209
410	209
396	162
377	162
392	163
410	163

631	230
609	231
587	229
608	228
631	165
609	164
587	165
608	165

974	201
964	201
974	201
984	201
974	168
964	168
974	168
984	168

928	213
959	212
1011	216
978	216
928	182
959	182
1011	182
978	182

1074	220
1035	220
983	215
1017	215
1074	184
1035	184
983	184
1017	184

874	213
907	213
946	216
908	217
874	179
907	179
946	179
908	179

609	197
634	197
635	198
609	198
609	174
634	174
635	174
609	174

192	459
323	449
236	633
4	662
192	141
323	143
236	117
4	113

