0.00000000	15.88656526	8.74683481	-1.32563804	1.78938627	0.56274612	1.08246043	-2.63446379
0.00000000	32.00729521	10.66270878	-1.13924764	1.85569191	0.69077125	1.06741872	-2.59620428
0.00000000	43.66031446	-18.86682448	-1.86110602	1.79893506	0.76371314	0.80411269	1.63964713
0.00000000	25.73961459	7.20932860	-1.27505038	1.81639218	0.78153751	1.09391730	-0.03957530
0.00000000	15.85946083	8.17708467	-1.34963260	1.75760341	0.55702795	1.04518399	0.45869094
0.00000000	28.58792606	8.60310605	-1.23865912	1.85022664	0.73359844	1.06629188	3.08193040
0.00000000	32.72480714	10.05731884	-1.15243314	1.79829717	0.67262767	1.01162313	-0.06054430
0.00000000	23.46615289	1.93577064	-1.48297284	1.79759097	0.70192108	1.27590683	0.42056680
0.00000000	45.02891239	-23.30149867	-1.81130610	2.18246651	0.81700181	0.71966554	2.04998970
1.00000000	32.36767618	-16.55988568	-2.00346176	1.47393668	1.61401473	3.45229475	0.13395925
1.00000000	32.96031199	-19.53527112	-2.19755385	1.59304237	1.71770940	4.02486324	-3.11674070
1.00000000	32.84357472	-13.88212129	-2.00602661	1.58833647	1.66889806	3.52815452	0.08119430
1.00000000	45.36801388	-1.04221294	-1.48185478	1.48099530	1.53817817	3.04141986	-0.03758374
2.00000000	12.32935378	1.40723429	-1.58917139	1.80613792	0.64309851	1.83946130	0.00395322
2.00000000	23.93169654	0.91389355	-1.53322194	1.81509793	0.72690358	1.61830752	0.47946486

222	240
192	241
193	238
222	237
222	157
192	157
193	158
222	158

376	204
360	204
355	203
371	203
376	162
360	162
355	162
371	162

908	202
902	201
914	201
921	202
908	172
902	172
914	172
921	172

398	212
419	212
409	213
387	213
398	162
419	162
409	162
387	162

219	238
247	237
247	241
217	242
219	160
247	160
247	159
217	159

393	209
374	209
384	208
402	208
393	162
374	162
384	163
402	162

381	203
395	203
387	203
373	203
381	164
395	164
387	163
373	163

529	220
549	219
562	221
541	222
529	166
549	166
562	165
541	165

974	199
962	199
969	199
981	199
974	165
962	165
969	165
981	165

930	213
961	213
1012	216
978	216
930	182
961	182
1012	182
978	182

1075	219
1036	219
984	215
1018	215
1075	183
1036	183
984	182
1018	182

870	213
904	213
944	217
907	217
870	180
904	180
944	180
907	180

608	198
632	198
632	199
607	199
608	175
632	175
632	175
607	175

511	261
546	261
537	274
496	274
511	162
546	162
537	159
496	159

557	220
576	219
597	222
577	222
557	167
576	167
597	166
577	166

