0.00000000	20.91181153	1.45734988	-1.53709541	1.72653508	0.76353683	0.99409701	0.63747913
0.00000000	21.91950396	11.32155469	-1.19683788	1.86417556	0.62684997	0.85422248	2.98413348
0.00000000	22.06427424	10.56264827	-1.23028944	1.78780651	0.60112833	0.89601929	2.99193811
0.00000000	45.00685742	-23.25559353	-1.82109116	2.18903399	0.79895611	0.78858474	1.95262909
1.00000000	32.40917356	-16.51648220	-2.00327728	1.45199108	1.61631703	3.44441094	0.15237609
1.00000000	32.95535037	-19.51992825	-2.19965885	1.52097011	1.69471016	3.98614783	-3.11171579
1.00000000	32.85995283	-13.86504801	-1.97897659	1.61371529	1.65170855	3.60854550	0.06151977
1.00000000	45.48269071	-1.01890313	-1.45457337	1.51361585	1.51515791	3.28180351	0.03017509
2.00000000	40.68598747	4.17427515	-1.36553619	1.75638080	0.66873180	1.84145585	-3.03922653
2.00000000	32.31423027	1.08758023	-1.48165176	1.81041956	0.68969178	1.92782440	0.28852978

534	227
556	226
575	228
552	229
534	168
556	169
575	168
552	168

233	219
214	219
233	217
252	218
233	157
214	157
233	158
252	157

260	220
242	219
261	218
278	218
260	160
242	160
261	161
278	161

972	200
961	199
970	199
981	199
972	165
961	165
970	165
981	165

928	213
959	212
1011	216
977	216
928	182
959	182
1011	182
977	182

1074	219
1036	220
984	215
1018	215
1074	184
1036	184
984	184
1018	184

870	212
903	212
943	216
907	216
870	179
903	179
943	179
907	179

607	197
629	197
633	199
608	199
607	174
629	174
633	174
608	174

536	200
524	201
525	200
536	200
536	169
524	169
525	169
536	170

567	207
582	207
593	209
578	209
567	168
582	168
593	168
578	168

