1.00000000	12.72089983	-2.56365475	-1.65240715	1.64895499	1.60185757	3.83098251	-0.00168675
1.00000000	17.51663308	-2.56079875	-1.54879711	1.40191162	1.51980880	3.65739182	0.01393334
1.00000000	6.62282266	-2.47679008	-1.70507226	1.57755852	1.71602196	4.32491114	-0.00599287
1.00000000	27.99347827	-2.53129256	-1.51645003	1.71913147	1.66906056	4.11482673	-0.02850548
1.00000000	10.68735374	4.57456739	-1.70540164	1.45657158	1.58930437	4.12214430	2.57186794
1.00000000	24.40916864	5.14572043	-1.68512938	1.42321157	1.53693212	3.51159102	0.71058679
1.00000000	33.74366007	-2.39351172	-1.55822275	1.48607254	1.54475711	3.64961844	0.01279344

702	257
782	257
845	288
735	288
702	174
782	174
845	175
735	175

679	234
737	234
769	249
698	249
679	181
737	181
769	183
698	183

754	314
900	314
1197	462
900	461
754	180
900	180
1197	189
900	189

654	214
694	214
704	220
657	220
654	172
694	172
704	172
657	172

176	329
111	314
376	275
442	283
176	202
111	199
376	191
442	193

413	228
453	226
506	232
463	234
413	187
453	186
506	188
463	188

643	209
675	209
684	214
648	214
643	179
675	179
684	180
648	180

