1.00000000	8.10305696	-2.49895297	-1.66478537	1.55987108	1.71520883	4.33689889	-0.01195040
1.00000000	14.25150068	-2.56346903	-1.57872389	1.60371685	1.58753034	3.83278571	-0.00348876
1.00000000	2.53276041	-2.48407816	-1.66632817	1.49698639	1.61831395	3.48080961	-0.00654606
1.00000000	29.44757813	-2.60249690	-1.39314387	1.71403122	1.65589891	4.04223549	-0.03417477
1.00000000	18.98489375	-2.56135087	-1.49226151	1.40391994	1.46845516	3.52888641	-0.01313652
1.00000000	25.84038032	5.01478848	-1.56574271	1.39957213	1.50260157	3.44490064	0.63732255
1.00000000	12.22001251	4.53225688	-1.67795084	1.43893933	1.61984030	4.13823943	2.54493070
1.00000000	31.21671677	4.21661578	-1.44676636	1.38881063	1.45875576	3.48893435	1.24575830

735	291
859	292
1045	383
825	382
735	179
859	179
1045	184
825	184

693	246
765	246
814	270
719	270
693	173
765	173
814	174
719	174

927	460
1222	461
5455	2469
3067	2421
927	189
1222	189
5455	308
3067	305

654	209
692	209
701	215
656	215
654	170
692	170
701	169
656	169

677	228
729	228
752	240
689	240
677	179
729	179
752	180
689	180

430	222
468	220
512	225
472	228
430	184
468	183
512	184
472	185

244	304
184	293
406	263
466	270
244	197
184	195
406	190
466	191

468	213
484	211
557	213
543	215
468	181
484	180
557	181
543	181

