1.00000000	28.74679063	-2.52767864	-1.68997834	1.58216667	1.65523698	3.98521266	-0.00036464
1.00000000	26.45353769	5.65818987	-1.92145226	1.45075345	1.57394692	3.72262848	2.16761637
1.00000000	10.48434094	-22.47835021	-1.33793424	1.46910059	1.61704594	3.68174942	1.97120583
1.00000000	13.59808319	-22.44803121	-1.33399795	2.20704031	1.78636140	4.85816221	2.04195356
1.00000000	15.81197161	-11.29720337	-1.38483630	1.60943961	1.70569294	4.20890670	-1.28343976
1.00000000	4.74455890	-24.79985711	-1.36568115	1.77299857	1.67593078	4.31026754	2.81052399
1.00000000	29.52141009	5.76139500	-1.89382027	1.47039223	1.60437164	3.68262122	2.05001950

651	217
691	217
703	224
658	224
651	180
691	180
703	181
658	181

412	237
397	233
493	229
511	232
412	194
397	193
493	191
511	192

2358	266
2059	252
2090	243
2352	253
2358	145
2059	149
2090	152
2352	149

1922	246
1716	237
1761	228
1938	234
1922	106
1716	114
1761	123
1938	117

1169	230
1252	236
1100	242
1027	234
1169	162
1252	160
1100	159
1027	161

8998	534
6875	461
3251	287
3666	297
8998	-60
6875	-13
3251	98
3666	92

428	229
419	227
506	224
519	226
428	191
419	190
506	189
519	190

