1.00000000	24.21485248	-2.71381830	-1.49207995	1.49244881	1.54735650	3.61517542	-0.01296270
1.00000000	13.77157663	-2.81488770	-1.63726268	1.58316982	1.66825229	4.28807610	0.02665297
1.00000000	14.98593531	5.05729725	-1.48132418	1.46743548	1.57290807	3.89342967	1.25265765
1.00000000	8.23745539	-2.90274118	-1.69764159	1.55301368	1.63659297	4.19248970	-0.00196554
1.00000000	9.69503051	4.95310834	-1.59183596	1.45784032	1.51302344	3.82479461	1.10380173
1.00000000	21.97674450	4.96521498	-1.37903355	1.85762537	1.67713354	4.33007479	2.18263102
1.00000000	37.81391445	-2.68001807	-1.24806879	1.43341088	1.53654484	3.71905910	-0.01885219
1.00000000	18.26246161	6.02705353	-1.37270639	1.40594387	1.50756459	3.53756171	1.28214729

666	218
710	218
725	226
674	226
666	177
710	177
725	177
674	177

702	250
778	250
849	279
744	279
702	177
778	177
849	178
744	178

258	252
313	245
469	251
426	260
258	180
313	179
469	180
426	180

765	293
882	293
1077	379
875	379
765	181
882	181
1077	188
875	188

88	298
197	282
388	303
287	325
88	188
197	186
388	189
287	192

383	230
365	226
499	221
524	224
383	162
365	163
499	164
524	164

646	201
674	201
680	204
649	203
646	174
674	174
680	174
649	174

290	235
330	231
449	234
417	239
290	178
330	178
449	178
417	179

