1.00000000	9.65590540	-3.16160855	-1.67216228	1.63722634	1.68688454	4.04851562	0.04558752
1.00000000	3.99839784	-2.84730008	-1.71170066	1.49661207	1.53252404	3.67237267	-0.01361523
1.00000000	9.64996438	5.31290958	-1.57168339	1.51582646	1.52949346	3.85260049	2.14213514
1.00000000	22.33741660	-1.10576027	-1.40383146	1.68914211	1.73041601	3.85225352	-0.01884384

755	278
861	277
1017	335
855	337
755	174
861	174
1017	175
855	175

892	386
1093	387
2027	810
1425	803
892	192
1093	192
2027	231
1425	230

4	328
24	305
346	280
372	295
4	185
24	183
346	181
372	182

620	219
672	219
681	228
619	228
620	168
672	168
681	167
619	167

