1.00000000	9.38380141	5.39374101	-1.65239988	1.51685810	1.50425215	3.65714870	1.94901145
1.00000000	17.04863122	-2.81960337	-1.60970889	1.51954317	1.60562412	3.86381024	-0.00033223
1.00000000	5.70591123	-2.61447304	-1.69228945	1.40834010	1.60654705	4.04948875	0.00444848
1.00000000	24.92399467	5.34209703	-1.52734743	1.54918385	1.61043186	3.88127189	-0.96820772
1.00000000	6.53705911	5.65587345	-1.64564333	1.63931179	1.59780697	3.93315867	1.96794260
1.00000000	11.48724681	-2.93261377	-1.69711385	1.46305156	1.52653973	3.71233350	-0.00186255
1.00000000	29.01524996	-2.95105984	-1.61627720	1.47912109	1.50645563	3.64172584	-0.00778579
1.00000000	30.54748585	5.10704894	-1.57023035	1.46063375	1.53341748	3.94104092	2.19309187
1.00000000	36.62326210	4.75150660	-1.52100585	1.51559567	1.59416136	3.78390362	2.17930460
1.00000000	33.95226127	-2.92048203	-1.66402350	1.56777310	1.53343505	3.69518023	-0.00284549

-19	334
32	309
341	292
343	310
-19	192
32	189
341	187
343	189

690	237
752	237
789	254
711	254
690	179
752	179
789	180
711	180

791	332
947	332
1353	523
1013	523
791	196
947	196
1353	223
1013	224

496	221
517	223
407	228
391	225
496	178
517	179
407	179
391	179

-465	430
-282	369
230	330
212	368
-465	181
-282	179
230	178
212	179

733	267
818	267
900	304
782	304
733	186
818	186
900	191
782	191

663	215
699	215
710	221
670	221
663	180
699	180
710	181
670	181

453	220
437	218
522	214
539	216
453	183
437	182
522	182
539	182

489	212
475	210
541	208
557	209
489	180
475	180
541	179
557	179

655	211
686	211
694	216
660	216
655	179
686	179
694	180
660	180

