1.00000000	4.11907936	-2.68959497	-1.66375146	1.37959707	1.53355928	3.54903058	-0.02255150
1.00000000	43.86090730	-1.95740148	-1.29221914	1.58399332	1.63789988	3.94588834	0.02173750
1.00000000	18.96300190	14.57829224	-1.36092875	1.53331721	1.59998662	3.86127547	0.36800280
1.00000000	16.73283451	22.30345575	-1.15328572	1.55426884	1.49072550	3.58757032	-2.88124061

871	378
1070	379
1844	739
1290	730
871	201
1070	201
1844	251
1290	250

628	199
654	199
659	201
631	201
628	173
654	173
659	174
631	174

39	231
107	229
60	241
-23	244
39	176
107	176
60	177
-23	177

-408	244
-507	246
-329	232
-253	231
-408	169
-507	169
-329	170
-253	170

