1.00000000	18.48826283	-2.41364429	-1.61171172	1.50854945	1.55264218	3.68792132	0.01169875
1.00000000	15.07261929	5.72946950	-1.49967311	1.60396266	1.56030216	3.90064152	2.10486293
1.00000000	20.86344267	5.50380255	-1.48483763	1.64198661	1.52340014	3.63751807	2.19407582
1.00000000	13.56318248	-2.61021915	-1.66440104	1.54594493	1.59705171	3.38754685	0.02965610
1.00000000	9.49700945	5.57899224	-1.56742023	1.43433809	1.56303111	3.84556714	-1.02615142
1.00000000	24.68591991	-2.29392805	-1.53689335	1.69651437	1.70678873	4.32727713	-0.00556636
1.00000000	43.31285577	-2.16369629	-1.25676547	2.47185373	2.00111803	5.52375756	-0.00053431
1.00000000	1.57807893	-2.61109503	-1.70900426	1.48246431	1.57798466	3.63413848	0.01645526
1.00000000	34.23613247	5.85139425	-1.43956683	1.41467571	1.54485436	3.69974814	2.47031212

670	234
726	234
754	247
686	248
670	179
726	179
754	181
686	181

228	263
224	254
417	244
438	251
228	174
224	174
417	174
438	174

362	237
346	233
467	227
489	230
362	174
346	174
467	174
489	174

698	255
774	254
829	278
730	279
698	180
774	180
829	182
730	182

326	282
348	297
-35	330
-3	306
326	187
348	189
-35	193
-3	190

651	218
697	218
713	227
658	227
651	172
697	172
713	172
658	172

629	198
660	198
667	201
631	201
629	159
660	159
667	157
631	157

467	213
444	211
504	208
526	209
467	181
444	180
504	180
526	180

