1.00000000	5.14611570	-2.56226188	-1.61672638	1.85061646	1.69699427	3.77639312	-0.03360447
1.00000000	27.98657919	-2.53915285	-1.44819603	1.57236075	1.59482627	3.78752790	-0.00642189
1.00000000	25.40570811	11.47667483	-1.79345630	1.54655433	1.67412774	3.79142542	-3.07589769
1.00000000	48.74571248	11.34221679	-1.73801194	1.45166910	1.53842333	4.22325605	-3.12288237
1.00000000	30.88104097	11.45982240	-1.70703695	1.97791600	1.61976203	4.53306593	3.13834548

806	339
990	341
1448	557
1024	549
806	142
990	142
1448	103
1024	104

654	212
693	212
704	218
660	218
654	174
693	174
704	174
660	174

286	238
232	238
278	229
324	228
286	190
232	190
278	187
324	187

446	208
422	208
437	205
459	205
446	185
422	185
437	184
459	184

340	225
298	225
342	218
377	218
340	175
298	175
342	174
377	174

