1.00000000	20.50131246	-13.29401041	-1.61581324	1.45103681	1.52949142	3.72000870	1.26714444
1.00000000	14.19798575	7.67548210	-1.90250746	1.46096015	1.71547312	3.62709196	0.53603691
1.00000000	17.36125193	-22.11140582	-1.44419299	1.56751537	1.63501517	3.63997001	-0.86068130
1.00000000	10.91099036	-14.31468035	-1.63207887	1.42359829	1.58393963	3.80279390	-0.82466841
1.00000000	22.60359714	-15.67428614	-1.61748944	1.48652315	1.60816077	4.15118117	1.06115806
1.00000000	33.49441227	19.58179474	-2.42674549	1.51112223	1.59924140	3.54694944	0.42365429
1.00000000	9.41291797	21.13570665	-1.90882007	2.06410265	1.62134092	4.43352900	-2.60065055
1.00000000	22.89150891	-16.85459928	-1.58527635	1.43122411	1.56400423	3.64384118	0.00857605

1018	230
1006	227
1153	229
1178	234
1018	178
1006	178
1153	178
1178	179

165	271
256	266
274	288
160	297
165	201
256	199
274	206
160	208

1489	223
1595	226
1618	235
1495	230
1489	163
1595	162
1618	160
1495	161

1490	260
1649	269
1725	298
1516	283
1490	178
1649	178
1725	180
1516	179

1041	224
1039	221
1198	225
1211	229
1041	176
1039	176
1198	176
1211	177

171	233
209	232
201	238
159	239
171	202
209	201
201	204
159	205

-1204	376
-1574	401
-947	319
-746	308
-1204	181
-1574	182
-947	179
-746	178

1086	219
1132	219
1224	227
1171	227
1086	176
1132	176
1224	177
1171	177

