1.00000000	12.36577410	-2.76039023	-1.65476964	1.46496177	1.59822906	3.54158251	-0.00126146
1.00000000	26.08410183	-2.68443760	-1.59468744	1.38468230	1.45765716	3.71503171	-0.03545890
1.00000000	24.36487549	5.52188472	-1.48507343	1.48152030	1.55471971	3.52071869	2.04106760
1.00000000	6.37748179	5.90083474	-1.54883395	1.47663856	1.53788203	3.37293619	1.57668829
1.00000000	10.12829730	5.04588579	-1.54422114	1.99329603	1.70035943	4.26754293	2.21904874
1.00000000	2.01914907	-2.84182398	-1.71326516	1.53245866	1.62872405	4.24122936	0.01119777

715	260
799	260
864	290
752	290
715	184
799	184
864	187
752	187

664	218
702	218
712	226
668	225
664	182
702	182
712	184
668	184

396	227
387	224
490	221
504	224
396	180
387	180
490	179
504	180

-409	390
-182	341
174	341
50	389
-409	189
-182	186
174	186
50	189

45	321
48	300
378	272
419	285
45	139
48	144
378	150
419	147

