0.00000000	16.90280312	6.85507624	-1.35822032	1.71729755	0.69249853	1.23034457	0.20714217
0.00000000	31.28624966	16.35698770	-0.75710772	1.90409636	0.58875613	0.48676533	0.84966588
0.00000000	40.37013054	12.81208239	-0.75905822	1.86662936	0.70664075	0.80936049	-0.31560931
0.00000000	12.19327450	10.67288047	-1.28096412	1.78020883	0.66224995	1.05235820	3.07468939
0.00000000	17.88293813	5.55060788	-1.44824419	1.74651027	0.74153033	1.13028076	0.37725425
0.00000000	17.45312967	6.05932537	-1.40350018	1.76780772	0.71746291	1.20302949	0.25143281
0.00000000	34.95187257	0.38908155	-1.38361965	1.70745683	0.67941531	1.14002087	-0.62172121
0.00000000	6.56902225	-1.00188757	-1.63427399	1.74737716	0.77216766	1.07573357	-2.43375731
1.00000000	24.78146051	-19.21458056	-2.06799750	1.52161312	1.66332533	3.85661439	-3.13703465
1.00000000	24.06596385	-16.36565359	-1.93203626	1.42696786	1.57208929	3.31497130	0.05530819
1.00000000	24.31458172	-13.77985101	-1.89101718	1.49024236	1.56178459	3.34446681	0.08969472
1.00000000	37.26771505	-0.59867156	-1.26047276	1.40158343	1.56518739	3.89656707	0.15404551

302	234
332	233
323	237
291	238
302	163
332	163
323	161
291	161

220	197
235	197
239	197
225	197
220	153
235	154
239	153
225	153

376	191
387	191
378	192
367	192
376	159
387	159
378	158
367	158

-42	261
-81	260
-19	254
16	254
-42	149
-81	150
-19	152
16	152

364	234
395	233
399	236
367	237
364	165
395	165
399	164
367	164

342	233
372	233
368	236
336	237
342	162
372	163
368	161
336	161

597	203
608	203
594	204
583	204
597	169
608	169
594	168
583	168

800	357
744	373
649	348
705	336
800	154
744	152
649	155
705	157

1233	231
1181	231
1096	224
1140	224
1233	183
1181	183
1096	183
1140	183

1036	223
1078	223
1154	229
1106	229
1036	183
1078	183
1154	183
1106	183

959	222
1000	222
1068	228
1022	228
959	181
1000	181
1068	181
1022	181

595	198
623	198
637	200
606	200
595	173
623	173
637	172
606	172

