0.00000000	11.13328934	-0.41688116	-1.57801602	1.77952075	0.84627216	1.05746647	-2.39372444
0.00000000	31.37773715	16.39009526	-0.67720840	1.96982861	0.63422216	0.52502030	1.20207262
0.00000000	10.78879708	0.27865109	-1.56924937	1.88731802	0.86471878	1.11943515	-2.41682482
0.00000000	7.61417150	-2.38589739	-1.65363977	1.77321899	0.82190296	1.04996107	-2.44669771
0.00000000	12.07686349	-1.15102969	-1.56249855	1.83625603	0.85195162	1.05515381	-2.43782496
0.00000000	11.46122782	-4.16427913	-1.61069677	1.78057396	0.77234420	1.16147517	-1.10124660
1.00000000	24.08547652	-16.31524626	-1.95707921	1.43111742	1.58103265	3.35431068	0.08155074
1.00000000	24.79847356	-19.20767395	-2.05365817	1.53945780	1.65721068	3.85534638	-3.10570145
1.00000000	24.30984597	-13.77096176	-1.94581447	1.50586760	1.57453402	3.43027240	0.05171668
2.00000000	27.52526183	5.44847438	-1.40071843	1.82888710	0.74738225	1.83819595	-3.09710479
2.00000000	27.91967141	4.30836176	-1.38811443	1.84960985	0.77693572	1.78811362	-2.97114515

678	276
639	281
590	274
629	269
678	158
639	157
590	159
629	160

219	195
232	195
241	195
228	195
219	150
232	151
241	150
228	150

635	279
590	285
541	277
586	272
635	150
590	149
541	151
586	153

908	330
865	342
773	325
818	315
908	155
865	153
773	156
818	158

716	266
681	271
635	265
670	261
716	155
681	154
635	155
670	156

877	266
916	272
863	276
825	270
877	159
916	158
863	157
825	158

1033	223
1074	223
1154	230
1106	230
1033	184
1074	184
1154	184
1106	184

1233	230
1183	231
1094	223
1138	223
1233	182
1183	182
1094	182
1138	182

959	223
1001	223
1068	230
1020	230
959	182
1001	182
1068	182
1020	182

469	214
448	214
456	212
475	212
469	165
448	165
456	166
475	166

504	213
483	213
483	211
503	211
504	164
483	164
483	165
503	165

