0.00000000	16.26422907	6.12126652	-1.39923904	1.81805444	0.73925076	1.15991886	0.24551144
0.00000000	17.32318150	4.81927018	-1.46235595	1.71433926	0.73703363	1.08407046	2.98181033
0.00000000	31.29977929	16.38357514	-0.78970073	1.89519787	0.59411322	0.45926363	1.16225207
0.00000000	41.09963869	12.76984466	-0.85255096	1.90896225	0.74312671	0.71993651	-0.05455077
0.00000000	11.21362260	10.56270850	-1.30424307	1.80648112	0.65381052	1.03132097	3.04538417
0.00000000	16.83188865	5.36844103	-1.41578100	1.79207253	0.71236789	1.11972548	0.17755057
0.00000000	6.49035855	-1.30403920	-1.64156185	1.81709361	0.83783002	1.03727030	2.01296473
0.00000000	31.51704889	10.91935760	-1.08471439	1.78792691	0.77997556	0.97726827	0.19264993
1.00000000	24.08350141	-16.35460226	-1.94450698	1.43178296	1.58404614	3.33912592	0.07744315
1.00000000	24.78620379	-19.19794961	-2.08501760	1.53591180	1.65501958	3.89472434	-3.11465287
1.00000000	24.30633746	-13.77568245	-1.91982816	1.52625489	1.59052046	3.39189925	0.06908818

320	237
353	237
348	241
312	242
320	159
353	159
348	158
312	157

409	239
379	239
400	235
428	236
409	165
379	165
400	166
428	166

220	198
232	197
239	198
227	198
220	154
232	155
239	155
227	154

378	193
390	193
386	193
373	193
378	160
390	160
386	160
373	160

-97	270
-137	270
-64	262
-27	262
-97	147
-137	147
-64	150
-27	150

363	236
393	235
388	239
355	239
363	161
393	161
388	160
355	160

738	374
682	351
775	340
839	360
738	143
682	148
775	150
839	146

349	202
367	202
364	203
345	203
349	162
367	162
364	162
345	162

1034	223
1076	223
1155	229
1107	230
1034	183
1076	183
1155	184
1107	184

1233	232
1183	232
1094	224
1138	224
1233	183
1183	183
1094	183
1138	183

959	223
1001	223
1068	229
1020	229
959	181
1001	181
1068	181
1020	181

