0.00000000	10.59385099	1.14231110	-1.61107574	1.79242933	0.88743136	0.90140708	-2.56389761
0.00000000	7.39952702	-3.74524719	-1.67528985	1.93244290	0.76696841	1.10767601	-2.35831046
0.00000000	31.32424606	16.37053992	-0.72185920	1.95120835	0.63179288	0.52159127	0.90157181
0.00000000	7.99056731	-4.52946989	-1.67760513	1.79765987	0.74084487	1.01027238	-2.38081598
0.00000000	18.02944133	6.08480604	-1.39060376	1.71327162	0.75029801	1.06305362	-2.91425300
0.00000000	8.67269980	-5.10304602	-1.62934623	1.81386900	0.71518288	0.99510307	-2.47522116
0.00000000	14.91216358	-4.56194878	-1.60917662	1.91093802	0.80399843	0.95675501	3.04370356
1.00000000	37.40370650	-0.80816118	-1.32414518	1.46634185	1.54111919	3.39580147	0.01855171
1.00000000	24.71226642	-19.15678790	-2.04685245	1.52189004	1.67269691	3.74185474	-3.09180546
1.00000000	24.05168383	-16.30615874	-2.00430761	1.36985910	1.55289879	3.24369983	0.08011549

570	285
514	290
487	282
540	278
570	160
514	159
487	161
540	162

1056	335
1034	348
911	330
939	319
1056	139
1034	135
911	140
939	143

220	196
235	196
240	196
225	196
220	151
235	152
240	152
225	151

1089	322
1070	332
963	318
987	309
1089	154
1070	152
963	154
987	156

375	234
343	234
348	231
379	231
375	164
343	163
348	164
379	165

1099	306
1076	313
981	301
1007	295
1099	149
1076	147
981	150
1007	152

852	251
811	250
802	246
841	246
852	155
811	155
802	157
841	156

604	199
632	199
636	201
605	201
604	173
632	173
636	172
605	172

1233	230
1183	231
1095	223
1138	223
1233	183
1183	183
1095	182
1138	182

1034	225
1075	225
1152	231
1106	231
1034	187
1075	187
1152	188
1106	188

