0.00000000	13.89656318	4.89279596	-1.51360474	1.62841380	0.65517045	1.05409928	0.61612004
0.00000000	31.36419246	16.39561151	-0.72898672	1.94217479	0.62786235	0.49414823	1.23333991
0.00000000	40.51017259	12.96901201	-0.82559190	1.83909988	0.74630552	0.92147502	-0.06103007
0.00000000	13.39327160	2.23035059	-1.58218275	1.74596119	0.72594748	1.08973298	0.73612088
1.00000000	24.11705569	-16.32701786	-1.92166780	1.41046464	1.57899841	3.32479916	0.07783175
1.00000000	24.79465133	-19.23301659	-2.04232935	1.51025915	1.64401202	3.86897953	-3.13808298
1.00000000	24.30381775	-13.78146724	-1.88015692	1.50452232	1.58309874	3.35950475	0.06834870
1.00000000	37.16095623	-0.82460203	-1.35028730	1.52563882	1.57010383	3.18936925	0.04210949

326	254
360	252
376	256
340	259
326	170
360	171
376	170
340	170

219	196
231	196
240	196
228	196
219	152
231	152
240	152
228	152

372	192
384	192
378	193
365	193
372	160
384	160
378	160
365	160

452	259
486	256
518	261
484	264
452	166
486	166
518	165
484	165

1033	222
1074	222
1153	228
1105	229
1033	183
1074	183
1153	184
1105	184

1233	230
1181	230
1096	223
1140	223
1233	183
1181	183
1096	182
1140	182

959	222
1001	222
1068	228
1020	228
959	180
1001	180
1068	180
1020	180

603	200
632	200
637	202
606	202
603	172
632	172
637	171
606	171

