0.00000000	6.59500988	-4.86613073	-1.68595336	1.83045971	0.77068657	0.98175359	-2.37102127
0.00000000	31.27935811	16.39428641	-0.74073480	1.88837099	0.59662571	0.51189606	1.23641813
0.00000000	16.91899927	5.17933745	-1.44855187	1.70254207	0.74552478	0.80949923	0.49981466
0.00000000	11.45656485	1.95406613	-1.58576975	1.77941501	0.89465623	0.97531472	0.35171461
0.00000000	7.84071998	-6.06670505	-1.66439221	1.67637610	0.68916153	1.12446139	-2.38170648
0.00000000	15.35226797	-5.00438841	-1.57864497	1.92882872	0.72930314	1.02405344	2.83529258
1.00000000	24.28668173	-13.77911819	-1.95646827	1.53258300	1.58244638	3.34846221	0.05808531
1.00000000	24.04659171	-16.36692662	-1.99145196	1.42629325	1.57164947	3.32018608	0.06054020
1.00000000	24.73515460	-19.44352200	-2.03620706	1.50687468	1.63705522	3.83166796	-3.09862256
1.00000000	37.16257497	-0.75866800	-1.33512972	1.50696063	1.55576389	3.25401676	0.04948705
2.00000000	7.84071998	-6.06670505	-1.66439221	1.67637610	0.68916153	1.12446139	-2.38170648

1235	354
1225	371
1081	350
1100	336
1235	145
1225	142
1081	146
1100	149

219	197
230	196
239	196
228	197
219	153
230	154
239	154
228	153

364	238
396	236
404	239
371	240
364	166
396	166
404	165
371	165

449	272
504	270
517	277
458	280
449	162
504	163
517	161
458	160

1252	323
1245	332
1106	316
1120	308
1252	161
1245	160
1106	162
1120	163

860	247
822	246
823	242
858	243
860	153
822	153
823	155
858	154

960	224
1002	224
1068	230
1020	230
960	182
1002	182
1068	182
1020	182

1036	224
1078	224
1155	231
1107	231
1036	185
1078	185
1155	185
1107	185

1242	230
1192	230
1102	223
1145	223
1242	183
1192	183
1102	182
1145	182

602	200
630	200
636	201
605	201
602	172
630	172
636	171
605	171

1252	323
1245	332
1106	316
1120	308
1252	161
1245	160
1106	162
1120	163

