0.00000000	13.07224600	3.72665054	-1.52497838	1.81174541	0.71910784	0.96338807	0.63611013
0.00000000	31.35845536	16.46130210	-0.71576951	1.95504475	0.66358910	0.57990100	0.60330051
0.00000000	35.21911972	-18.35686408	-1.81554167	1.69097292	0.72950533	0.77683259	1.50651622
0.00000000	14.64234779	3.35137217	-1.52754674	1.73786378	0.70858559	0.96741695	0.55017018
0.00000000	16.16851154	-5.89365332	-1.58829854	1.81531584	0.66583611	0.87615244	0.92866027
1.00000000	24.77804987	-19.21117306	-2.06483183	1.53377378	1.66086664	3.84297936	-3.11934686
1.00000000	24.07369363	-16.35105233	-1.96015463	1.43913245	1.58331708	3.37086728	0.08080699
1.00000000	24.29017770	-13.77395580	-1.94093166	1.51468253	1.58059330	3.44466347	0.04494990
1.00000000	37.31206342	-0.80606059	-1.31522356	1.42616439	1.55523090	3.32095247	0.04759083

370	259
408	256
428	261
389	264
370	160
408	160
428	159
389	159

219	196
236	196
238	196
220	196
219	151
236	152
238	151
220	151

970	207
964	207
980	207
987	207
970	173
964	173
980	173
987	173

415	250
449	248
465	252
430	254
415	165
449	165
465	165
430	164

843	241
853	239
892	241
884	243
843	160
853	161
892	160
884	159

1233	231
1182	231
1095	224
1139	223
1233	183
1182	183
1095	182
1139	182

1034	223
1075	223
1155	230
1108	230
1034	183
1075	183
1155	184
1108	184

960	223
1002	223
1068	230
1020	230
960	182
1002	182
1068	182
1020	182

603	199
631	199
637	201
606	201
603	173
631	173
637	172
606	172

