0.00000000	13.38396574	4.09774278	-1.53323827	1.73939681	0.69886485	0.97391692	0.61649269
0.00000000	31.37950395	16.41231336	-0.72896073	1.91567445	0.63148164	0.51242984	1.05936015
0.00000000	14.20224842	2.92451507	-1.53117095	1.79293871	0.74765839	0.95815839	0.60421807
0.00000000	41.67583867	13.24925925	-0.90093015	1.78583407	0.75097594	0.92771304	0.19303671
0.00000000	16.21561678	-5.89893492	-1.58153556	1.81897616	0.66137400	0.83968098	0.92347300
1.00000000	24.80025291	-19.23145181	-2.05653749	1.55286872	1.67477052	3.96339517	-3.12718105
1.00000000	24.12309396	-16.38748771	-1.94610725	1.45561218	1.59670271	3.42745718	0.07396217
1.00000000	24.31932500	-13.78637740	-1.92632912	1.53850603	1.61262045	3.46691012	0.05066404
1.00000000	37.29839827	-0.78281603	-1.32408450	1.39903116	1.53562944	3.35083416	0.03446149

357	258
394	255
412	260
373	263
357	165
394	165
412	164
373	164

219	196
233	196
240	196
226	196
219	152
233	153
240	153
226	152

429	252
464	250
484	254
448	256
429	162
464	162
484	161
448	161

371	193
384	193
382	194
369	194
371	163
384	163
382	163
369	163

844	240
853	239
891	240
882	242
844	160
853	160
891	160
882	159

1235	231
1183	231
1095	223
1139	223
1235	182
1183	182
1095	182
1139	182

1033	223
1075	223
1156	229
1108	230
1033	183
1075	183
1156	183
1108	183

959	223
1002	223
1069	229
1020	230
959	181
1002	181
1069	181
1020	181

603	199
631	199
636	201
605	201
603	174
631	174
636	173
605	173

