0.00000000	11.55031104	2.06173094	-1.56694863	1.79479837	0.91878058	0.97043138	0.38750729
0.00000000	6.41957898	-4.94886323	-1.67384778	1.82751215	0.71998160	0.96202038	-2.35856605
0.00000000	31.30779015	16.41462477	-0.72381733	1.86788630	0.58994187	0.51700947	1.03727448
0.00000000	16.74328980	5.05337464	-1.45465277	1.73248553	0.78613664	0.86307706	0.49204186
0.00000000	15.48415234	-5.08450834	-1.57282041	1.91886938	0.75139364	1.01541783	2.82189178
1.00000000	24.10618631	-16.40716854	-1.98932664	1.47429311	1.62461024	3.46948850	0.08408978
1.00000000	24.31824584	-13.75761032	-1.97188781	1.54628706	1.60376194	3.41756501	0.06919096
1.00000000	24.74371007	-19.45318611	-2.04637126	1.53220534	1.63049761	3.87449484	-3.05049086
1.00000000	37.29745965	-0.79282459	-1.31466339	1.43355465	1.53601985	3.33256502	0.02995608

442	270
497	268
512	275
453	278
442	160
497	161
512	159
453	158

1260	358
1255	374
1106	353
1122	340
1260	143
1255	140
1106	144
1122	147

219	196
232	196
239	196
226	196
219	153
232	154
239	154
226	153

366	238
400	237
409	240
373	241
366	165
400	165
409	164
373	164

861	246
823	245
824	241
860	242
861	153
823	154
824	155
860	155

1033	224
1076	224
1158	231
1110	231
1033	183
1076	183
1158	184
1110	184

958	224
1000	224
1068	231
1020	231
958	182
1000	182
1068	182
1020	182

1244	230
1197	231
1100	223
1141	223
1244	182
1197	182
1100	182
1141	182

603	199
631	199
636	201
605	201
603	173
631	173
636	172
605	172

