0.00000000	14.06045713	10.79477762	-1.27198766	1.83059585	0.67544666	1.13030123	3.08114672
0.00000000	31.40294677	16.42208350	-0.75257729	1.92500710	0.56960661	0.41162113	1.36758995
0.00000000	39.09789387	12.32830349	-0.82972882	1.89349198	0.63430408	0.63582729	0.19758855
0.00000000	18.70610463	7.38096739	-1.32337521	1.85403657	0.74024404	1.48325359	0.15130687
0.00000000	33.86788368	12.56063110	-0.82832466	1.82680917	0.71919537	0.89915089	0.08305866
0.00000000	18.56279122	7.92733494	-1.29677735	1.88451207	0.71460064	1.32025292	0.11481451
0.00000000	38.56412737	13.67232925	-0.85139297	1.89089537	0.64298173	0.66976884	-0.58771807
0.00000000	38.93215782	13.06020837	-0.83840631	1.88717484	0.62079626	0.62728105	-0.00236162
0.00000000	35.41401060	1.24914019	-1.34358714	1.65533280	0.74430194	1.25722673	0.30468446
1.00000000	24.78821654	-19.22975841	-2.05874298	1.54352736	1.67058236	3.94042730	-3.12489891
1.00000000	24.05131240	-16.36033184	-1.93891380	1.43744087	1.57951117	3.36829800	0.09357989
1.00000000	24.29726249	-13.77883836	-1.93149624	1.53014553	1.59499535	3.43463201	0.03613923
1.00000000	37.27720913	-0.74172020	-1.30117343	1.40973997	1.53024824	3.40710565	0.07005700

41	249
6	248
57	243
89	243
41	150
6	150
57	153
89	152

221	197
230	197
238	197
229	197
221	153
230	153
238	153
229	153

373	193
385	193
384	193
372	193
373	159
385	159
384	158
372	158

313	227
342	226
329	230
298	231
313	158
342	158
329	156
298	156

334	196
349	196
344	196
328	196
334	158
349	158
344	157
328	157

291	227
319	226
304	230
274	230
291	156
319	156
304	154
274	154

352	194
359	194
349	194
341	194
352	159
359	159
349	159
341	159

360	193
372	193
368	194
356	194
360	159
372	159
368	159
356	159

568	202
582	202
589	203
574	203
568	169
582	169
589	169
574	169

1235	231
1183	231
1095	223
1139	223
1235	182
1183	182
1095	182
1139	182

1034	223
1075	223
1157	229
1110	229
1034	183
1075	183
1157	183
1110	183

960	223
1003	223
1068	230
1019	230
960	181
1003	181
1068	181
1019	181

601	199
629	199
636	201
605	201
601	173
629	173
636	172
605	172

