0.00000000	11.67593881	2.13925713	-1.56011127	1.83410645	0.92956769	1.00914240	-0.17281806
0.00000000	6.30218920	-5.08648094	-1.68392871	1.83144069	0.77060163	0.98009784	-2.35637569
0.00000000	31.27539534	16.39592271	-0.72990797	1.89117706	0.61170184	0.55263842	1.03615487
0.00000000	16.64358064	4.98915472	-1.43538950	1.76574552	0.79888223	0.91081293	0.29072082
0.00000000	15.50748223	-5.12592040	-1.54318784	1.93353665	0.72317312	1.00844424	2.82458210
1.00000000	24.06280919	-16.37707949	-1.98282639	1.49158776	1.60696020	3.43523402	0.09493037
1.00000000	24.28757015	-13.78276725	-1.95197306	1.53247654	1.58677980	3.41289169	0.04571285
1.00000000	24.70118372	-19.33471278	-2.09537379	1.60695410	1.72470808	4.11765732	-3.14109755
1.00000000	37.36228190	-0.79349468	-1.31537126	1.43304873	1.54276537	3.46180514	0.04536246
2.00000000	7.12531366	-6.04498637	-1.67192028	1.62047839	0.72474072	1.50018209	-2.33159757

457	267
510	268
490	276
433	275
457	158
510	158
490	156
433	156

1291	362
1289	381
1130	358
1145	343
1291	143
1289	140
1130	144
1145	147

218	196
232	196
239	196
226	197
218	153
232	153
239	153
226	153

371	237
406	237
407	240
370	241
371	162
406	163
407	162
370	161

862	245
826	244
826	240
861	241
862	151
826	151
826	153
861	153

1033	224
1075	224
1158	231
1111	231
1033	183
1075	183
1158	183
1111	183

960	224
1003	224
1068	230
1020	230
960	181
1003	181
1068	182
1020	182

1243	232
1189	232
1098	224
1144	224
1243	182
1189	182
1098	181
1144	181

602	199
631	199
636	201
606	201
602	173
631	173
636	172
606	172

1346	341
1352	355
1134	330
1143	319
1346	166
1352	165
1134	167
1143	168

