0.00000000	9.90939140	0.45145436	-1.58507596	1.77568460	0.81141332	0.96857203	-2.39976525
0.00000000	8.63842023	-3.68343905	-1.63547085	1.79929376	0.73611117	1.01864448	-2.36805344
0.00000000	8.14287913	-2.90014367	-1.63009427	1.84560537	0.75685586	1.04265715	-2.37250400
0.00000000	19.02472345	6.64537078	-1.32940767	1.77798736	0.80565779	1.12350701	-2.66452909
0.00000000	31.37373673	16.41025041	-0.70765398	1.95352340	0.63359522	0.52763439	0.98066247
0.00000000	14.31079789	-4.34915141	-1.65136276	1.83193946	0.80141347	0.96635928	3.00279880
0.00000000	9.27178421	-4.23868330	-1.61615656	1.80125833	0.71606848	1.02827306	-2.45838141
1.00000000	24.79010130	-19.21082610	-2.05174683	1.53890610	1.65610894	3.89818110	-3.11281133
1.00000000	24.06378545	-16.33281520	-1.93193076	1.42809653	1.57606210	3.34301528	0.10672902
1.00000000	37.33779255	-0.75743826	-1.29613541	1.41196513	1.55835936	3.49072343	0.04454968
1.00000000	24.31744023	-13.78955841	-1.89788280	1.58422136	1.55868656	3.36994372	0.06254154
2.00000000	42.88018377	4.64441149	-1.21342752	1.79391718	0.66141604	1.89529814	2.89576364
2.00000000	42.81676443	5.96067780	-1.19562672	1.77631712	0.68718822	1.88125152	3.04092932
2.00000000	19.93057226	-11.25274959	-1.83751736	1.71840382	0.77610573	2.09720150	1.31431091

620	290
574	297
528	288
573	282
620	158
574	156
528	158
573	159

978	307
954	316
864	304
891	297
978	153
954	151
864	153
891	155

932	316
902	326
809	313
842	304
932	147
902	145
809	148
842	150

373	228
340	229
334	227
366	226
373	160
340	159
334	160
366	161

219	196
233	196
240	196
226	196
219	151
233	152
240	151
226	151

851	257
808	256
801	251
841	252
851	160
808	161
801	162
841	162

997	297
971	303
889	292
916	287
997	152
971	150
889	153
916	154

1234	231
1183	231
1095	223
1138	223
1234	182
1183	182
1095	182
1138	182

1033	223
1074	223
1155	229
1109	229
1033	183
1074	183
1155	183
1109	183

602	199
630	199
636	201
605	201
602	173
630	173
636	172
605	172

960	222
1001	222
1068	228
1020	229
960	179
1001	179
1068	178
1020	178

526	197
515	197
526	196
537	196
526	166
515	166
526	167
537	167

506	197
495	197
502	196
513	196
506	167
495	167
502	167
513	167

972	235
965	233
1048	235
1058	237
972	173
965	173
1048	173
1058	173

