0.00000000	8.08702080	-1.77536262	-1.63432966	1.75427198	0.71468243	1.02844756	-2.62541175
0.00000000	10.24318620	-0.28210690	-1.56652282	1.84393287	0.75491141	1.04330723	-2.59971547
0.00000000	31.37603810	16.38072164	-0.69159720	1.94601762	0.62182824	0.49665033	1.20054603
0.00000000	10.61737286	-1.06770616	-1.54753755	1.79164410	0.74147802	1.02791739	-2.34395075
0.00000000	11.39714090	-1.68349366	-1.54449211	1.79176116	0.73562076	1.03547385	-2.80849934
0.00000000	12.07677314	-4.13776824	-1.61749373	1.79574132	0.72848373	1.01200005	0.24556687
1.00000000	24.79415191	-19.21526507	-2.05739639	1.53485870	1.65526208	3.89169015	-3.13631630
1.00000000	24.09220997	-16.34818504	-1.93823622	1.43423009	1.57536802	3.32975764	0.08777791
1.00000000	37.26259282	-0.84298284	-1.35982821	1.42237437	1.54914134	3.38505632	-0.01402534
1.00000000	24.30593340	-13.78885570	-1.92223362	1.49498940	1.57835970	3.34780373	0.05368320
2.00000000	30.67009574	5.40155612	-1.34723161	1.81257474	0.71643897	1.68813765	-3.09017634
2.00000000	30.84471853	4.36375267	-1.35202501	1.76995325	0.77098216	1.78807362	-3.04712152
2.00000000	22.44052385	8.11178559	-1.28763388	1.75336981	0.84552388	1.54938541	0.10601239
2.00000000	23.43180556	-1.56746664	-1.46169875	1.93533862	0.72980915	1.95323417	-0.88757288

829	322
778	329
714	313
762	307
829	157
778	156
714	158
762	159

671	286
624	290
585	281
629	277
671	151
624	150
585	152
629	153

220	195
232	195
240	195
228	196
220	151
232	151
240	151
228	151

724	278
693	284
636	276
668	272
724	154
693	153
636	154
668	156

751	273
708	275
678	267
719	265
751	154
708	154
678	156
719	156

819	264
856	262
893	270
853	271
819	159
856	160
893	158
853	157

1233	231
1181	231
1095	223
1140	223
1233	183
1181	183
1095	182
1140	182

1034	223
1075	223
1154	229
1108	229
1034	183
1075	183
1154	183
1108	183

605	200
634	200
635	202
604	202
605	174
634	174
635	173
604	173

960	223
1002	223
1068	229
1019	229
960	182
1002	182
1068	182
1019	182

484	209
467	209
472	207
488	207
484	165
467	165
472	166
488	166

511	208
492	208
495	207
512	207
511	166
492	166
495	167
512	167

337	218
364	217
353	220
324	220
337	163
364	163
353	162
324	162

666	217
681	218
637	220
622	219
666	160
681	160
637	158
622	159

