0.00000000	31.36709364	16.40203877	-0.68291758	1.95946670	0.63905402	0.53832727	1.11274242
0.00000000	7.52092286	-2.43703943	-1.65242479	1.73305583	0.77619215	1.04306717	-2.44632459
0.00000000	12.19092168	-1.03451076	-1.55932055	1.84651709	0.84837275	1.03689997	-2.48167300
0.00000000	10.86597819	0.36850728	-1.58250509	1.88491178	0.83947895	1.07615731	-2.47652674
0.00000000	11.20123863	-0.28833088	-1.56489096	1.79618955	0.78494141	1.04372807	-2.42363095
0.00000000	11.38821778	-4.20932393	-1.63201068	1.74262738	0.73304129	1.20048335	-3.06150317
1.00000000	24.78776229	-19.19996048	-2.05064331	1.53313971	1.66768196	3.83870664	-3.11184335
1.00000000	24.07195192	-16.32709127	-1.95802615	1.43997860	1.58889513	3.35924845	0.07446548
1.00000000	24.30173723	-13.78007186	-1.93192587	1.52462101	1.59282198	3.42799551	0.03463541
1.00000000	37.37039817	-0.56594798	-1.31111238	1.48472679	1.58350185	3.27925086	0.04906916
2.00000000	27.02773747	5.42135239	-1.42756544	1.74744725	0.72415855	1.74534917	-3.07267427
2.00000000	27.36376963	4.24897545	-1.42053924	1.72842729	0.73388156	1.73638698	-2.98616600
2.00000000	23.44733539	8.40966074	-1.25821183	1.80880713	0.80106353	1.62717120	0.05480874

219	195
232	195
240	195
227	195
219	150
232	151
240	151
227	150

916	332
875	344
782	326
824	317
916	159
875	157
782	160
824	161

708	266
670	270
628	264
665	260
708	154
670	153
628	155
665	156

626	280
580	285
538	277
583	272
626	152
580	150
538	153
583	154

667	275
630	280
584	272
621	268
667	157
630	155
584	157
621	158

917	278
870	279
837	268
880	268
917	161
870	161
837	163
880	163

1233	230
1182	231
1095	223
1138	223
1233	182
1182	182
1095	182
1138	182

1033	223
1075	223
1154	230
1107	230
1033	183
1075	183
1154	184
1107	184

960	223
1003	223
1068	230
1019	230
960	181
1003	181
1068	181
1019	181

598	199
627	199
632	201
601	201
598	172
627	172
632	171
601	171

467	215
447	215
454	213
473	213
467	168
447	168
454	168
473	168

503	214
483	214
483	212
502	212
503	168
483	168
483	168
502	168

342	215
366	215
352	217
326	217
342	161
366	161
352	160
326	160

