0.00000000	37.97931420	12.30358826	-0.83628867	1.77508247	0.67553763	0.96251714	0.10194447
0.00000000	31.31579098	16.41680567	-0.75330852	1.90553665	0.58092942	0.43992494	1.33697855
0.00000000	11.87549516	0.74866194	-1.55247007	1.82076764	0.79839535	1.03229339	0.54821092
0.00000000	14.50202089	6.70191112	-1.37172721	1.75507855	0.75617307	1.05338481	3.10972118
0.00000000	35.59172279	-16.23373910	-1.79726158	1.74799752	0.81690440	0.82031935	1.40427709
0.00000000	35.28869529	-22.16256794	-1.90095965	1.78764606	0.74048748	0.74782277	1.53545582
1.00000000	24.78942369	-19.23185085	-2.05266349	1.54081893	1.66605868	3.90867152	-3.12360907
1.00000000	24.07134458	-16.36042156	-1.94921158	1.44828498	1.58180155	3.35241713	0.08064742
1.00000000	24.27578976	-13.78416388	-1.94393937	1.52403486	1.58526992	3.43139328	0.03685979
1.00000000	38.03452944	-0.78734599	-1.20065735	1.38420868	1.65404756	4.54905033	0.04373563

368	194
381	194
377	194
364	194
368	161
381	161
377	160
364	160

219	197
229	197
238	197
228	197
219	153
229	154
238	154
228	153

524	266
567	263
597	270
553	273
524	157
567	158
597	156
553	155

276	248
238	248
266	243
302	244
276	157
238	157
266	159
302	159

922	207
918	206
935	207
940	207
922	172
918	172
935	172
940	172

1048	208
1039	207
1055	207
1064	208
1048	171
1039	172
1055	172
1064	171

1234	231
1183	231
1095	223
1139	223
1234	182
1183	182
1095	182
1139	182

1034	223
1076	223
1156	229
1108	230
1034	183
1076	183
1156	183
1108	183

960	223
1003	223
1069	230
1019	230
960	181
1003	181
1069	182
1019	182

601	196
630	196
638	199
605	199
601	172
630	172
638	171
605	171

