0.00000000	7.78912996	-1.39179481	-1.63354037	1.77158988	0.71695541	0.97561345	-2.30143833	7.912498867419353	-0.17681818455516132
0.00000000	12.77551024	0.73936362	-1.54412792	1.76161456	0.78798266	1.08673792	-2.47410202	12.796887139258684	0.057809026816927116
0.00000000	31.27615577	16.23152432	-0.76745735	1.85612822	0.51320901	0.41604497	1.87125719	35.23720053437923	0.4787116519859836
0.00000000	8.92393840	-2.15558253	-1.61509524	1.64073300	0.72064494	0.91869015	-2.34689593	9.180588903258647	-0.23701059838286245
0.00000000	8.35300935	-1.50856721	-1.64004074	1.71126854	0.69121648	0.93967177	-2.30343699	8.488141152706794	-0.17867563826628097
0.00000000	13.47133737	0.29674329	-1.50999008	1.72435069	0.83402238	1.07229046	-2.45560169	13.474605267558621	0.022024191093437236
0.00000000	30.83720458	17.29548605	-0.78723822	1.77774048	0.56959332	0.44946792	1.15689278	35.35628690932516	0.5111460149292536
1.00000000	24.81097422	-19.25007670	-2.12557445	1.52477109	1.65558975	3.91855679	-3.12176943	31.403023655396424	-0.6598530281829148
1.00000000	4.19013218	3.98867758	-1.62181995	1.97960889	1.81497994	4.95981103	-3.13034058	5.785045939581311	0.760771857139782
1.00000000	24.06460360	-16.33831576	-1.95864258	1.43886411	1.57291309	3.31439784	0.07649114	29.0868648757235	-0.5964484439550585
1.00000000	24.32943645	-13.77730119	-1.93415664	1.52239418	1.58834065	3.42578574	0.07505579	27.95953336618056	-0.5152571448355808
1.00000000	37.39333906	-0.74837835	-1.32448397	1.41349149	1.54313367	3.50233850	0.04314132	37.400827212922316	-0.020011009246000196
