0.00000000	10.74384639	-0.13091188	-1.61380265	1.71612239	0.76435091	1.06668974	-2.81088495	10.744643929523265	-0.012184221274097917
0.00000000	10.63537221	-1.72778682	-1.62229679	1.82334971	0.88410644	1.12686549	-2.37159443	10.77480344788739	-0.1610496584480784
0.00000000	9.63311007	0.76178501	-1.61020170	1.81432903	0.78135047	1.07532355	-2.55548859	9.663184051967349	0.07891563201023426
0.00000000	3.11143022	-1.44957743	-1.70008026	1.75964093	0.68076684	0.97425580	0.23168428	3.432531535105636	-0.43598740184666046
0.00000000	11.37415610	-2.21900940	-1.62385283	1.77425575	0.83034258	1.12897048	-2.50150466	11.58859049688337	-0.19267212074565773
0.00000000	31.29907156	16.16872988	-0.82445119	1.92162216	0.65843675	0.65248762	-0.17397656	35.228677330413724	0.4768299026714612
0.00000000	8.07571411	-6.70755160	-1.66368721	1.81756949	0.74399498	0.98353028	-2.30442333	10.498019187118857	-0.6931129863717707
0.00000000	10.23206021	0.48545285	-1.61018417	1.77996707	0.75261663	1.05096815	-2.65424013	10.243569720104334	0.04740874135610452
1.00000000	13.57629801	4.24941715	-1.46182416	1.93936646	1.85273964	4.86391344	-3.09315419	14.225800988733257	0.30334272607184837
1.00000000	24.06447310	-16.32254437	-2.00460229	1.41371548	1.60319742	3.31975849	0.09592594	29.077900892107778	-0.5960022311203111
1.00000000	24.75818082	-19.18152696	-2.12443207	1.54156446	1.68773061	3.89961161	-3.07176447	31.319299066757907	-0.6591570500552882
1.00000000	24.32191246	-13.77520561	-2.00008373	1.53626251	1.59483740	3.36500030	0.08167224	27.95195369396706	-0.515324546507393
1.00000000	37.32036038	-0.58721743	-1.30104802	1.34637201	1.55273347	3.70579832	0.12271957	37.32497988215358	-0.01573320758866528
2.00000000	25.22577236	-3.96945727	-1.64527963	1.79440534	0.61494257	1.86532752	-3.12627077	25.53617399253255	-0.1560773860396485
