0.00000000	7.38972237	-1.77004212	-1.65871618	1.77493596	0.70814232	0.99924324	-2.20197964	7.59875291164626	-0.23509821713299808
0.00000000	30.80272926	17.27972031	-0.68183134	1.93352270	0.69497298	0.55466565	0.56692576	35.31850596863755	0.5112341812727157
0.00000000	31.27364610	16.24762886	-0.72435139	1.93062973	0.60223643	0.54582502	2.16794944	35.242394696733506	0.4791500518033394
0.00000000	13.86446451	0.70591224	-1.50341974	1.81441092	0.73151008	1.09232445	-2.43025589	13.882423716326747	0.050871289963549844
0.00000000	13.11750914	1.25155700	-1.52447830	1.80787623	0.80096628	1.07750650	-2.38773561	13.177080137960479	0.09512323054067053
0.00000000	22.52651516	-3.85938444	-1.58256612	1.83952451	0.63718926	0.99276069	-3.10600805	22.85473109685222	-0.1696789182316212
0.00000000	8.52331927	-2.47588660	-1.66195534	1.71160817	0.72111307	0.99390110	-2.32223701	8.875640023931394	-0.28270367950501935
0.00000000	22.25842476	-4.46919140	-1.58640144	1.83614326	0.59471891	1.00012069	2.70916939	22.702668225704553	-0.19815170384467273
1.00000000	24.78932330	-19.20834529	-2.08607237	1.53367162	1.65791621	3.90099130	-3.11293149	31.360342447935547	-0.6592248711026285
1.00000000	24.05613849	-16.32489970	-1.96172379	1.45587039	1.57946881	3.33298570	0.09298829	29.072326175679844	-0.5962302065540857
1.00000000	24.32095628	-13.79250225	-1.96062879	1.55490112	1.60020700	3.50516721	0.04983355	27.959650081678895	-0.5158796892583241
1.00000000	37.98308874	-0.75273263	-1.19741939	1.40887141	1.66245511	4.45835026	0.02561232	37.990546674705556	-0.019814979149873988
1.00000000	2.11659889	3.97129310	-1.62025176	2.03297710	1.76751441	4.72316962	-3.12948418	4.500128858961356	1.0811182271895738
2.00000000	26.14383447	1.70565153	-1.36202453	1.76843226	0.65616310	1.81201383	0.19409159	26.199414648738845	0.06514873390998147
