0.00000000	13.37689851	0.15235449	-1.53529475	1.72955942	0.79911061	1.04686610	-2.52022815	13.377766092941803	1.5594074459791227
0.00000000	12.66209326	0.58418575	-1.57041095	1.74526978	0.83804734	1.01409398	-2.44476795	12.675562264272164	1.5246924346237662
0.00000000	9.01281959	-2.05796141	-1.61723946	1.61648035	0.69173833	0.92722178	-2.30780888	9.244788917381344	1.7952848238844683
0.00000000	7.87411740	-1.27209864	-1.61393164	1.78829873	0.68588516	0.95667847	-2.23618865	7.9762121197265445	1.7309668615927651
0.00000000	31.20879374	16.27202536	-0.77024911	1.83504748	0.53326146	0.31729374	1.89279330	35.196130696744866	1.0901816900240873
0.00000000	30.77659105	17.35902084	-0.82343553	1.75857306	0.55033917	0.37684190	-1.74022746	35.33460288700716	1.0572429014564408
1.00000000	24.80213015	-19.22995479	-2.09700279	1.52926469	1.65265704	3.87741547	-3.12534165	31.383703114880866	2.230315533811865
1.00000000	24.07756354	-16.33861943	-1.95749043	1.43355370	1.57342177	3.30607044	0.08046088	29.097758520221294	2.1670032242745485
1.00000000	4.63833589	4.02129324	-1.60884355	2.01176453	1.83381626	4.92287153	-3.11694312	6.138807632637774	0.856533024896781
1.00000000	24.32358641	-13.76732274	-1.93606250	1.54910183	1.60514054	3.42384326	0.06406645	27.94952649459482	2.0858459457279905
1.00000000	37.41188551	-0.73245450	-1.30066417	1.38943553	1.54998632	3.52193086	0.08859618	37.41905486524102	1.5903719490217407
2.00000000	24.37965744	0.59270357	-1.44567273	1.98140097	0.69336962	1.89012571	-2.37516952	24.38686110211066	1.5464897161899438
