0.00000000	9.64603926	-2.72088302	-1.64345394	1.78691053	0.80894985	1.05664620	-2.18384886	10.02243871590072	1.8457258812092272
0.00000000	31.29282249	16.17343551	-0.74646996	1.93722463	0.66817724	0.72433988	0.17538409	35.22528574173358	1.0937663166794689
0.00000000	10.37284199	-3.21192239	-1.60771976	1.72951210	0.75297403	1.01192625	-2.30080819	10.858742854902241	1.871080176494524
0.00000000	11.01762370	1.27483418	-1.58173440	1.89937890	0.77001021	1.07678983	-2.33521843	11.091133133332137	1.4555999724889155
0.00000000	11.58718561	0.63627896	-1.59902547	1.76228952	0.83140127	1.06686307	-2.35588932	11.604642229535978	1.5159391251224101
0.00000000	10.47433552	1.58902218	-1.60508535	1.86652160	0.72209984	1.07742242	-2.33011866	10.594182180520855	1.420238092569868
0.00000000	8.83351000	-5.70287328	-1.69130610	1.80921102	0.78616472	1.00258753	-2.19969225	10.514450179055391	2.1440689219074476
0.00000000	3.99043560	-1.36901203	-1.68644283	1.74639714	0.71864003	1.00363195	2.56793022	4.218740358926119	1.9012871161414848
0.00000000	3.35628045	-0.39768721	-1.65907774	1.73036265	0.65035538	0.98526258	3.03832150	3.3797593961774535	1.6887368756334737
1.00000000	24.76769498	-19.21441116	-2.09175430	1.53360224	1.69072214	3.94265307	-3.11555719	31.346966533427917	2.2305967659342185
1.00000000	24.30412895	-13.78643011	-2.03627644	1.49152911	1.56928411	3.36678906	0.01207003	27.942017450358566	2.086784061928851
1.00000000	16.74571539	4.30753357	-1.39889238	1.90845490	1.86007839	4.57790965	-3.06403446	17.290859706202	1.3190227590561372
1.00000000	37.15628574	-0.76744431	-1.36820529	1.51318681	1.57539625	3.24366814	0.04559920	37.16421048214907	1.5914478852049065
1.00000000	24.04726179	-16.40862101	-1.96750997	1.42339575	1.56234330	3.24912416	0.08286118	29.112087576238974	2.1695773804355847
2.00000000	5.20955795	-1.14345049	-1.71958600	1.64209604	0.57423158	1.64072247	2.92051291	5.333570385538138	1.7868609694489004
