0.00000000	20.44827060	8.33095249	-1.26824568	1.82438922	0.75522159	1.28420803	0.21818061	22.080229616592792	0.3868830818875772
0.00000000	29.18445688	9.96922945	-1.10094522	1.75557280	0.71375276	1.01381062	0.27364773	30.84020199686323	0.32916645810608364
0.00000000	30.75945252	17.38908165	-0.63213060	1.97588599	0.70578315	0.50887513	0.79783469	35.33446023304306	0.5145327197183235
0.00000000	30.55269593	11.47687059	-0.93708895	1.85871947	0.75029111	0.99045470	0.22819100	32.6371841176693	0.3593332511831334
0.00000000	40.02022743	9.27209603	-0.99064920	1.64419389	0.74608671	1.16421502	-0.21400775	41.080291726550165	0.22766836826382048
1.00000000	24.78592772	-19.23510966	-2.08257435	1.53084874	1.66577885	3.88382109	-3.12736440	31.374060250042387	-0.6599654882562496
1.00000000	24.08327554	-16.33891557	-1.95215199	1.45926404	1.59297695	3.36491842	0.07778563	29.10265147266054	-0.5961051100056425
1.00000000	24.39752127	-13.79263527	-1.99379359	1.55865347	1.66587155	3.52298461	0.04194823	28.026341748636234	-0.5145361735268634
1.00000000	37.26657064	-0.77750557	-1.31020997	1.40164256	1.55054958	3.53460469	0.03879422	37.274680443666995	-0.020860325363239642
2.00000000	33.49443737	5.35117451	-1.34516190	1.75877285	0.64099784	1.68908991	-3.10288215	33.91920404976105	0.15842424836957938
2.00000000	38.54163822	0.76941691	-1.16878436	1.55855131	0.73299635	1.72048133	-0.23093952	38.54931749152971	0.019960612925763063
