0.00000000	31.30617142	16.20911297	-0.83443139	1.96785712	0.59823613	0.49606726	1.88711357	35.25353474834328	1.0930411282756787
0.00000000	16.23388466	6.86994603	-1.34776590	1.81090796	0.66110131	1.02157507	-2.50103045	17.627681912528832	1.1704635056248547
0.00000000	15.82878012	-4.40976745	-1.55255459	1.79160428	0.70155224	0.87696024	2.83056927	16.431565021335818	1.842498677063218
0.00000000	35.71851881	-22.79809023	-1.96043901	1.88141704	0.78049843	0.85401457	1.72223902	42.374113608611864	2.1388818764535316
0.00000000	15.54219974	6.94326852	-1.36854837	1.77828383	0.64187767	0.97547268	-2.46435332	17.02260116723878	1.1506596092809127
0.00000000	16.40918882	6.22892631	-1.40924333	1.71227837	0.68393930	0.92890012	2.94450903	17.55166660764223	1.2079989854738857
1.00000000	24.78418601	-19.20067009	-2.08109258	1.55628622	1.66291751	3.90359477	-3.11927795	31.351580631338194	2.2299280484687745
1.00000000	24.08002803	-16.37620298	-1.95294974	1.44978738	1.58418025	3.38623273	0.06987000	29.12091643420149	2.1680236416173773
1.00000000	24.47331830	-13.78877037	-2.00973509	1.59292066	1.66308284	3.61654100	0.06490915	28.09045205990293	2.083884799545762
1.00000000	36.62543799	1.71401626	-1.29095505	1.43595874	1.68282468	3.66586980	-0.00925915	36.6655227659293	1.5240319273528502
1.00000000	45.67200008	4.86562378	-1.16877959	1.63015103	1.68533090	3.73015216	-0.00265601	45.93044617762842	1.4646625766423427
1.00000000	37.42847192	-0.73238925	-1.33255599	1.44386148	1.61957270	3.65061885	0.07049030	37.43563682214774	1.5903615336504258
