0.00000000	31.26970592	16.23884502	-0.72620438	1.96631896	0.61465741	0.47124950	1.03325653	35.23484916821501	1.0918159406628571
0.00000000	20.77129766	8.84080686	-1.29010926	1.73451543	0.66530979	1.10488181	0.21830794	22.574469482496028	1.1683954684264735
0.00000000	20.58286039	9.62876270	-1.23465381	1.79570723	0.64323721	1.05304875	0.16475853	22.72371477041424	1.1332349039355685
0.00000000	20.02283899	10.05721594	-1.24631689	1.79860830	0.70107964	1.07133867	0.13482054	22.406732775736277	1.1053206240294073
0.00000000	21.41727648	-4.87743930	-1.61634622	1.82926702	0.71569226	1.24598177	0.52818805	21.96563556890503	1.7947113793734226
1.00000000	24.77356509	-19.19658874	-2.06775085	1.53134918	1.66008849	3.85583388	-3.11920166	31.34068516355636	2.230032646406561
1.00000000	24.04948536	-16.37085990	-1.94152252	1.42293549	1.56773235	3.35801495	0.07198712	29.092658866908028	2.168462155918463
1.00000000	4.78115772	2.94600286	-1.62626312	1.49158454	1.68983450	3.64053971	-0.06908549	5.61590615970778	1.0185723560944044
1.00000000	24.44409069	-13.78621804	-2.00529275	1.55361462	1.64491597	3.60914908	0.05149435	28.063737767934015	2.084316790993583
1.00000000	37.26767239	-0.60840908	-1.32363163	1.40636337	1.54285102	3.25625727	0.12354257	37.272638315217165	1.587120261157691
2.00000000	27.14848518	0.29560390	-1.46128998	1.82870173	0.68207987	1.97148982	0.18896297	27.150094460873888	1.5599083447638888
