0.00000000	17.25295092	7.96301741	-1.26812480	1.83103263	0.61159095	1.19406746	-1.15616727	19.001946261367333	0.4324133654178277
0.00000000	16.73257351	8.19713944	-1.27543066	1.80372810	0.58935736	1.13390049	-1.78468633	18.6325551459363	0.4555278627244642
0.00000000	36.42004917	-3.09700715	-1.40486262	1.75591207	0.60547606	0.93330929	0.05751938	36.551490186206756	-0.08483169397578615
0.00000000	17.54407381	7.20381988	-1.33993874	1.76743627	0.65089272	1.11173956	0.44301027	18.965483034033465	0.3896216629867141
0.00000000	31.27678068	16.20819945	-0.82540105	1.93595409	0.62133144	0.52791579	0.64691925	35.227017175965976	0.47811578098134555
0.00000000	36.48302179	-3.89265512	-1.43946455	1.79684913	0.57438785	0.94591685	-0.24623775	36.690102790982706	-0.10629556342812499
1.00000000	24.78717001	-19.20676357	-2.08441875	1.51861000	1.65586299	3.85337096	-3.11992073	31.357671532473876	-0.6592270588157918
1.00000000	24.06045512	-16.36057026	-1.95575259	1.44371068	1.57917409	3.35832458	0.05976618	29.09594060713506	-0.5971613330465632
1.00000000	24.31996245	-13.76932044	-1.94864253	1.52726793	1.61932174	3.47523062	0.05723084	27.94735692241418	-0.5151756994797867
1.00000000	27.43101371	1.65837438	-1.39619825	1.63475728	1.67020575	4.05083895	0.00215472	27.48109748067657	0.06038268915390399
1.00000000	37.44112818	-0.73013808	-1.29838644	1.42904305	1.55075067	3.60008008	0.12512438	37.44824670137517	-0.01949849223170121
