0.00000000	33.48887594	12.94326782	-0.78362892	1.90127742	0.83000605	0.85342213	-3.09507990	35.90310562590594	0.36880980159461557
0.00000000	33.37247999	10.82707706	-0.91516576	1.73175406	0.80327235	1.20184335	0.11462410	35.08486879476862	0.31371744322761824
0.00000000	17.88724096	6.23322537	-1.37147794	1.70024240	0.72706922	1.02308063	0.23791192	18.942188038194356	0.33531405770145806
0.00000000	33.67564302	12.27850161	-0.81920789	1.89456093	0.81456209	0.84119110	3.07613230	35.844253857449004	0.3496313275350694
0.00000000	40.74496470	12.46194589	-0.86352847	1.79342723	0.69059824	0.95328249	0.04004052	42.60812415220287	0.29681729749973046
0.00000000	30.88317168	17.39738364	-0.65345047	1.98991871	0.71125595	0.54748129	0.80785382	35.44628683703969	0.5130189186387393
1.00000000	24.78922543	-19.21854145	-2.07196526	1.52603686	1.65149036	3.87443712	-3.12541533	31.366511327923078	-0.6594837356044693
1.00000000	24.05690143	-16.32601964	-1.94730834	1.44071949	1.58342954	3.31413620	0.07877826	29.07358635769591	-0.5962473455534871
1.00000000	24.30587066	-13.77266332	-1.92358695	1.53265929	1.59495144	3.37943466	0.06357607	27.936742892948743	-0.5155283478674131
1.00000000	37.34948008	-0.77648665	-1.32688592	1.40527773	1.54323092	3.35836065	0.06094974	37.35755069278425	-0.0207867635068269
