0.00000000	31.30629690	16.20025133	-0.76298306	1.95480990	0.59181448	0.46258996	2.12868834	35.249572603736866	0.4775303138067509
0.00000000	14.56238722	5.77872427	-1.44212435	1.76324511	0.63880215	0.90408215	-1.47032154	15.667060213515054	0.3777666094511947
0.00000000	15.39649587	5.07966594	-1.47451232	1.69955468	0.65596151	0.84961739	2.84640932	16.212806393000662	0.3186785794632517
0.00000000	15.17804798	5.71404005	-1.43595884	1.75503540	0.66207647	0.93749205	-2.46302676	16.21799599753885	0.3600565247640404
0.00000000	14.24393026	-4.21608624	-1.54340361	1.75404716	0.59538052	0.80010899	-3.08244920	14.854794930757578	-0.2877754818306594
0.00000000	35.46128022	-21.12211773	-1.97521232	1.86188269	0.77641928	0.84486815	1.55999923	41.27524987497161	-0.537206634104467
1.00000000	24.78767696	-19.20325254	-2.06799016	1.53773701	1.65013232	3.89222283	-3.11148906	31.355921883885525	-0.6591286448879998
1.00000000	24.05315198	-16.38089920	-1.95688091	1.44158244	1.59046854	3.40034648	0.05285808	29.10133981062622	-0.597880105880468
1.00000000	36.56333873	4.72975530	-1.23693893	1.65310085	1.72832451	4.22315629	3.10819769	36.86798508574338	0.12864348537835021
1.00000000	24.43637095	-13.79581251	-1.99614285	1.54966927	1.66737531	3.62833080	0.06734192	28.061729597747114	-0.5139534124592628
1.00000000	37.25721962	-0.78038165	-1.35720680	1.39296198	1.55638958	3.33846149	0.02886895	37.26539157626778	-0.020942720993645983
1.00000000	45.62436154	2.42853918	-1.14348326	1.48961759	1.65635457	4.26182088	0.18727043	45.68895017924385	0.05317881444330909
2.00000000	6.09695284	1.88933423	-1.58491920	1.65259778	0.57688450	1.60251636	0.19980472	6.382978753359105	0.30049775614893176
