0.00000000	9.56904637	-2.52771378	-1.58014307	1.65252948	0.83815761	0.89828184	-0.44830236	9.897271613167543	-0.25825624003083303
0.00000000	13.32871788	9.26354057	-1.29664157	1.91710472	0.69044672	1.32482162	3.09466910	16.231694434552036	0.6073665016020491
0.00000000	30.81018297	17.48917228	-0.66410015	1.97403812	0.75569435	0.56804379	0.50895756	35.42793420006871	0.5162874176839989
0.00000000	37.82282378	15.09482735	-0.76427660	1.80730915	0.61801005	0.77794155	-3.12678933	40.72370085612605	0.3797243076923209
0.00000000	33.61017077	8.77175833	-1.09867809	1.70937181	0.78586434	1.25860141	0.01237955	34.73596584792896	0.25529068760108886
1.00000000	24.79593126	-19.23000875	-2.05350469	1.51748526	1.63513344	3.84742335	-3.11755323	31.378837511541466	-0.6596416122174346
1.00000000	24.09412986	-16.34782929	-1.94308941	1.46224165	1.56845764	3.36947127	0.07699071	29.1166381336432	-0.5961491565217947
1.00000000	24.30779808	-13.78416388	-1.93826304	1.52412939	1.54048769	3.42365629	0.04702726	27.944090991992358	-0.5158524110834838
1.00000000	37.16241435	-0.76659102	-1.32905422	1.45655489	1.55864280	3.14118988	0.02778321	37.17032017770402	-0.020625202317445288
2.00000000	33.61017077	8.77175833	-1.09867809	1.70937181	0.78586434	1.25860141	0.01237955	34.73596584792896	0.25529068760108886
