0.00000000	26.50468977	10.64613744	-1.13581107	1.87935066	0.66166481	1.01667564	-3.09655094	28.562892398973048	0.38194516049499855
0.00000000	26.01059111	11.24429954	-1.09204731	1.95429611	0.69338397	1.10744646	-3.12742805	28.33699211343461	0.40803497024928315
0.00000000	31.21911601	16.10410841	-0.76577399	1.90089965	0.65789529	0.50121761	0.86640841	35.127987590052335	0.4762401612812491
0.00000000	26.53310926	9.91071902	-1.21492432	1.81281304	0.69569663	1.01415727	3.13525224	28.323633921100015	0.3574748880743214
0.00000000	27.47656672	-4.74453725	-1.60663817	1.82449353	0.63615441	1.03340063	0.23568715	27.883191216846917	-0.17098961205475408
1.00000000	24.79093200	-19.22491726	-2.07162945	1.52554595	1.64922382	3.87532554	-3.12464333	31.37176681480452	-0.6596110228943236
1.00000000	24.07783207	-16.32408217	-1.94608222	1.41485226	1.57299857	3.33186513	0.10871446	29.08982048559311	-0.5957881960570852
1.00000000	24.29685844	-13.77415532	-1.93614159	1.48279536	1.60164849	3.38803091	0.07106080	27.929638107803754	-0.5157339024144534
1.00000000	37.33357881	-0.77915694	-1.33837007	1.49105740	1.58525705	3.43902895	0.04753910	37.341708481263026	-0.0208671086591989
2.00000000	7.27827486	0.94510129	-1.55908940	1.73323107	0.63276844	1.73769687	0.17860764	7.3393801772402885	0.12912983153704669
