0.00000000	21.12379325	8.98811441	-1.20010803	1.75851369	0.72734442	1.27510507	0.61596531	22.956498903709058	0.40229168603933046
0.00000000	30.55515791	17.24264747	-0.77063892	2.01429415	0.73084149	0.46292638	0.50480056	35.08456308235479	0.5137649983527793
0.00000000	21.49104068	8.48599986	-1.25221537	1.77393329	0.74866202	1.20714221	0.26846609	23.105778998625752	0.37606941780380865
0.00000000	28.06112892	13.66734254	-0.86175845	1.89682984	0.74133842	0.93146053	-3.13537288	31.212548892561692	0.4532389291774858
0.00000000	11.20319366	-3.76357530	-1.55925987	1.73189282	0.67138782	0.84768330	-3.07576489	11.818462134399478	-0.3240926653837881
0.00000000	11.55570306	-4.32160403	-1.55609224	1.77987790	0.65320432	0.80386432	3.08119345	12.337363357014562	-0.35787629094789886
0.00000000	17.71374753	4.34462397	-1.42461572	1.78509760	0.75803179	0.71644665	0.32613233	18.23876665230628	0.240520536140132
1.00000000	24.76718300	-19.22205185	-2.09252606	1.53444910	1.67087411	3.90954739	-3.12040973	31.35124608495773	-0.6600030098238951
1.00000000	24.04656912	-16.36607270	-1.96001277	1.44638073	1.60894896	3.39186756	0.12994680	29.087554418765134	-0.5975861959296945
1.00000000	24.30403609	-13.79211074	-1.96942327	1.53011119	1.59312377	3.39336960	0.05814700	27.9447399152049	-0.5161661895254844
1.00000000	37.15591933	-0.75705428	-1.37814436	1.45033741	1.54072595	3.18339310	0.04328762	37.163631044884916	-0.020372246407481066
2.00000000	21.54308369	-2.37513843	-1.49230586	1.82457876	0.60970693	1.90599890	0.71467113	21.67361846660605	-0.10980714820075807
