0.00000000	17.52874726	5.88811322	-1.38958166	1.65780449	0.73455549	0.89948875	0.36018923	18.491264364464	1.2467269412290327
0.00000000	40.87844146	12.80613698	-0.75660942	1.83273780	0.67774089	0.81433991	-0.01278025	42.83741496109645	1.267206829066836
0.00000000	33.97569656	10.93714614	-0.89327357	1.75494480	0.80602412	1.09728434	0.06985976	35.69270405033657	1.2593609695695764
0.00000000	30.95708646	17.47333627	-0.64645932	1.95699382	0.69653455	0.56943442	0.60314679	35.54797719275195	1.0569363783000816
0.00000000	34.16339724	12.31877427	-0.81056951	1.89337015	0.80598828	0.83672585	1.12456083	36.316523931858534	1.2247238494517199
0.00000000	33.97704928	13.05632842	-0.76279352	1.90071678	0.83940892	0.85021916	-3.08104944	36.399280069617426	1.203924232581444
0.00000000	40.54992073	18.84174347	-0.67021726	1.88677120	0.59090378	0.58735825	1.30888855	44.71361502046744	1.1358219492497688
1.00000000	24.78237654	-19.20714127	-2.05396865	1.53022134	1.65239055	3.85906320	-3.10991836	31.35411396828301	2.2301265487350217
1.00000000	24.08625703	-16.40026820	-1.92897282	1.41217780	1.57500678	3.33554368	0.08483679	29.13960491748568	2.1685863326195975
1.00000000	24.31708135	-13.76653596	-1.91615794	1.51515174	1.57915573	3.39934606	0.08253501	27.943477910247516	2.0859361113108705
1.00000000	37.34137385	-0.77535730	-1.31920228	1.43115664	1.53320902	3.31735046	0.03318606	37.34942275254233	1.5915573706038966
