0.00000000	18.54903196	9.49385041	-1.27363167	1.82304883	0.65053760	1.08934680	-2.60398531	20.837461032010562	0.4730624593051045
0.00000000	19.19977288	8.99758841	-1.29244373	1.75406361	0.62020123	1.10655592	-2.67698097	21.203487350889944	0.4382381233006958
0.00000000	19.31855177	8.36146505	-1.33518479	1.75121975	0.63343327	1.13166531	-3.04070473	21.050428505675164	0.4084759814046602
0.00000000	31.12843162	16.23251815	-0.81418083	1.95781481	0.59989895	0.57129174	0.51809549	35.10660764886142	0.480675077912019
0.00000000	19.75799611	-4.80180038	-1.61496137	1.83399391	0.67008428	1.18673695	0.14091732	20.333118235335753	-0.23840867864865603
1.00000000	14.19779501	2.13889574	-1.53002904	1.47927547	1.65251258	3.67624948	-0.05884837	14.358003278052664	0.14952544060420006
1.00000000	24.07793246	-16.31887147	-1.95118556	1.45048463	1.57728603	3.37303689	0.07487632	29.086979863896175	-0.5956379822835822
1.00000000	24.78388234	-19.20795315	-2.07181333	1.53174233	1.66146583	3.86352068	-3.12661958	31.35580150555171	-0.6593212691391194
1.00000000	37.15753304	-0.79338676	-1.37337885	1.54337835	1.52533196	3.03934781	0.04278880	37.16600226241228	-0.02134873221949634
1.00000000	24.41900906	-13.79358894	-1.99097012	1.58996105	1.64997060	3.53127749	0.05071705	28.045518346396317	-0.5141887162027003
