0.00000000	30.86723277	15.96993898	-0.81987379	1.89316940	0.63946377	0.61970353	2.96106339	34.75377691564307	0.4774509071753717
0.00000000	16.89385364	5.69303663	-1.44897888	1.75979924	0.77391541	1.02231534	-2.53167224	17.827309300067213	0.32503670793390693
0.00000000	17.59933672	5.21191547	-1.43931613	1.76686752	0.78959716	0.97295007	-2.40437698	18.35485537535956	0.2879142606351063
0.00000000	30.06466564	16.82570608	-0.77777527	1.92038190	0.67305612	0.51374330	0.32254255	34.45269953335363	0.5102222429057263
0.00000000	12.27508972	-0.37365211	-1.55783151	1.79010677	0.80327548	0.97535511	-2.36094093	12.280775363687633	-0.03043047144709363
0.00000000	16.61472572	-4.20338731	-1.57354281	1.75552058	0.64703250	0.89336328	2.68492413	17.138190558769573	-0.24779237033580515
0.00000000	16.47773793	-3.47799502	-1.55589006	1.78733397	0.67007526	0.91038487	2.90712976	16.840792637192155	-0.20801903804058447
0.00000000	36.59121363	-3.90761275	-1.45812665	1.82540441	0.72863212	0.81057698	-0.42366615	36.79927108408888	-0.1063878081900063
1.00000000	24.12003467	-16.38137228	-1.95235316	1.43437362	1.57312123	3.30580096	0.06423133	29.156910506052494	-0.5966023059523806
1.00000000	24.78704202	-19.19510365	-2.08044348	1.53274548	1.66228084	3.87890464	-3.12112188	31.35042992106311	-0.658935567609935
1.00000000	24.31595702	-13.79024731	-1.94805489	1.49887860	1.61207005	3.40438548	0.06034105	27.954189071934273	-0.5158977422265989
1.00000000	37.63560747	-0.58276528	-1.31415651	1.38613272	1.60881595	3.80079370	0.01941798	37.64011908864653	-0.015483175373093606
2.00000000	40.24726717	9.47910861	-1.07362817	1.67920375	0.73791852	1.77843492	-0.14338997	41.34847052423506	0.23130638991883748
