0.00000000	16.97481055	6.84814202	-1.37301050	1.77847886	0.66633687	1.07726196	1.54586589	18.304131837770427	0.38345947804822594
0.00000000	16.17872590	7.65898102	-1.32094262	1.85135889	0.63515588	1.11475830	-1.11051452	17.900032458407754	0.44214066597218626
0.00000000	31.28149886	16.19660478	-0.81447659	1.98461342	0.63617920	0.51078098	0.60545373	35.225873691474284	0.4777619117794478
0.00000000	16.80419194	7.39624626	-1.32098089	1.86015022	0.62818457	1.17488456	-2.56713724	18.359883591540687	0.4146266144239402
0.00000000	16.74994669	-4.55932115	-1.56892775	1.77583039	0.68788623	0.85647263	2.76565027	17.3593814252317	-0.2657604172523197
0.00000000	35.80467074	-23.87288056	-2.07549254	1.90461302	0.73728326	0.74680495	-1.60252643	43.03357843628436	-0.5880625430524319
0.00000000	35.69825323	-3.92956483	-1.53355573	1.83406961	0.63226207	0.95061840	0.13528576	35.913879815836914	-0.10963583278370202
0.00000000	35.56885970	-3.20477486	-1.50652073	1.81124687	0.68582414	0.92223098	0.24651781	35.712943903598486	-0.08985794433555441
1.00000000	24.78642464	-19.21740080	-2.07321386	1.54660058	1.67378548	3.87306370	-3.11888719	31.363598963483764	-0.6595097084994522
1.00000000	24.06476924	-16.36058720	-1.96687077	1.46596670	1.59785136	3.35796852	0.06610209	29.099517729736586	-0.5970784516056398
1.00000000	32.06516065	1.72687581	-1.30362914	1.51323581	1.66907985	4.37067214	-0.00332750	32.11162760704402	0.053803228818061655
1.00000000	24.32354124	-13.78725579	-1.96644012	1.49925256	1.63181926	3.43168127	0.03641699	27.95931116234571	-0.515670855699194
1.00000000	37.61785658	-0.73807867	-1.26488755	1.47035182	1.58638076	4.06028911	0.08382007	37.62509659517911	-0.019617916818153926
