0.00000000	17.30045645	5.67302955	-1.42225442	1.70728946	0.71504626	0.94741301	0.13037600	18.20684095754999	1.2539327632385087
0.00000000	30.94220161	17.46671576	-0.68512295	1.97215581	0.69344483	0.57482574	0.50649923	35.53176043928191	1.0568927261225014
0.00000000	34.48792759	12.41123802	-0.76967667	1.92089844	0.87713654	1.12589182	0.16493018	36.65318510910309	1.2253541027028212
0.00000000	40.59126503	18.60743573	-0.68040607	1.89620519	0.65937450	0.56000399	-2.16248417	44.652966991923186	1.1409708159137746
0.00000000	34.28859711	13.12496537	-0.73603294	1.88000226	0.89973752	1.05717261	3.09200072	36.71474646154593	1.2052229476286136
0.00000000	39.74491922	18.81505565	-0.69023321	1.77659488	0.64196681	0.62449382	-1.94522560	43.97345702713084	1.1286581430073315
1.00000000	24.78590764	-19.23279135	-2.06825725	1.53105354	1.66318652	3.86727735	-3.12291932	31.37262310759566	2.2307038286628296
1.00000000	24.05500914	-16.36734511	-1.96046321	1.45773220	1.58977352	3.35589647	0.06646655	29.09524790537665	2.1682554617940237
1.00000000	24.31236819	-13.77533235	-1.95378075	1.51954889	1.60090939	3.47957015	0.04317820	27.943711785642943	2.08629314325034
1.00000000	37.15510870	-0.75960661	-1.37312291	1.46511710	1.54306747	3.28928264	0.07435313	37.16287266494305	1.5912376828648782
