0.00000000	21.01236896	8.68080290	-1.21944509	1.81428778	0.81271341	1.32249641	0.06543761	22.73490682408485	1.179023985365608
0.00000000	30.75622508	17.40757792	-0.64053200	1.94995010	0.70997916	0.48621587	0.60171020	35.34075763495305	1.0557630592592517
0.00000000	28.37212211	9.62187616	-1.16534231	1.76678276	0.77117070	0.97455437	0.23930258	29.959269247815897	1.2438366626102222
0.00000000	29.87743428	11.81252881	-0.95869921	1.89417887	0.77014730	0.97388617	3.01076818	32.12782152656478	1.194290943255175
0.00000000	40.20995592	14.11792354	-0.56111906	1.91873395	0.68166421	0.84966507	-0.10845000	42.61638558312552	1.2331372827374703
0.00000000	36.50618352	0.85292113	-1.29081760	1.62400126	0.67932331	0.91706208	0.46205744	36.516145876172644	1.547436832444888
0.00000000	39.97331418	8.65947322	-1.08652101	1.63013268	0.74227915	1.24397623	-0.26927477	40.9005173925818	1.3574614130717124
1.00000000	24.77747767	-19.22232101	-2.06904564	1.52176082	1.65577092	3.84203352	-3.12640452	31.3595443955877	2.2306048431564607
1.00000000	24.06395109	-16.33157856	-1.94309966	1.41937160	1.56976298	3.32166333	0.08489491	29.082541160004638	2.167065714641078
1.00000000	24.28662651	-13.77881452	-1.94114719	1.50082254	1.56278297	3.36432708	0.06589295	27.9230363107739	2.08685609988553
1.00000000	37.33340063	-0.71908800	-1.29819320	1.40423489	1.56626513	3.58145802	0.08683933	37.34032525503532	1.5900551963714573
2.00000000	32.32463034	5.10823852	-1.38225351	1.82174408	0.62621189	1.60934643	-3.00602746	32.72576702530989	1.4140631681307063
