0.00000000	22.79137310	10.05754722	-1.19476626	1.86049223	0.69846723	1.09842208	-3.00967145	24.91186351652428	0.4155850012949509
0.00000000	31.28020387	16.25076344	-0.70786713	1.99212170	0.64243800	0.49244652	0.83250338	35.24965909809063	0.47914319469297145
0.00000000	22.80684270	9.45587660	-1.25078843	1.81610513	0.74448727	1.12786999	-3.11011648	24.68938387681983	0.3930348538282701
0.00000000	22.07619516	10.64412970	-1.16443644	1.86264265	0.67602851	1.13679924	-3.05536485	24.508282065718717	0.4492692970063065
0.00000000	23.72008374	-4.89515129	-1.63313506	1.78212309	0.60794040	1.19773040	0.23944670	24.219927307582925	-0.20351451034219806
1.00000000	24.07084515	-16.34130666	-1.95069085	1.43072009	1.57369014	3.33878806	0.07050570	29.09370876308895	-0.596412991338158
1.00000000	24.77253362	-19.22300929	-2.09769658	1.52275574	1.66150614	3.88652149	-3.12734246	31.35606014979332	-0.6599225086509722
1.00000000	24.42269827	-13.79223372	-2.00567816	1.58598149	1.65491606	3.52966785	0.05923388	28.04806413595359	-0.5140819552390121
1.00000000	37.14988859	-0.79955804	-1.32775281	1.49987245	1.57275984	3.45194779	0.08730874	37.15849183307553	-0.021519165957627248
2.00000000	19.96946962	-0.13316305	-1.51569329	1.80630159	0.69917370	1.96155419	0.19870019	19.969913602767246	-0.00666823299842368
