0.00000000	15.90450437	4.42763881	-1.50550864	1.77597892	0.75400676	0.96726261	0.37892440	16.50930781974724	0.27151418424621887
0.00000000	30.02245301	16.81809425	-0.72082232	1.93663239	0.69611998	0.61056716	0.52885467	34.41214871145859	0.5106282935792998
0.00000000	31.28235466	16.22082560	-0.75027428	1.91567111	0.59461503	0.62210681	2.66511154	35.23777655045277	0.47836113328059215
0.00000000	5.66167079	-4.62599679	-1.69592319	1.82919443	0.73432507	1.02321772	-2.36539006	7.311249033881251	-0.6850647929015475
0.00000000	10.87328133	-1.90802624	-1.59682320	1.77640462	0.93664198	0.97704326	-2.75353241	11.039420773476074	-0.17370983354235636
0.00000000	6.44263845	-5.37851484	-1.69342659	1.70005679	0.73438099	0.98563911	-2.34731579	8.392616521771897	-0.6956215436847839
0.00000000	18.16960134	-4.12150559	-1.58630739	1.84736824	0.74404729	1.02698003	1.30933499	18.631189473110165	-0.22306054693002822
0.00000000	16.67662420	3.98075706	-1.48968051	1.77687383	0.69914766	0.96338650	-0.06091627	17.145151544351116	0.23431807906968102
1.00000000	24.06188061	-16.33507766	-1.96945630	1.44968510	1.59726159	3.36847086	0.08894169	29.082793205744956	-0.5964089198453202
1.00000000	24.71225136	-19.26420990	-2.10690413	1.53263032	1.67617186	3.85238371	-3.13751936	31.333770126671318	-0.662140772044977
1.00000000	24.31989971	-13.77682937	-1.95466737	1.52406025	1.61984030	3.42130504	0.06539345	27.951002654548063	-0.5154105829504353
1.00000000	37.33534562	-0.76359448	-1.37578807	1.43352783	1.54185107	3.35968325	0.03527839	37.34315344336549	-0.020449470177991067
2.00000000	36.91410767	7.12403247	-1.17522190	1.68064284	0.74045493	1.67274695	-0.46982849	37.59525480304618	0.19064562602026783
