0.00000000	13.28369442	1.48003980	-1.53026031	1.83534098	0.79787334	1.10945811	-2.37506342	13.365891487421376	0.11096014427055587
0.00000000	30.72385788	17.16952575	-0.68123863	1.93605685	0.68310570	0.52230437	0.57998377	35.19585284533323	0.5095999796702562
0.00000000	8.34982646	-2.70274815	-1.64223633	1.68292856	0.74030224	0.98820815	-2.35199928	8.776357414921327	-0.31304581500405143
0.00000000	7.81735997	-2.07430438	-1.65510128	1.80731463	0.69922342	1.06277803	-2.29803753	8.087883255923368	-0.25936890145764624
0.00000000	31.26766054	16.21710627	-0.71953867	1.93246567	0.60106818	0.51714347	1.29807162	35.22301990768461	0.47845942786232376
0.00000000	14.07728823	1.01662937	-1.50662158	1.82722855	0.74573551	1.11458004	-2.44900918	14.113949808131073	0.07209254285923805
0.00000000	22.44647428	-3.83545474	-1.62211905	1.85006034	0.66975292	1.12462036	0.39048260	22.771800997402245	-0.1692367102304734
0.00000000	22.10487316	-4.43721821	-1.62307213	1.87127352	0.64212068	1.11537246	0.51072627	22.5458271718481	-0.19810203825470743
0.00000000	7.19917573	-1.99803804	-1.65148435	1.77717328	0.70460313	0.99876821	-2.32813311	7.471297558035557	-0.2707233586636071
0.00000000	7.50829860	-6.12902641	-1.68415366	1.86670280	0.84045710	0.97569557	-2.18813348	9.692239813440413	-0.6846014239464373
1.00000000	24.79932183	-19.25878713	-2.09326355	1.54431367	1.67582239	3.93810743	-3.11425900	31.399159940141203	-0.6602996923941463
1.00000000	24.05864565	-16.34647783	-1.96073834	1.43011701	1.58867663	3.34763747	0.09754439	29.086522101463856	-0.5967956631565318
1.00000000	24.32120474	-13.76791753	-1.98436163	1.51232719	1.61976595	3.49575658	0.07121452	27.947746834367162	-0.5151101170191367
1.00000000	38.00898351	-0.78634714	-1.19295118	1.39523816	1.64480303	4.55881232	0.00479653	38.017116793466045	-0.02068550399095257
2.00000000	26.87446695	2.14887418	-1.38939009	1.85218298	0.69032217	1.87114461	0.19163507	26.96024172903709	0.07978993687301385
