0.00000000	22.14387091	9.95559692	-1.19955919	1.87892318	0.67358817	1.10168700	-3.02963686	24.278898840603496	0.4225104380362033
0.00000000	31.27211019	16.25224917	-0.74047087	1.96602297	0.65670778	0.51815486	0.83010286	35.24316215692439	0.4792864781693379
0.00000000	22.23134041	9.24518987	-1.25160621	1.83860421	0.71088711	1.10801505	3.14058352	24.07708520892115	0.3941060648024121
0.00000000	21.46893551	10.50745312	-1.18589840	1.90052938	0.69119224	1.15269689	-3.07044768	23.90233802374857	0.45515260301927435
0.00000000	23.05160573	-5.03651970	-1.64464567	1.75569081	0.60656330	1.16356996	0.31695706	23.595403311235366	-0.21510849804642057
1.00000000	24.77434811	-19.21078657	-2.07974772	1.53831267	1.67301470	3.89679231	-3.12550998	31.35000231122085	-0.6595790057078108
1.00000000	24.05705954	-16.33800833	-1.95680497	1.42725968	1.57430439	3.30809606	0.07666807	29.080450992071192	-0.5965854159957004
1.00000000	37.15552280	-0.85967465	-1.34915445	1.50559402	1.57017724	3.32405002	0.04829299	37.16546670022014	-0.023133069630149498
1.00000000	24.40189060	-13.79372823	-2.01713596	1.58198047	1.65164533	3.50773742	0.04538582	28.03068324778166	-0.5144934047300194
2.00000000	22.08011527	-0.04358292	-1.48713444	1.90104985	0.65551981	2.03995328	0.22002913	22.080158283114795	-0.0019738512623720425
