0.00000000	35.29951949	-17.23741983	-1.80834518	1.70896268	0.75452547	0.84772792	1.54975462	39.283389856535635	-0.4542590747784687
0.00000000	31.29803256	16.17120442	-0.76189015	1.90609360	0.64181882	0.70987344	0.34349319	35.22889005518408	0.4769058454688688
0.00000000	4.56487442	1.49480920	-1.66326068	1.77349317	0.64329701	0.90785591	2.71229291	4.803387660263845	0.31645436785092257
0.00000000	7.38049118	-5.20322699	-1.67223762	1.74768722	0.73635398	0.96532412	-2.27451038	9.030239264134824	-0.6140720464562431
0.00000000	3.52733135	2.46599097	-1.64547990	1.79479671	0.64480524	0.98930299	2.72861099	4.303856168230342	0.6101280849447587
0.00000000	13.54447164	2.49888019	-1.54750727	1.75371611	0.64553062	0.95909497	-2.81565547	13.773057547644921	0.18244292651267943
0.00000000	11.23056286	-4.25245887	-1.60811732	1.81234968	0.81992032	0.90667464	-2.70879960	12.008703035442798	-0.361967310180739
0.00000000	8.05841120	-5.54280532	-1.68562601	1.68911088	0.69038884	0.90962092	-2.27670383	9.780627888009326	-0.6025104146252926
0.00000000	13.06311582	3.37377849	-1.52380655	1.81446624	0.60650361	1.04196119	-2.08696413	13.491752155532689	0.25274459232981333
1.00000000	24.74847342	-19.21530648	-2.11800406	1.59537947	1.70515791	3.98340853	-3.10716200	31.33233058265498	-0.6601990509658102
1.00000000	24.07663245	4.49017725	-1.35690639	2.01878643	1.88735206	4.82089363	-3.08014846	24.491752119209654	0.18437713364326752
1.00000000	24.03292656	-16.31385339	-2.01627539	1.43745434	1.58066922	3.26998014	0.09427828	29.046916729125794	-0.5963642575139468
1.00000000	24.31232051	-13.78726708	-1.96985827	1.54816532	1.66596990	3.45548642	0.04559378	27.949555669387987	-0.5158691762881491
1.00000000	37.32319380	-0.79230258	-1.31316851	1.50275230	1.57976762	3.37723807	0.03619913	37.33160241418298	-0.021224968137139782
2.00000000	18.76460251	0.22643742	-1.51279436	1.85690236	0.69321778	1.93023086	0.03289070	18.76596870037554	0.012066678718744528
