0.00000000	22.26172999	9.93815221	-1.19829045	1.85957384	0.66742199	1.10574623	-3.05918145	24.379325082881053	0.41987545854865044
0.00000000	21.59709428	10.54604681	-1.16643010	1.84636295	0.65610601	1.11977717	-3.11037803	24.034424991206258	0.45425081733001255
0.00000000	22.30348085	9.29726550	-1.24716816	1.84842384	0.70352217	1.10842374	3.11896205	24.16370012650809	0.3949495956525583
0.00000000	31.23337344	16.22321229	-0.76465116	1.99528658	0.66848460	0.51390395	0.78468347	35.19540074283719	0.47906196524981143
0.00000000	23.15017801	-5.02470293	-1.63334857	1.77144146	0.63617806	1.23928785	0.27380431	23.68920390028838	-0.2137329755451548
1.00000000	24.77864968	-19.20480352	-2.07986168	1.52890790	1.64427836	3.84130007	-3.12347150	31.349736174423676	-0.6593441060849518
1.00000000	24.04764075	-16.34795979	-1.95467488	1.43799651	1.57253381	3.34331927	0.07949263	29.078253299270187	-0.5970505095313786
1.00000000	24.32292135	-13.76993029	-1.92451654	1.55525076	1.60808046	3.41775825	0.06630171	27.950232256454424	-0.5151425291452404
1.00000000	37.27478981	-0.87253169	-1.30916737	1.44687843	1.56128438	3.43332071	0.05159716	37.285000562286896	-0.023403817491101778
2.00000000	21.67231158	-0.08165962	-1.48562656	1.85858727	0.65946367	1.96867664	0.15370800	21.672465423069443	-0.0037679060332122833
