0.00000000	22.03028829	9.92167121	-1.22116516	1.87914515	0.65601747	1.15901326	-3.01450491	24.161398174357668	0.42315743498409003
0.00000000	31.26810475	16.23140887	-0.73325465	1.98323250	0.64810903	0.51282605	0.92871016	35.23000154076192	0.4788140112709983
0.00000000	21.34908124	10.49265611	-1.19055138	1.90532255	0.69918813	1.19330044	-3.07659101	23.788213510788072	0.4568087718010199
0.00000000	22.06175453	9.22656561	-1.26806496	1.83659673	0.68993137	1.14793534	3.14055276	23.913396368931167	0.3961100289277683
0.00000000	22.89836783	-5.03966934	-1.62594018	1.79643440	0.63098242	1.25008469	0.29889742	23.44639665992442	-0.21663479738918662
1.00000000	24.79222950	-19.22531818	-2.06900177	1.51871729	1.64269868	3.82724969	-3.12219191	31.373037830323486	-0.6595957772852032
1.00000000	24.08024637	-16.33288798	-1.94792495	1.43714023	1.56703968	3.33883606	0.06713559	29.096760902325997	-0.5959921298907924
1.00000000	24.31282495	-13.78305837	-1.93864922	1.50678134	1.57408950	3.39510566	0.05756599	27.947918618032535	-0.5157292788459878
1.00000000	37.25114873	-0.79355993	-1.31356094	1.44433594	1.54569792	3.35092796	0.05424071	37.259600361075826	-0.02129974366539439
2.00000000	22.50883956	-0.02743319	-1.49235223	1.86770761	0.64357500	1.94469533	0.23479579	22.508856277424105	-0.001218773466473263
