0.00000000	11.05478312	0.21173829	-1.62032781	1.73681855	0.77346634	1.08775410	-2.45859742	11.056810703529704	0.01915120366903735
0.00000000	9.97561216	1.11013212	-1.62476395	1.87374341	0.77430033	1.08162384	-2.46342659	10.03719240079593	0.11082860207274442
0.00000000	10.54848119	0.80616349	-1.61177085	1.83314729	0.75298869	1.09580449	-2.49667168	10.579241701955429	0.07627633096076193
0.00000000	8.39516426	-6.18824206	-1.66750548	1.79780269	0.77278575	0.91111582	-2.25826311	10.429435399173551	-0.6352067096645139
0.00000000	31.28248516	16.17885138	-0.78560684	1.89078462	0.65651414	0.71867908	3.14051008	35.218590399982624	0.47730138855956916
0.00000000	10.17187395	-2.14503439	-1.63251648	1.78790021	0.81950912	1.06281756	-2.41467428	10.395585225901005	-0.20783389819646048
0.00000000	10.96585675	-2.66402646	-1.60284660	1.77026749	0.78203811	1.08041763	-2.33191609	11.284815073411735	-0.23832138208176643
0.00000000	3.22368459	-0.97356094	-1.70304916	1.81681585	0.71714858	0.95991006	2.86962414	3.367486189978684	-0.29329297465887766
0.00000000	3.65364708	-1.92308426	-1.72322224	1.81043315	0.68860838	0.87618985	2.72019625	4.128848514568229	-0.48450195765185444
1.00000000	24.77520140	-19.19354953	-2.14265154	1.61971426	1.73677865	4.02422987	-3.11153412	31.34011722969659	-0.6591276845238749
1.00000000	15.05782479	4.26615163	-1.44874642	1.96441913	1.88252847	4.78011370	-3.07910061	15.650499581051404	0.27608275329434345
1.00000000	24.05153325	-16.33834713	-2.03446494	1.42559087	1.55484269	3.31970516	0.08978740	29.076069861936887	-0.596701836857858
1.00000000	37.44151718	-0.77305342	-1.29508791	1.45517349	1.55508440	3.63483398	0.05672003	37.44949693027142	-0.02064402450068309
1.00000000	24.44993069	-13.79555150	-2.09602855	1.61145425	1.63384111	3.48867021	0.01898119	28.073410051772406	-0.5137078569781264
