0.00000000	11.36766358	1.53640446	-1.56018780	1.81749511	0.82022391	1.07032116	-2.29556417	11.471020614259496	0.13434163203292548
0.00000000	9.30972476	-3.07417920	-1.60373734	1.76820016	0.73977450	0.99635203	-2.28277493	9.804159977309107	-0.31893837699070976
0.00000000	10.73260684	1.86080933	-1.58603428	1.83358645	0.80773540	1.04170065	-2.27075529	10.892725138578951	0.17167246499187436
0.00000000	31.26935206	16.19799514	-0.75876711	1.95967162	0.67167000	0.75730909	0.32042310	35.215726952708074	0.4779555663908289
0.00000000	10.10519141	-3.55066500	-1.57104621	1.78718948	0.67115622	0.93946551	-2.27640319	10.710841020898535	-0.3378951306463713
0.00000000	11.80055643	0.95000769	-1.56497441	1.72834766	0.82151898	1.05616058	-2.25082111	11.838735011337718	0.08033208199116718
0.00000000	9.10593020	-5.45006802	-1.65595398	1.82920003	0.75017700	0.91187468	-2.19609833	10.612313896125517	-0.5393294771407495
0.00000000	4.14053923	-1.01925197	-1.65020583	1.79844487	0.69569749	1.02961542	2.86126518	4.264145833988077	-0.24136512601650734
0.00000000	27.00704022	-3.48802115	-1.56620095	1.84540045	0.61975016	0.97582505	3.03922915	27.2313516555375	-0.12844129426521303
1.00000000	24.77250099	-19.20892000	-2.11051689	1.53861058	1.68018608	3.87376359	-3.12565184	31.347398821368753	-0.6595680583406168
1.00000000	24.05573694	-16.31857659	-1.98612986	1.46557379	1.56914607	3.32807930	0.07879763	29.068443743175802	-0.5960579706786969
1.00000000	17.73789431	4.36006847	-1.45752380	2.04105806	1.89127263	4.53327047	-3.02499962	18.26589969357706	0.24102683233252753
1.00000000	24.57169232	-13.78605366	-2.04935775	1.59800124	1.67069498	3.52319793	0.04324387	28.17487070041576	-0.5112905654944602
1.00000000	37.14692718	-0.73672847	-1.37004958	1.52268744	1.53139814	3.15489894	0.03918629	37.15423216478482	-0.019830224289410583
2.00000000	5.14560091	-1.18837608	-1.65512870	1.71236050	0.60494205	1.63868101	2.82838345	5.281045960083001	-0.22697038741296227
2.00000000	4.31421964	-1.06349493	-1.63385962	1.75531077	0.66338487	1.28883241	2.67917418	4.44336725561791	-0.24169053677220373
