0.00000000	4.51573228	0.83189262	-1.66633640	1.81157446	0.66934040	0.87011449	2.50916052	4.591718997918369	0.18217841975656832
0.00000000	3.54119602	1.77613810	-1.67083261	1.82405591	0.71171091	0.95581303	2.56677866	3.961658213720039	0.4648984005030814
0.00000000	10.62133187	-4.45502683	-1.61238668	1.78265381	0.71795842	0.91129377	-2.57421350	11.517810327866037	-0.3971531000306728
0.00000000	11.94054704	3.20413238	-1.58513771	1.80377913	0.69526465	1.04094634	0.29927331	12.36297407273093	0.262164448331528
0.00000000	31.26545956	16.21272187	-0.73372195	1.94737792	0.63416566	0.66765500	0.91019642	35.21904757275488	0.4783776909252206
0.00000000	12.59278247	2.85359684	-1.54805778	1.87183344	0.70641323	1.05031948	-0.14688526	12.912055810830328	0.22284228596574868
0.00000000	7.94163503	-4.63911860	-1.63014684	1.78073406	0.67772905	0.98211946	-2.35085392	9.197335936812847	-0.5286847315483807
1.00000000	24.77468942	-19.21126717	-2.12664620	1.56960511	1.66947857	4.04799361	-3.12328076	31.35056653610234	-0.6595844488280774
1.00000000	22.25079787	4.46319078	-1.37801359	1.86046290	1.90728464	4.68232789	3.12601018	22.694009733633973	0.19795862250869356
1.00000000	24.42907283	-13.76542041	-2.03845439	1.62056160	1.68621101	3.55801425	0.03477362	28.040442193330133	-0.5131375284293819
1.00000000	24.05129985	-16.30028235	-2.00292532	1.47861600	1.59386459	3.33690330	0.06663878	29.054504455666276	-0.5956226310626317
1.00000000	37.14352156	-0.77979439	-1.35704074	1.55058241	1.56227836	3.12857063	0.05967652	37.15170619458628	-0.020991005222183234
2.00000000	21.44465948	0.29452474	-1.49235938	1.78092539	0.68758805	1.89886972	0.03848469	21.44668191202606	0.013733313129608786
