0.00000000	30.03626874	16.80328720	-0.72837255	1.90433049	0.68291465	0.58164150	0.50201440	34.4169711123333	0.5100567636838376
0.00000000	16.00356227	4.57679598	-1.51354645	1.76943755	0.74482544	0.96018016	-0.78556323	16.645151449365418	0.27855091902534335
0.00000000	17.98694134	-3.44186582	-1.56611155	1.83924651	0.69874807	0.96599813	2.67557359	18.31328750092362	-0.18906805067064883
0.00000000	5.61453857	-4.72791948	-1.69695423	1.87168431	0.75499188	1.02313028	-2.37128353	7.340045365212745	-0.6998810939111814
0.00000000	18.03388721	-4.19859133	-1.58363054	1.82119465	0.68214026	0.95234176	2.62713408	18.516189053348768	-0.22874198370173343
0.00000000	16.80115775	4.04530575	-1.49299536	1.78154182	0.71964429	1.02727327	2.88430047	17.281302044445845	0.2362780363615552
0.00000000	31.26234255	16.20450522	-0.75500069	1.89233816	0.59233453	0.62071901	1.82547927	35.21249850746958	0.4782112900759601
0.00000000	11.00789497	-1.73440732	-1.57102130	1.78715086	0.87933140	1.06337212	-2.75361419	11.143694199959944	-0.15627556592668207
1.00000000	24.77683770	-19.25087979	-2.13721571	1.57032847	1.68988548	3.97329801	-3.11197948	31.376552696259857	-0.6605401725325672
1.00000000	24.05583231	-16.34261985	-1.98446010	1.48429751	1.61055044	3.38694014	0.07967465	29.082026952887134	-0.5967403021805964
1.00000000	24.32318487	-13.75922278	-1.95566688	1.55134153	1.62377248	3.46036993	0.03761191	27.945188024593207	-0.5148044479736162
1.00000000	37.28096862	-0.76566746	-1.34923480	1.44453514	1.52229118	3.30534295	0.03114050	37.28883033704232	-0.020534869743757008
