0.00000000	31.33682201	16.20504731	-0.81503866	1.89950264	0.64649982	0.64232604	3.10676742	35.278888474635345	0.47725339231140124
0.00000000	9.70375538	0.87889621	-1.61203812	1.79759562	0.75975790	1.05306318	-2.63884115	9.743476126251418	0.09032633395636466
0.00000000	3.13943123	-1.35587893	-1.72191928	1.76653934	0.68853482	0.89488445	3.01256561	3.4197128710927265	-0.40768934403220086
0.00000000	10.79605881	-0.06604446	-1.60093449	1.73303962	0.73675600	1.09957974	-2.75274229	10.796260820287518	-0.006117383881763297
0.00000000	10.26835567	0.56834974	-1.59752284	1.81368446	0.71613969	1.06147692	-2.53789163	10.284072617041325	0.05529321611029488
0.00000000	10.49049967	-1.83037457	-1.61981605	1.81950545	0.83876040	1.12362386	-1.89307117	10.648983725819699	-0.17274035101833088
0.00000000	8.16792250	-6.52760832	-1.68799279	1.80285001	0.80661962	1.02263571	-2.26074219	10.455841828630511	-0.674238352617006
0.00000000	3.44600740	-2.24417385	-1.73897211	1.76529288	0.69065345	0.88175425	2.88408065	4.112333068937702	-0.5772456145324509
1.00000000	13.97924423	4.24203371	-1.44906090	1.91188872	1.86304387	4.86093446	-3.10545182	14.608700121460659	0.29462101824032677
1.00000000	24.32494665	-13.72391801	-2.00732790	1.57111108	1.61758551	3.44290608	0.09890635	27.929356510140877	-0.5136731534107883
1.00000000	24.72325626	-19.24043831	-2.12741498	1.49675488	1.66319279	3.79943063	-3.02995300	31.32784490606631	-0.6613263522961198
1.00000000	24.07741798	-16.28915071	-1.98207865	1.38927054	1.57273255	3.39990321	0.11923835	29.06988970458472	-0.5948015865985875
1.00000000	38.00371070	-0.83991352	-1.20840548	1.41094375	1.61214706	4.48835555	-0.08603806	38.01299095954399	-0.022097231917961046
1.00000000	36.64751053	1.41174166	-1.26989315	1.42919922	1.58814976	3.68837495	0.00903190	36.6746921263293	0.03850313265741805
