0.00000000	26.88154923	10.72633894	-1.10756050	1.86850297	0.66943388	1.02406701	-3.08293962	28.942564434767593	1.1911330356017709
0.00000000	26.37252306	11.29146626	-1.08169888	1.85834193	0.68143677	1.07932797	-3.11167526	28.68810176451119	1.1662583698205728
0.00000000	26.91137916	9.94838915	-1.17957721	1.79319763	0.69364443	1.00916812	3.13861132	28.691336235405977	1.2167047529026263
0.00000000	31.21229222	16.05954421	-0.76275442	1.89827323	0.63192786	0.48772818	0.96329290	35.10151201671542	1.095595351925437
0.00000000	27.91636367	-4.75079637	-1.60758732	1.75476849	0.60315128	1.07905386	0.20357795	28.3177228375606	1.7393610608194074
1.00000000	24.12051402	-16.34878485	-1.92874990	1.43223929	1.57494325	3.38333877	0.07429058	29.13901101033812	2.1664642410765236
1.00000000	24.78210801	-19.20945393	-2.05766402	1.51689327	1.64179018	3.85639448	-3.13405657	31.355318491574895	2.2301900923686784
1.00000000	24.39493129	-13.78103181	-1.96083007	1.55337954	1.63693350	3.53918703	0.07096218	28.018378082823652	2.0850174768448033
1.00000000	37.43377234	-0.83844536	-1.32143436	1.44110537	1.57526371	3.58742664	0.06757677	37.443160953966675	1.593190681966666
2.00000000	6.03722459	1.23480747	-1.56488595	1.74150729	0.58020338	1.64831908	2.64743900	6.162209850213515	1.369046602584806
