0.00000000	9.44924919	0.54072581	-1.60217891	1.74584734	0.70489316	0.98537348	-2.54197621	9.464707848439687	0.05716186905622813
0.00000000	31.29262422	16.16533932	-0.88337682	1.94444060	0.65206603	0.63835877	-0.09124030	35.221393014826496	0.47682839068202504
0.00000000	10.83017148	-1.49519318	-1.59008763	1.77570224	0.78714906	1.04763602	-2.60341930	10.93289609077686	-0.13719089102075074
0.00000000	10.56008590	-0.37840542	-1.58483670	1.68180478	0.71570505	1.04789232	-2.54441476	10.56686353073911	-0.03581822962614092
0.00000000	3.03548982	-1.67916198	-1.71331213	1.71650219	0.67491680	0.95035042	0.25947803	3.468974402096555	-0.5052787980768222
0.00000000	11.53852187	-1.95266322	-1.56364797	1.81495440	0.74207485	1.05955436	-2.57052875	11.702580082836821	-0.16764161957621532
1.00000000	24.75637637	-19.21298692	-2.12331460	1.53845334	1.70152360	3.95863433	-3.12157273	31.33715107282705	-0.6599859229199742
1.00000000	12.76902400	4.24207135	-1.51781891	1.87033916	1.83864550	4.78067555	-3.11998487	13.455227357836314	0.3207444251967566
1.00000000	24.29057171	-13.78911043	-1.99956308	1.51403284	1.55138828	3.34173064	0.07696947	27.93154919529862	-0.5163106825630602
1.00000000	24.04518629	-16.26681278	-2.00741486	1.32632709	1.58868103	3.37018339	0.14828931	29.030676563600363	-0.5947864040657099
1.00000000	37.34662407	-0.71845808	-1.29491542	1.38943267	1.47025758	3.42537698	0.05758405	37.3535341224712	-0.019235191604229436
