0.00000000	30.22939782	16.97749841	-0.72593830	1.96330118	0.66076423	0.49535373	0.46663642	34.67062077352197	1.0590739948496655
0.00000000	17.82511535	6.80000907	-1.36707817	1.78858328	0.81119922	1.09041851	-2.52262139	19.078125185481092	1.2063525816770653
0.00000000	13.69738955	1.02042901	-1.53838931	1.84570670	0.85472425	0.97848334	0.50329918	13.73534695043772	1.496435625646446
0.00000000	37.62981515	-3.11543816	-1.42219446	1.69675243	0.70778469	0.91790643	0.04586402	37.758561190171875	1.6533996840171385
0.00000000	30.28699222	15.49229622	-0.80575381	1.90427399	0.62732626	0.61430727	2.85423517	34.019305400060226	1.0979780227450484
0.00000000	15.25128515	-4.13963669	-1.54850934	1.74862051	0.66187523	0.88500859	2.88724875	15.803110157554578	1.8358393179472354
0.00000000	15.02758829	-3.53071564	-1.55593846	1.73514009	0.68279544	0.84083410	3.00597286	15.436786023790242	1.801559879975879
0.00000000	18.45041325	6.35071805	-1.39468596	1.76865423	0.79072196	1.05579637	-2.51490331	19.51280012828429	1.2392937021954478
0.00000000	43.05305481	11.00997423	-0.89420555	1.79783213	0.67905580	1.15177294	0.09428316	44.43855376830043	1.32043167549214
1.00000000	24.78536807	-19.20847767	-2.10563026	1.55235207	1.64977579	3.89629634	-3.11629653	31.357297153362314	2.2301017927751094
1.00000000	24.06862911	-16.34546456	-1.97490607	1.45074892	1.58366969	3.38985575	0.06715268	29.094211089441064	2.16737033861567
1.00000000	24.32561172	-13.78622557	-1.96827463	1.53256822	1.58395657	3.47979790	0.05754811	27.96060444659813	2.086398612999388
1.00000000	37.37941792	-0.79056589	-1.36042045	1.40413368	1.53249110	3.36913341	0.01061764	37.3877771265483	1.5919429387255255
