0.00000000	13.99136092	2.11333476	-1.53463743	1.80702472	0.76205942	0.95760234	-2.36026454	14.150065872692165	0.14991246980920678
0.00000000	30.47890663	17.02591996	-0.69451187	1.89933443	0.66232940	0.52138614	0.67785519	34.91197072415971	0.5094319829392767
0.00000000	6.65294936	-2.54370288	-1.70661912	1.73216724	0.74063226	1.00903856	-0.24658823	7.122651158693981	-0.3651920241896345
0.00000000	8.30991833	-5.18475583	-1.69270347	1.86387444	0.85325500	1.01049103	-2.41517162	9.794714680274714	-0.5578250450459791
0.00000000	7.40062249	-2.77538049	-1.65074919	1.77903223	0.73276664	1.04685583	-2.33104610	7.903919920126117	-0.35878809112744037
0.00000000	14.67105966	1.68083843	-1.52889131	1.74883699	0.77506845	0.92267771	-2.44483662	14.767031163204205	0.1140709450399351
0.00000000	31.26923160	16.24108867	-0.72040103	1.92163301	0.59258828	0.53724729	1.83722913	35.23546233613575	0.4790431003234928
0.00000000	7.91957127	-3.34315049	-1.66499291	1.69346952	0.74040662	1.00000022	-2.58480620	8.596293637341423	-0.39944385303874874
0.00000000	21.65450046	-3.58729613	-1.56338523	1.86340153	0.66567048	0.98208142	2.07394600	21.9496260491256	-0.16416957900108795
0.00000000	21.52127969	-4.22984550	-1.58758781	1.82796288	0.66358839	1.02916360	0.39110342	21.933013300708975	-0.19406881348995414
1.00000000	24.77932729	-19.21787325	-2.12854169	1.56766963	1.68514487	3.90225523	-3.12752986	31.358279818861305	-0.6596602948589784
1.00000000	24.10544094	-16.37266247	-1.97536645	1.46795857	1.59742064	3.35659353	0.09670696	29.139944393707662	-0.596636420071828
1.00000000	24.44530035	-13.78782674	-2.06186507	1.57679951	1.71981846	3.60803385	0.04618517	28.065581686720286	-0.5135492171821425
1.00000000	37.24550699	-0.79054331	-1.34076570	1.50067329	1.54868851	3.36545392	0.01968018	37.25389576496833	-0.021222012809309302
2.00000000	29.08670777	3.16476822	-1.35539363	1.98399711	0.70941244	1.89178743	-2.72874522	29.258371909313414	0.10837828618781138
