0.00000000	30.38763498	17.04794984	-0.77616106	1.95502472	0.66871580	0.44138083	0.60974085	34.84309046891328	1.0595348825106452
0.00000000	26.38575152	12.58750213	-0.98175488	1.83647513	0.67145275	0.90210657	-2.97801280	29.23445045058889	1.1256711661114562
0.00000000	23.18092898	9.89809287	-1.16393433	1.79328108	0.68508418	1.00197455	-2.93673086	25.205707901960395	1.1672388583638535
0.00000000	23.48378081	9.22852315	-1.20363067	1.79623687	0.73650620	0.98291894	-3.11279631	25.231995574314173	1.1963611913704237
1.00000000	24.78874608	-19.20893255	-2.08015303	1.54166603	1.65578707	3.88495608	-3.11319041	31.360245884386252	2.230047274208868
1.00000000	24.06158698	-16.33382596	-1.97180007	1.47259653	1.59828130	3.38601062	0.06160823	29.08184723307093	2.1671753077119864
1.00000000	24.31931747	-13.76724996	-1.96825157	1.54857922	1.60489757	3.45485179	0.05486908	27.94577559610338	2.0859189244839635
1.00000000	37.11503179	-0.56965477	-1.29353712	1.48687553	1.56730617	3.38809333	0.31824538	37.1194031650523	1.586143479074313
2.00000000	16.73809102	11.67373908	-1.20532630	1.77439904	0.56672249	1.75612977	3.12934852	20.406858530938166	0.9617935697136436
2.00000000	22.98506436	-0.27019099	-1.44376014	1.85098433	0.63542320	1.92166975	0.60720050	22.986652361847284	1.5825508531976626
2.00000000	40.07214245	1.68711010	-1.25077413	1.57540369	0.63452650	1.68123402	3.01467443	40.10764192797445	1.5287193571265578
2.00000000	19.84687981	6.26818255	-1.34752248	1.78592682	0.67251709	1.67379144	0.26620972	20.81318694176147	1.2648832388565558
