0.00000000	30.65468387	17.21592953	-0.67727230	1.96343255	0.68111051	0.46842718	0.60475248	35.15818358151576	0.511711942679333
0.00000000	21.98850983	9.41949393	-1.19193528	1.80357051	0.75468852	1.24963146	0.16824661	23.92115027420951	0.40473220624974177
0.00000000	28.78956042	10.94270756	-1.06788013	1.84702635	0.68854062	0.98078000	0.14875136	30.799052549072215	0.3632281868764509
0.00000000	28.64792472	11.55433906	-1.03222535	1.85938966	0.72461508	1.01017262	-3.10467768	30.890230524815266	0.3833669086428181
0.00000000	36.12640531	13.26073345	-0.76975582	1.94996941	0.75923471	0.95532521	-0.07407603	38.483297834961405	0.3517957406006033
0.00000000	26.77108363	9.17219865	-1.19235526	1.78334868	0.80195916	1.02699493	0.41891608	28.298765817602643	0.3300814626791087
1.00000000	24.78919280	-19.23174293	-2.08629380	1.53930688	1.66961441	3.90308217	-3.11914253	31.37457594615705	-0.6598169110018861
1.00000000	24.07723477	-16.34590563	-1.95499931	1.45383990	1.59163695	3.35689752	0.07246995	29.10157839421365	-0.5964204161125389
1.00000000	24.32367927	-13.77135327	-1.93181000	1.51929486	1.60097056	3.39865214	0.04777493	27.95159287262476	-0.5151734723981888
1.00000000	37.24979852	-0.77967644	-1.33097337	1.44974422	1.53560042	3.23420355	0.06590993	37.25795733976415	-0.020927968475601424
1.00000000	34.00460042	-0.27129023	-1.43835185	1.58629084	1.65190461	3.47384340	0.13399091	34.00568258560263	-0.007977875671731912
2.00000000	39.98786776	7.49347084	-1.09104429	1.69940686	0.67854084	1.69979522	0.01729351	40.68392401454385	0.18524516991387585
2.00000000	30.24067377	4.53569011	-1.35917793	1.88815796	0.61691152	1.81601926	-2.84199214	30.578927954353105	0.14887665712285952
