0.00000000	31.22316160	16.24290818	-0.77253960	1.99308920	0.63214373	0.49203466	1.08858478	35.19542422593632	0.47969232549328805
0.00000000	20.65473105	8.84004141	-1.37030826	1.70657349	0.61037780	0.99271677	0.14907984	22.466959003798195	0.4044014199279056
0.00000000	20.52532999	9.47940977	-1.30315898	1.82382560	0.59766377	0.99633877	0.12369695	22.608590862456794	0.43265598576984626
0.00000000	19.96419932	10.03935964	-1.31697963	1.77317834	0.64107682	1.04491797	0.09444268	22.346319528502885	0.4659394820691533
1.00000000	24.11567788	-16.37449202	-1.91368602	1.42700958	1.58068224	3.35259469	0.05592035	29.149440964192863	-0.5964910210240186
1.00000000	24.77142936	-19.19785236	-2.04132060	1.53024006	1.65408018	3.88756583	-3.12558579	31.33977102299612	-0.6593099322916983
1.00000000	5.55723968	2.92243707	-1.60128758	1.44942093	1.67604999	3.68543644	-0.05064753	6.278817666493962	0.4841360270255068
1.00000000	24.42376488	-13.79274444	-1.93466506	1.57584906	1.68217154	3.50980225	0.06409749	28.049244020127748	-0.5140791108292472
1.00000000	37.26930869	-0.74604436	-1.36468075	1.48824430	1.54351388	3.25333758	0.05861032	37.2767749734013	-0.020014987179543565
2.00000000	27.59164258	0.41405025	-1.47288034	1.75957870	0.66881109	1.91402592	0.14501405	27.594749099638396	0.015005238375028642
