0.00000000	20.53524820	8.79856160	-1.23107908	1.84611142	0.72465610	1.29245167	-3.08230042	22.340794633687448	1.1659974826447024
0.00000000	28.51343155	14.01342593	-0.86627410	1.91790223	0.74254823	0.94513815	3.12960243	31.770928300132052	1.113997959087924
0.00000000	11.77985041	-3.71594429	-1.57032989	1.68746138	0.63929032	0.79960196	-0.21110755	12.35204912750758	1.8763657427781397
0.00000000	30.54643681	17.36627378	-0.72369645	1.99254012	0.72434113	0.48754796	0.48042601	35.13790356280862	1.0538452404206269
0.00000000	17.04940545	3.83724915	-1.47425364	1.79024065	0.73757211	0.96388051	0.33126536	17.475889311782257	1.349418637796567
0.00000000	12.13044116	-4.29172516	-1.56848941	1.76426744	0.64340802	0.81346568	-3.12693000	12.867264961334993	1.9108506016485025
1.00000000	24.82128896	-19.22516509	-2.11606167	1.57374787	1.72214037	4.07448380	-3.11615753	31.39591308392818	2.2298210570680403
1.00000000	24.12026556	-16.39646731	-1.96512375	1.40298128	1.58957729	3.34859334	0.06952976	29.16558504355468	2.167822338691132
1.00000000	24.28971843	-13.77649558	-1.93914119	1.50225353	1.59495598	3.33690769	0.06570376	27.924581498644542	2.0867292340893484
1.00000000	37.16233404	-0.80167118	-1.34208987	1.51578534	1.54408342	3.16682678	0.02692741	37.17097991688389	1.5923651243661767
2.00000000	21.28974011	-2.94366887	-1.54762290	1.83625841	0.63564993	2.00136963	0.64049131	21.492282809593537	1.7081921964638864
