0.00000000	13.59132466	-4.18040000	-1.53652392	1.70099115	0.61044489	0.81388174	-2.98154283	14.219699370012156	1.869191340473571
0.00000000	30.51360532	17.39359906	-0.70979307	2.00959754	0.72540155	0.47914594	0.46801749	35.12288994209852	1.0527069210130025
0.00000000	19.70939636	7.36172827	-1.35032282	1.82208323	0.78345976	1.11339735	-2.67972755	21.03937613136137	1.2133294077675443
0.00000000	29.42467740	14.74592811	-0.79013393	1.92846060	0.72217646	0.80448875	2.89311433	32.91282479398204	1.1062359038380154
0.00000000	19.09921295	8.03298950	-1.33046506	1.86763775	0.75418126	1.21170471	-2.69788289	20.71976968058665	1.1726646185674836
0.00000000	15.41634108	2.55688617	-1.53854654	1.81311178	0.90924345	0.93033965	0.07237208	15.626939533422174	1.406436919777184
0.00000000	38.95320139	-2.17729117	-1.32232330	1.65847218	0.63878298	1.43119018	0.25897178	39.01400383668482	1.626633276294456
1.00000000	24.07938054	-16.37439791	-1.93956278	1.41895914	1.57294273	3.28983602	0.05180785	29.119365963309416	2.1679848876292036
1.00000000	24.76267313	-19.20114567	-2.05588124	1.53936148	1.64738721	3.88167532	-3.12181544	31.33486836710478	2.230360509384216
1.00000000	24.31214483	-13.77625465	-1.96626924	1.47873390	1.59425139	3.37857322	0.07318020	27.943972130256327	2.086325799822359
1.00000000	37.16159620	-0.76162439	-1.33508549	1.48400712	1.52979775	3.14807421	0.02878559	37.16940010066475	1.591288390016039
2.00000000	20.51962426	-4.32021241	-1.60000418	1.73814988	0.58967710	1.78763490	0.91568279	20.969482946393757	1.7783061568148284
2.00000000	38.95320139	-2.17729117	-1.32232330	1.65847218	0.63878298	1.43119018	0.25897178	39.01400383668482	1.626633276294456
