0.00000000	30.07080931	16.93359676	-0.68889473	1.89811420	0.66642698	0.55786246	0.61393410	34.51087179120031	0.5128634107569608
0.00000000	6.00456690	-3.23227079	-1.73512475	1.82486200	0.70053386	1.10358761	-2.30404139	6.819266684656264	-0.49381773583475846
0.00000000	6.79689018	-3.35164572	-1.68883679	1.90211570	0.76041747	1.06081100	-2.31972361	7.578340527541287	-0.45812412510066
0.00000000	9.24783945	-4.03602751	-1.61499618	1.82082868	0.91315029	0.99697827	-2.46655464	10.090195863037204	-0.4115113490780415
0.00000000	31.27283548	16.21725936	-0.72432254	1.91972113	0.60795679	0.54835485	1.38779724	35.227684285355096	0.47839565113415927
0.00000000	14.78179380	2.84029559	-1.52415894	1.80873871	0.73937319	0.94494914	0.45774585	15.052199406873799	0.18983451292282155
0.00000000	20.41523959	-3.56346933	-1.55656908	1.81267810	0.69512231	0.95648170	2.95056772	20.72390699609883	-0.17280849431145537
0.00000000	20.37264924	-4.22224120	-1.57837854	1.82452416	0.67509248	0.88496702	0.50672621	20.805579968053042	-0.20435734931142996
1.00000000	24.78464277	-19.21355913	-2.07142399	1.52427745	1.64752022	3.85051527	-3.11790061	31.35983692047074	-0.6594477107378567
1.00000000	24.06051535	-16.32661318	-1.96352742	1.45002961	1.58185300	3.35970584	0.10431450	29.07691002904083	-0.5961944430460083
1.00000000	37.32259399	-0.75303128	-1.28066085	1.40509772	1.53529064	3.45928983	0.02969336	37.33018990376345	-0.020173547508779296
1.00000000	24.30795368	-13.79236046	-1.97187887	1.58774841	1.62871260	3.47986347	0.05151188	27.948270414599847	-0.5161047782677439
2.00000000	31.87319354	4.32414005	-1.39581380	1.80764389	0.73655648	1.75924191	-2.84501195	32.16517765550677	0.13484371609694165
