0.00000000	27.88238776	11.46629735	-1.06341742	1.89363384	0.70991602	1.01531524	0.08932949	30.148026836222876	0.39015661024033227
0.00000000	22.56460943	9.91760806	-1.16776488	1.86436844	0.70286746	1.20116660	-3.12556791	24.6479319286674	0.4141050643805029
0.00000000	30.56284754	17.05074812	-0.72769068	1.95408630	0.68504881	0.46612597	0.68451548	34.99736648956558	0.5088816300172512
0.00000000	28.02142093	10.75461789	-1.10186098	1.84800661	0.68045062	0.96224852	0.32166594	30.014360511197804	0.3664632228378375
0.00000000	33.31239349	13.18502677	-0.90238176	1.88469243	0.76102654	0.92508824	0.30311283	35.82681245880257	0.37687996994884193
0.00000000	25.74605942	8.88812416	-1.23316620	1.84174657	0.74607636	0.96617757	0.28428516	27.23707632514449	0.3324125500536858
1.00000000	24.07073473	-16.30193936	-1.96931086	1.43581784	1.56730021	3.33429449	0.07999928	29.071523822103742	-0.5952947580578362
1.00000000	24.78916771	-19.21283760	-2.10893903	1.54082656	1.65648021	3.85723898	-3.12684727	31.36297123039334	-0.659341133156056
1.00000000	24.31493809	-13.78842028	-1.95020507	1.53972828	1.57884124	3.41030422	0.04924255	27.95240147354871	-0.5158588694307658
1.00000000	37.14974554	-0.72108570	-1.34993408	1.51496971	1.55646205	3.22120597	0.02913334	37.156743106379686	-0.019407808904227213
2.00000000	40.03983799	6.74384519	-1.16781006	1.71165609	0.67649868	1.79710498	3.03785205	40.603793840134365	0.16686228909290451
2.00000000	29.01288334	4.11211315	-1.37370108	1.92313957	0.73230306	1.86108476	-2.83843279	29.30284754522762	0.14079624056065773
