0.00000000	19.56571780	8.72104293	-1.28125296	1.87287545	0.71090272	1.20318195	-2.97096562
0.00000000	19.81664708	7.61943867	-1.35490451	1.86763954	0.76765355	1.19338538	-3.01084471
0.00000000	12.05891057	-3.53891975	-1.55543027	1.72732639	0.60167740	1.08943636	0.28647524
0.00000000	6.15467900	-1.35828570	-1.64584671	1.66858721	0.62684060	0.88609128	0.94887292
1.00000000	24.08496455	-16.37043075	-1.95986257	1.44897175	1.59099165	3.33810480	0.08291843
1.00000000	24.78882890	-19.19280855	-2.09290526	1.53903306	1.67416758	3.90880955	-3.12318969
1.00000000	37.31759724	-0.80752122	-1.35494195	1.44717646	1.55646001	3.31807293	0.06197585
1.00000000	24.39183687	-13.79720035	-2.02708135	1.57090843	1.64659557	3.47951870	0.05642959

292	226
263	227
276	224
303	224
292	156
263	155
276	157
303	157

337	228
307	228
319	225
347	225
337	158
307	158
319	159
347	160

786	260
816	259
855	267
822	268
786	160
816	160
855	159
822	158

708	366
741	351
840	366
814	384
708	164
741	165
840	164
814	162

1034	223
1076	223
1155	230
1108	230
1034	183
1076	183
1155	184
1108	184

1233	232
1181	232
1094	224
1138	224
1233	184
1181	184
1094	183
1138	183

602	200
631	200
637	202
606	202
602	173
631	173
637	173
606	173

957	226
1001	225
1069	232
1019	233
957	182
1001	182
1069	183
1019	183

