0.00000000	13.83951965	1.69543718	-1.53891287	1.84140444	0.88657776	1.01270048	0.55749786
0.00000000	30.70289712	17.40277441	-0.65032337	1.97917676	0.74729323	0.53731419	0.50750691
1.00000000	24.78751634	-19.24173079	-2.09856377	1.53673124	1.66547455	3.90595041	-3.11071301
1.00000000	24.07383417	-16.35940138	-1.94505392	1.45093620	1.60419706	3.41668882	0.06948935
1.00000000	37.16161377	-0.78564443	-1.35830889	1.51742411	1.56401631	3.18923310	0.04325652
1.00000000	24.31351762	-13.78004174	-1.93337451	1.49738693	1.62747408	3.48347488	0.06356654
2.00000000	39.50164444	7.84022432	-1.19527565	1.71767855	0.79562264	1.75317416	0.02044358

485	254
526	251
550	256
506	258
485	159
526	159
550	158
506	157

188	195
208	195
208	195
188	195
188	149
208	149
208	149
188	149

1235	232
1184	232
1095	224
1139	224
1235	184
1184	184
1095	183
1139	183

1034	223
1076	223
1156	229
1108	230
1034	183
1076	183
1156	183
1108	183

602	200
631	200
636	202
605	202
602	172
631	172
636	171
605	171

958	223
1001	223
1070	230
1020	230
958	182
1001	182
1070	182
1020	182

458	198
472	198
466	199
452	199
458	168
472	168
466	167
452	167

