0.00000000	36.13942799	12.89667581	-0.82130406	1.86372972	0.77114246	1.00364473	2.31768107
0.00000000	36.15710610	12.31814184	-0.84672521	1.78045619	0.83652405	1.01917849	0.06480581
1.00000000	24.06562253	-16.32508353	-1.96375773	1.44034123	1.58677493	3.28607402	0.06671342
1.00000000	24.75678042	-19.22395543	-2.12717340	1.52896595	1.66400687	3.81818665	-3.11760950
1.00000000	24.33042777	-13.77468988	-1.95005779	1.52861369	1.59184227	3.39977145	0.06593012
1.00000000	37.15820062	-0.78283611	-1.34429191	1.46781349	1.55287950	3.20415528	0.04986709

342	195
336	195
355	194
362	195
342	157
336	158
355	158
362	158

355	195
371	195
366	195
349	195
355	160
371	160
366	159
349	159

1034	224
1076	223
1153	230
1105	230
1034	183
1076	183
1153	184
1105	184

1234	233
1183	233
1096	225
1140	225
1234	185
1183	185
1096	184
1140	184

959	224
1001	223
1068	230
1020	230
959	182
1001	182
1068	182
1020	182

602	200
631	200
636	202
605	202
602	173
631	173
636	172
605	172

