0.00000000	30.05612775	10.95385551	-1.01316092	1.82429123	0.72950909	0.95001859	3.05032182
0.00000000	37.96336274	10.95395339	-0.79378818	1.85225403	0.74577449	1.14843681	-0.14616996
0.00000000	38.12546479	15.07944559	-0.58925388	1.85965383	0.63317289	0.64833223	-0.00409641
0.00000000	39.28353661	15.86062532	-0.66278122	1.84065986	0.58205845	0.64217848	-0.45872736
0.00000000	29.66193149	12.48802637	-0.92616199	1.87332368	0.73501695	0.90130183	-3.11352038
0.00000000	12.19463348	-1.04373631	-1.55429206	1.77484739	0.80696737	1.01576244	0.28300285
0.00000000	41.09879795	16.71932873	-0.70438335	1.74031234	0.55908137	0.57641307	-1.04617548
1.00000000	24.80068458	-19.22569338	-2.09489969	1.54520750	1.67132428	3.90341282	-3.11380529
1.00000000	24.04743496	-16.34258032	-1.95841358	1.44954419	1.58725381	3.31165540	0.07258922
1.00000000	24.30877937	-13.78514139	-1.95160399	1.50809431	1.60685652	3.40236802	0.05867641
1.00000000	37.31564974	-0.74019181	-1.31738375	1.42550468	1.52942711	3.30623169	0.04946788
2.00000000	18.18510608	1.68277088	-1.44840107	1.85108805	0.75253091	1.97317977	0.26563004

346	203
329	203
340	202
356	202
346	158
329	159
340	159
356	159

396	192
409	192
399	193
386	193
396	158
409	158
399	157
386	158

318	190
329	190
325	190
313	190
318	155
329	155
325	155
313	155

316	191
324	191
314	191
307	191
316	158
324	158
314	157
307	157

307	201
289	201
298	201
316	201
307	155
289	155
298	156
316	156

635	262
679	260
703	267
656	269
635	159
679	160
703	158
656	157

318	191
319	191
308	191
307	191
318	161
319	161
308	161
307	161

1234	232
1183	232
1095	224
1138	224
1234	183
1183	183
1095	183
1138	183

1035	224
1077	223
1155	230
1107	230
1035	183
1077	183
1155	184
1107	184

959	224
1002	224
1069	230
1020	230
959	182
1002	182
1069	182
1020	182

602	199
629	199
635	201
605	201
602	173
629	173
635	172
605	172

518	230
546	229
561	235
530	235
518	160
546	160
561	158
530	157

