0.00000000	16.87968530	7.08660327	-1.39123724	1.77818036	0.68550149	0.99218621	-2.60760689
0.00000000	6.07202680	0.80157832	-1.58129166	1.70537066	0.67083796	1.03350321	1.23348856
0.00000000	17.24719625	6.22899407	-1.41846083	1.77098346	0.73706594	0.96845266	-2.54814649
0.00000000	36.94458008	14.67641529	-0.74615572	1.81799889	0.60800886	0.88800223	-0.66220546
0.00000000	15.15705084	-2.37703072	-1.52203558	1.76882267	0.69202851	0.90728794	2.86036253
1.00000000	24.78683120	-19.22536273	-2.10459147	1.50981462	1.64251986	3.84632412	-3.11796260
1.00000000	24.07334478	-16.33704963	-1.95787583	1.45476413	1.58912696	3.34709161	0.07272930
1.00000000	24.31400199	-13.75981381	-1.95044313	1.53889573	1.60948211	3.39657664	0.06216443
1.00000000	37.16141048	-0.77244106	-1.35583077	1.48872876	1.51267350	3.25793216	0.03882303
2.00000000	14.54293602	2.26499658	-1.46365045	1.74747634	0.67093623	1.78633662	0.34829774

321	238
289	239
284	236
314	235
321	161
289	160
284	161
314	162

433	369
476	350
585	360
553	381
433	154
476	157
585	155
553	152

366	237
333	238
324	236
355	234
366	162
333	162
324	162
355	163

325	193
331	193
315	193
309	193
325	158
331	158
315	158
309	158

733	247
699	246
705	242
737	243
733	159
699	160
705	161
737	161

1233	232
1183	232
1096	225
1139	225
1233	185
1183	185
1096	184
1139	184

1034	223
1076	223
1155	230
1107	230
1034	183
1076	183
1155	183
1107	183

958	224
1001	223
1068	230
1019	230
958	181
1001	181
1068	181
1019	181

603	200
630	200
635	202
605	202
603	173
630	173
635	172
605	172

469	244
500	243
519	251
484	252
469	161
500	162
519	159
484	159

