0.00000000	37.95905364	15.29657464	-0.71806643	1.86248100	0.59757868	0.47426949	-1.67801726
0.00000000	39.59316956	16.18352940	-0.70662973	1.92467165	0.67437550	0.50965297	-1.74454653
0.00000000	32.84423477	12.80475918	-0.90655063	1.90255582	0.70428935	0.85657317	-3.09948325
0.00000000	34.17653536	10.62356798	-0.99735532	1.80320430	0.71436002	1.01961250	0.16160063
0.00000000	14.60827150	1.87788763	-1.57012818	1.78420389	0.77323600	1.12568893	0.67845374
0.00000000	40.95833176	16.73598540	-0.76193820	1.81999981	0.62043726	0.49021758	-1.86515057
1.00000000	24.10216582	-16.35182719	-1.94623528	1.43715835	1.58114010	3.34291113	0.07388259
1.00000000	24.78117190	-19.20843626	-2.08242373	1.52588320	1.66335937	3.87534154	-3.12677217
1.00000000	24.31383133	-13.78702364	-1.92631964	1.50954950	1.59191113	3.39795508	0.06130182
1.00000000	37.16184967	-0.81374269	-1.33541618	1.52455592	1.58405147	3.25824838	0.04304349
2.00000000	13.53767169	8.70377641	-1.31318138	1.73563099	0.64411265	1.83785275	0.03308396
2.00000000	5.65045947	2.00560971	-1.55564068	1.71859729	0.61820463	1.69246134	0.34412634

323	192
317	192
309	192
314	192
323	157
317	157
309	157
314	157

319	192
312	192
304	192
311	192
319	157
312	157
304	157
311	157

330	198
314	198
321	198
336	198
330	157
314	156
321	157
336	157

375	198
391	198
388	199
372	199
375	161
391	161
388	161
372	161

482	251
514	249
544	253
511	256
482	164
514	164
544	164
511	163

319	192
312	192
305	192
312	192
319	161
312	160
305	160
312	161

1034	223
1075	223
1154	229
1107	230
1034	183
1075	183
1154	184
1107	184

1233	231
1182	232
1095	224
1139	224
1233	184
1182	184
1095	183
1139	183

959	223
1002	223
1068	229
1020	230
959	181
1002	181
1068	182
1020	182

603	200
632	200
637	201
605	201
603	172
632	172
637	171
605	171

152	245
184	245
125	254
87	254
152	158
184	158
125	155
87	154

306	355
382	349
393	407
290	418
306	153
382	154
393	145
290	144

