0.00000000	34.03326336	12.42821091	-0.83888040	1.80365705	0.78948775	0.94608225	0.11698078
0.00000000	34.10700497	11.59910152	-0.87441061	1.74758863	0.78838585	0.98092823	0.08576125
1.00000000	24.78570938	-19.23878820	-2.11669866	1.54108644	1.65632477	3.87451084	-3.10796905
1.00000000	24.07325694	-16.35206561	-1.94864450	1.42846799	1.57377359	3.32373255	0.08244522
1.00000000	37.16143558	-0.77859728	-1.32251416	1.47259402	1.55945640	3.18306904	0.05701635
1.00000000	24.32695439	-13.75486851	-1.92292760	1.49071622	1.58244967	3.39180670	0.08020512

337	196
354	196
349	196
331	196
337	158
354	158
349	158
331	158

355	196
372	196
367	197
349	197
355	160
372	160
367	160
349	159

1234	233
1184	233
1095	225
1139	225
1234	184
1184	184
1095	184
1139	184

1034	223
1076	223
1155	229
1108	230
1034	183
1076	183
1155	184
1108	184

602	199
630	199
637	201
605	201
602	172
630	172
637	172
605	172

958	223
999	223
1068	229
1020	229
958	182
999	182
1068	182
1020	182

