0.00000000	37.91932307	15.21243045	-0.65909217	1.87170148	0.64536294	0.63221992	-0.81555188
0.00000000	34.18485993	12.98104838	-0.82169340	1.79086113	0.69362678	0.93441394	0.14298928
0.00000000	15.65075423	3.19507248	-1.49019311	1.77108979	0.75862643	0.97266655	0.75495428
0.00000000	39.01570722	15.92616533	-0.66189311	1.83889675	0.61400145	0.50964912	-1.96538830
0.00000000	34.63054456	12.12472414	-0.84944520	1.85115027	0.71529079	0.74486348	0.09239946
0.00000000	32.61026583	10.38249919	-0.99991248	1.73074245	0.74979435	1.03473373	0.09685290
1.00000000	24.09413739	-16.35467253	-1.93604110	1.42943871	1.57245633	3.34092849	0.07349595
1.00000000	24.79077640	-19.21547212	-2.05925922	1.51879287	1.64337848	3.85163960	-3.13310003
1.00000000	24.30956238	-13.78662335	-1.90978132	1.48219001	1.58576181	3.37435760	0.05754146
1.00000000	37.16138288	-0.80155322	-1.32914660	1.49446130	1.56722226	3.20422304	0.05221278

321	191
325	191
313	191
309	191
321	156
325	156
313	156
309	156

327	195
342	195
338	196
322	196
327	158
342	159
338	158
322	158

431	244
461	242
485	244
454	247
431	162
461	163
485	162
454	162

320	191
311	191
304	191
313	191
320	157
311	157
304	157
313	158

348	196
363	196
359	196
344	196
348	158
363	158
359	157
344	157

370	199
387	199
382	200
365	200
370	162
387	162
382	162
365	161

1034	223
1076	223
1154	229
1107	229
1034	183
1076	183
1154	183
1107	183

1232	231
1181	231
1096	223
1140	223
1232	183
1181	183
1096	183
1140	183

960	223
1002	222
1068	229
1020	229
960	182
1002	182
1068	182
1020	182

602	200
631	200
637	201
606	201
602	172
631	172
637	171
606	171

