0.00000000	16.49097769	5.48470146	-1.47861932	1.67118931	0.73407685	0.87825742	0.61864972
1.00000000	24.79083413	-19.23018757	-2.09667079	1.51935387	1.64180680	3.84624538	-3.11892819
1.00000000	24.05341048	-16.34592696	-1.96219812	1.43749309	1.57252487	3.32526408	0.05982853
1.00000000	24.32803606	-13.76778954	-1.97601042	1.49022150	1.59076342	3.47748336	0.07348846
1.00000000	37.16539584	-0.72689307	-1.34940026	1.47120881	1.53375299	3.25602544	0.05287361
2.00000000	35.94897923	6.01015342	-1.33552430	1.77061439	0.64973341	1.60591367	3.10561204

343	241
375	239
387	242
354	244
343	168
375	169
387	168
354	168

1233	232
1183	232
1096	224
1139	224
1233	184
1183	184
1096	184
1139	184

1035	224
1077	223
1154	230
1106	230
1035	184
1077	184
1154	184
1106	184

958	224
999	224
1069	231
1021	231
958	183
999	183
1069	184
1021	184

601	200
629	200
635	202
604	202
601	173
629	173
635	172
604	172

487	204
474	204
481	203
494	203
487	168
474	168
481	168
494	168

