0.00000000	7.10945255	-4.54511893	-1.69816111	1.79900980	0.77223041	0.98999935	-2.44455290
0.00000000	21.82042724	9.58618365	-1.21914719	1.86147594	0.78114554	1.37983043	3.07956791
0.00000000	7.59328541	-5.53940472	-1.68173049	1.78446150	0.81980495	0.90904353	-2.44414735
0.00000000	23.91542384	-3.46701271	-1.62281583	1.82517517	0.67836995	1.10928628	0.00499129
1.00000000	24.29352811	-13.78145845	-2.02047698	1.54608977	1.63962825	3.34848542	0.07246850
1.00000000	24.74014383	-19.19020791	-2.14734082	1.53171432	1.68382086	3.82976156	-3.09779835
1.00000000	37.23499900	-0.78739618	-1.36404346	1.48661256	1.55242509	3.31446999	0.02550043
1.00000000	24.15461791	-16.38476598	-1.99137531	1.41693473	1.58478257	3.24793238	0.10689269
2.00000000	29.84264273	3.51235490	-1.41418074	1.76626742	0.69025739	1.62250792	-2.69502854

1156	343
1132	357
1010	337
1039	327
1156	153
1132	150
1010	154
1039	155

290	220
264	220
288	217
312	217
290	156
264	156
288	158
312	158

1212	328
1193	340
1082	325
1106	315
1212	153
1193	151
1082	154
1106	155

696	221
715	221
721	223
700	223
696	167
715	167
721	167
700	167

959	226
1002	225
1069	232
1020	233
959	183
1002	183
1069	183
1020	183

1234	234
1184	234
1095	226
1138	226
1234	186
1184	186
1095	185
1138	185

603	200
631	200
636	202
605	202
603	173
631	173
636	172
605	172

1034	224
1074	224
1154	230
1107	231
1034	185
1074	185
1154	186
1107	186

534	210
518	211
506	209
521	209
534	167
518	167
506	168
521	168

