0.00000000	30.47204520	12.56840856	-0.89761875	1.85701835	0.67176976	0.84753711	-3.09403014
0.00000000	38.11300177	14.99006372	-0.64485834	1.90253723	0.63828865	0.80697717	-0.67043847
0.00000000	12.75212765	-0.31325943	-1.55525885	1.80960417	0.84959959	1.03481655	-0.02310163
0.00000000	30.85598444	11.21512965	-0.96196864	1.76410627	0.66901430	0.90314118	1.72286391
0.00000000	39.24061876	15.23800147	-0.69207333	1.81205094	0.60195044	0.67268845	-0.81453007
0.00000000	37.18156564	11.07559204	-0.91379033	1.60385585	0.75966402	1.08666577	0.04055327
1.00000000	24.79316812	-19.21069873	-2.07214938	1.53231251	1.65945558	3.85615167	-3.12054276
1.00000000	24.06704551	-16.31357042	-1.94587878	1.43759346	1.58013325	3.33836957	0.08774496
1.00000000	24.29523217	-13.76134847	-1.94841186	1.51587057	1.59624486	3.37847691	0.06348521
1.00000000	37.32041058	-0.80515711	-1.34298656	1.50094509	1.59565869	3.34530096	0.03608652
2.00000000	14.99340409	1.86161744	-1.49613176	1.81919098	0.77060665	1.93710217	0.24212006
2.00000000	20.68642943	8.89449872	-1.27476500	1.82736862	0.78628322	1.88401169	3.12936354

313	200
297	200
304	199
320	199
313	156
297	156
304	156
320	156

326	191
333	191
319	191
312	191
326	155
333	155
319	155
312	155

600	258
647	258
649	264
599	264
600	159
647	159
649	157
599	157

331	201
335	200
356	200
353	201
331	159
335	160
356	160
353	159

330	191
335	191
322	191
318	191
330	159
335	158
322	158
318	158

386	195
401	195
396	196
381	196
386	165
401	165
396	164
381	164

1233	231
1182	231
1095	224
1139	224
1233	183
1182	183
1095	183
1139	183

1033	223
1074	223
1154	229
1107	230
1033	183
1074	183
1154	184
1107	184

959	224
1001	223
1068	230
1019	230
959	182
1001	182
1068	182
1019	182

603	200
632	200
637	201
605	202
603	172
632	172
637	171
605	171

493	243
528	242
541	251
501	252
493	160
528	160
541	158
501	157

294	224
266	224
296	220
322	220
294	158
266	158
296	160
322	160

