0.00000000	7.35372870	-4.23735066	-1.67175506	1.82332730	0.79605368	1.00789713	-2.42038393
0.00000000	22.21789611	9.79832348	-1.17507217	1.84649491	0.77575084	1.20422597	3.06296372
0.00000000	7.82663069	-5.13090585	-1.68524991	1.80523324	0.81166021	0.98050841	-2.48283720
0.00000000	24.06778587	-3.11759146	-1.56113861	1.83391070	0.66557370	1.08057339	-0.82042217
0.00000000	29.43482148	3.35710425	-1.43912147	1.75199842	0.70192775	1.25157653	-2.71142173
0.00000000	25.19576173	-4.40219076	-1.64573668	1.77473044	0.61129379	0.99008930	3.01779914
1.00000000	24.78019564	-19.22542547	-2.08927606	1.54760361	1.67396649	3.88389104	-3.11576605
1.00000000	24.04613746	-16.39293432	-1.98045276	1.46818137	1.63328632	3.37777169	0.06626686
1.00000000	37.26580519	-0.78349364	-1.35820065	1.48249722	1.55818384	3.39114791	0.02475947
1.00000000	24.30529594	-13.78340219	-2.00105653	1.58317041	1.61099105	3.44876082	0.03449449
2.00000000	29.43482148	3.35710425	-1.43912147	1.75199842	0.70192775	1.25157653	-2.71142173

1106	335
1081	348
964	330
995	320
1106	149
1081	146
964	150
995	152

289	217
265	217
286	215
309	215
289	156
265	156
286	157
309	157

1159	325
1134	336
1024	320
1054	312
1159	152
1134	150
1024	153
1054	155

699	219
715	219
694	221
679	220
699	165
715	165
694	165
679	165

535	211
519	212
510	210
526	210
535	168
519	168
510	168
526	168

739	220
721	220
720	219
737	219
739	169
721	169
720	169
737	169

1234	232
1183	232
1095	224
1139	224
1234	183
1183	183
1095	183
1139	183

1035	224
1078	224
1158	231
1108	231
1035	183
1078	183
1158	184
1108	184

603	200
631	200
636	202
604	202
603	173
631	173
636	172
604	172

960	225
1003	225
1068	232
1019	232
960	181
1003	181
1068	182
1019	182

535	211
519	212
510	210
526	210
535	168
519	168
510	168
526	168

