0.00000000	17.58191460	6.53869729	-1.34003458	1.75054288	0.75665995	0.90475231	-0.21621183
0.00000000	21.43375246	-4.55780406	-1.60269604	1.78302336	0.66263903	1.18876939	0.46553728
1.00000000	24.09022984	-16.37043200	-1.95129017	1.45049286	1.57944121	3.34183009	0.05928392
1.00000000	24.77201914	-19.21514084	-2.09749566	1.51557600	1.64634272	3.85640013	-3.12136698
1.00000000	37.15822822	-0.76919857	-1.34043835	1.45627093	1.55667004	3.22177755	0.03078870
1.00000000	24.32039160	-13.77002315	-1.94680290	1.54413629	1.61500950	3.51482096	0.07570406
2.00000000	34.60653456	5.40052966	-1.32909904	1.70970190	0.68926058	1.65821722	3.12822795

334	231
361	231
340	234
311	233
334	161
361	161
340	160
311	160

736	225
753	224
779	227
761	227
736	166
753	167
779	166
761	166

1035	223
1077	223
1155	230
1106	230
1035	183
1077	183
1155	183
1106	183

1233	232
1182	232
1096	224
1139	224
1233	184
1182	184
1096	184
1139	184

602	200
631	200
636	202
604	202
602	173
631	173
636	172
604	172

957	223
999	223
1070	230
1021	230
957	181
999	181
1070	181
1021	181

496	204
482	204
488	203
502	203
496	168
482	168
488	169
502	169

