0.00000000	36.28851991	12.86502135	-0.82504592	1.83500624	0.71957198	0.99866186	0.08192976
1.00000000	24.77963598	-19.24126587	-2.11079393	1.53404832	1.66060485	3.86073276	-3.11694765
1.00000000	24.05771456	-16.35863655	-1.96448873	1.44845831	1.58374670	3.27087892	0.05104460
1.00000000	24.32286112	-13.77163059	-1.92995582	1.51979339	1.60880183	3.38462717	0.06013270
1.00000000	37.16301918	-0.76587075	-1.33079861	1.44588244	1.54340142	3.12217976	0.05238222

346	194
360	194
355	195
340	195
346	159
360	159
355	158
340	158

1234	232
1183	232
1096	225
1140	225
1234	184
1183	184
1096	184
1140	184

1036	224
1079	224
1154	230
1105	230
1036	183
1079	183
1154	184
1105	184

959	223
1001	223
1068	229
1019	230
959	181
1001	181
1068	181
1019	181

602	200
630	200
636	201
605	201
602	173
630	173
636	172
605	172

