0.00000000	38.11105929	15.01022389	-0.71390508	1.83214474	0.60029453	0.75275804	-3.04860735
0.00000000	12.86291449	-0.21216744	-1.56179212	1.83199310	0.87003488	0.99702493	0.24877335
0.00000000	30.97897078	11.22330113	-0.96876965	1.72832060	0.66900418	0.95382223	3.01073217
0.00000000	30.62742133	12.65031915	-0.91006158	1.84553838	0.70361691	0.88366223	-3.10648966
0.00000000	39.19221978	15.27026829	-0.75887404	1.77787256	0.60374270	0.64901431	-0.73421019
0.00000000	37.01635411	11.04368662	-0.93699310	1.65656924	0.73175728	1.04263778	0.10494392
0.00000000	20.35182903	8.91096968	-1.26252494	1.83617973	0.72124216	1.88260439	0.18428686
1.00000000	24.07216524	-16.32525168	-1.95040713	1.43377328	1.58552355	3.33977969	0.07726247
1.00000000	24.77684774	-19.21317828	-2.11337922	1.53225935	1.65920195	3.87879955	-3.12056327
1.00000000	37.09023877	-0.83634477	-1.33783684	1.56400979	1.59225903	3.19571621	0.02890597
1.00000000	24.27729305	-13.79089857	-1.92362068	1.50731182	1.57806607	3.36202822	0.05575827
2.00000000	14.54369520	1.85659810	-1.50611375	1.79084086	0.75088073	1.95885818	0.26611397
2.00000000	20.35182903	8.91096968	-1.26252494	1.83617973	0.72124216	1.88260439	0.18428686

326	192
314	192
319	192
330	192
326	158
314	158
319	158
330	158

587	258
633	257
650	263
601	265
587	158
633	158
650	157
601	156

347	201
332	201
343	200
357	200
347	160
332	160
343	161
357	161

313	200
296	200
304	200
320	200
313	156
296	156
304	157
320	157

328	192
334	192
322	193
317	193
328	160
334	160
322	160
317	160

385	196
400	196
396	196
381	196
385	164
400	164
396	164
381	164

285	221
311	221
295	225
266	225
285	159
311	159
295	157
266	157

1033	223
1075	223
1154	229
1107	230
1033	183
1075	183
1154	184
1107	184

1234	232
1182	233
1095	225
1139	225
1234	184
1182	184
1095	184
1139	184

603	200
633	200
637	202
605	202
603	171
633	171
637	170
605	170

961	223
1003	223
1069	229
1020	229
961	181
1003	181
1069	182
1020	182

489	245
524	244
540	254
500	255
489	161
524	162
540	159
500	159

285	221
311	221
295	225
266	225
285	159
311	159
295	157
266	157

