0.00000000	23.23600117	10.36152589	-1.16900800	1.84066391	0.73210581	1.03401926	-3.09052324
0.00000000	23.62428966	9.27581787	-1.21426676	1.82880878	0.79282365	1.02020933	-3.08762574
0.00000000	35.78180012	11.41320279	-0.86586366	1.71606827	0.81303504	0.89096364	0.00027830
0.00000000	4.24220687	-2.42777624	-1.73709343	1.74203587	0.67243215	0.95659338	0.27537161
0.00000000	37.06166368	10.47614750	-0.91919158	1.61512733	0.81792513	0.83718786	0.37944499
1.00000000	24.77695565	-19.23335163	-2.15574608	1.53898036	1.68656174	3.89003189	-3.12244487
1.00000000	24.05208036	-16.32524792	-2.02830486	1.48425913	1.60969653	3.26419504	0.10936472
1.00000000	37.16493657	-0.77318643	-1.33925293	1.47226977	1.55483735	3.19351930	0.06058138
1.00000000	24.44558144	-13.78694208	-2.08471737	1.63546920	1.63237280	3.43031130	0.06115289
2.00000000	8.57910106	-5.86087578	-1.66381202	1.72023189	0.73564484	1.30929108	-2.31009579

289	215
266	215
279	214
302	214
289	157
266	157
279	158
302	158

330	216
304	216
316	214
340	214
330	159
304	159
316	160
340	160

371	195
387	195
381	195
365	195
371	161
387	161
381	161
365	161

937	447
1026	436
1187	502
1083	520
937	160
1026	161
1187	156
1083	155

393	195
409	195
411	195
394	196
393	164
409	164
411	164
394	164

1235	234
1183	234
1095	226
1140	226
1235	186
1183	186
1095	185
1140	185

1033	226
1075	225
1155	232
1108	232
1033	184
1075	184
1155	185
1108	185

602	200
630	200
636	201
605	202
602	173
630	173
636	172
605	172

957	227
1000	227
1067	234
1017	234
957	182
1000	182
1067	183
1017	183

1183	309
1178	319
1037	304
1050	297
1183	159
1178	158
1037	160
1050	161

