1.00000000	28.41497722	9.71957759	-1.63975368	1.58522749	1.61148890	4.16226418	3.09529805
1.00000000	43.40089497	12.31835014	-1.72440897	2.19513845	1.93271919	5.27322669	3.09519029
1.00000000	23.72315055	-1.18039784	-1.53396521	1.41285551	1.54678680	3.54384121	-0.00894904
1.00000000	24.69292942	2.74294050	-1.56514416	1.47042477	1.55817788	3.14158954	-0.01871202
2.00000000	12.78361647	5.87704558	-1.59647630	1.75959182	0.54431467	1.84549846	-3.08186579

361	227
318	227
362	219
400	219
361	183
318	183
362	181
400	181

406	212
372	212
403	208
433	208
406	173
372	173
403	173
433	173

623	221
668	221
676	229
625	229
623	180
668	180
676	182
625	182

514	222
558	222
549	229
499	228
514	181
558	181
549	182
499	182

268	279
234	279
279	265
309	265
268	170
234	170
279	170
309	170

