0.00000000	15.84281670	-8.41608675	-1.36199043	1.70302236	0.68448727	0.83504429	0.11855520
0.00000000	3.99381707	2.47807252	-1.71935080	1.69129848	0.65702651	1.11817467	2.66213846
0.00000000	12.84979268	2.10796657	-1.73665694	1.78585601	0.61470341	0.95733122	0.20532271
1.00000000	11.30936648	-0.25131577	-1.62075768	1.45013499	1.58488217	3.39771666	0.03147705
1.00000000	47.19109284	11.92478883	-2.19522212	1.48618078	1.68764921	3.79695516	2.96466398
1.00000000	41.05034376	-9.91617880	-1.40433167	1.46998060	1.58447090	3.65673178	0.34992033
2.00000000	38.13649479	17.70245903	-2.17077498	1.69549549	0.69763974	1.81998328	2.66390681

960	232
988	232
1014	235
984	235
960	157
988	157
1014	155
984	155

45	566
-27	531
201	451
273	471
45	170
-27	171
201	174
273	173

467	270
501	269
504	276
468	277
467	172
501	172
504	172
468	171

571	265
659	264
688	294
568	295
571	184
659	184
688	184
568	184

421	213
396	213
421	210
445	210
421	189
396	189
421	189
445	189

744	199
767	199
804	200
780	201
744	174
767	175
804	174
780	174

259	221
251	221
280	219
289	219
259	188
251	188
280	188
289	188

