1.00000000	26.77047378	2.38974471	-1.50913690	1.44933844	1.62998752	3.49343011	0.07742241
1.00000000	39.25295378	3.76597204	-1.44384048	1.60948896	1.66857431	3.80445123	-0.03587235
1.00000000	41.36177113	14.04834547	-1.78164409	1.44932091	1.76821226	4.26439015	-3.02450228
1.00000000	13.35350338	5.62620163	-1.75737594	1.67378283	1.77693210	3.93575273	-2.50733256
1.00000000	46.48398349	0.74708587	-1.41098164	1.53615379	1.61649114	3.60949102	-0.24165666
1.00000000	27.26901205	-2.05692743	-1.37825559	1.78842103	1.75111215	3.66409045	-1.29437089
1.00000000	14.43440538	-14.36921672	-1.03694222	1.42113948	1.40259140	3.53831523	-1.63610625

518	215
559	215
561	219
514	219
518	178
559	178
561	178
514	178

523	202
552	202
544	204
512	204
523	175
552	175
544	174
512	174

367	211
334	211
352	208
382	208
367	184
334	184
352	184
382	184

383	280
269	289
227	265
320	259
383	181
269	181
227	181
320	181

585	198
608	198
595	199
570	199
585	175
608	175
595	175
570	175

691	210
710	212
617	213
603	211
691	166
710	165
617	164
603	165

1380	219
1457	223
1258	222
1201	218
1380	151
1457	147
1258	148
1201	151

