0.00000000	3.09408589	2.50339257	-1.66698525	1.69654894	0.59479346	1.14480939	0.23679861
0.00000000	12.45473686	-2.79852717	-1.37981055	1.72607636	0.60888909	0.82787620	-0.52329886
1.00000000	21.86100859	12.70472627	-1.69350873	1.43844521	1.59051010	3.54759066	3.09468770
1.00000000	34.65949862	11.67940842	-1.38861893	1.43049788	1.64260158	3.98579365	3.08279657
1.00000000	13.94742539	-0.23907862	-1.44004558	1.43306422	1.54082446	3.45605769	0.01610777
1.00000000	24.31346994	-0.36269991	-1.25492118	1.70985854	1.68494268	3.80167020	-0.00811435
1.00000000	34.04022518	5.28410610	-1.24075387	1.66151321	1.66029663	3.65605574	-2.41322303

-19	528
126	514
-21	675
-252	707
-19	160
126	161
-21	150
-252	148

757	250
791	251
778	256
742	254
757	153
791	153
778	151
742	152

172	239
117	239
196	230
243	231
172	188
117	188
196	187
243	187

361	209
326	208
361	206
392	206
361	177
326	177
361	178
392	178

578	241
648	241
665	258
574	258
578	175
648	175
665	173
574	173

589	210
635	210
640	215
586	215
589	164
635	164
640	161
586	161

527	204
497	205
456	203
485	202
527	168
497	168
456	169
485	169

