1.00000000	18.36165378	2.79285531	-1.50676034	1.38790989	1.67577580	4.49859531	2.39689016
1.00000000	7.58536489	5.69250960	-1.58924053	1.62932420	1.65293970	4.38262663	2.94775510
1.00000000	27.99313194	7.17148781	-1.42849551	1.58886814	1.78511974	4.23700653	1.48444462
1.00000000	26.66637019	-7.15565932	-1.46493838	1.64709294	1.75974730	4.43134465	1.46873033
1.00000000	28.91480546	-19.27291908	-1.45081661	1.73208928	1.78188666	4.11981031	1.45325994
1.00000000	29.98998542	-10.42966592	-1.36077748	1.70361733	1.68359562	3.71834824	-1.30233455
1.00000000	48.40033180	20.58130565	-1.40553103	1.66539192	1.72242444	4.41748563	2.70627904
1.00000000	16.96481705	24.87208216	-1.65671895	1.48551702	1.72848200	3.89224510	-1.37988317

444	248
403	243
545	231
587	235
444	184
403	184
545	182
587	182

-146	411
-321	397
158	296
269	301
-146	176
-321	176
158	174
269	174

361	218
380	216
485	216
472	219
361	176
380	176
485	176
472	176

748	217
743	214
863	215
876	218
748	171
743	171
863	171
876	171

1053	210
1031	208
1139	209
1168	211
1053	166
1031	166
1139	166
1168	166

890	207
917	209
836	210
813	208
890	167
917	167
836	167
813	167

283	205
264	204
318	202
337	202
283	178
264	178
318	178
337	178

-319	254
-402	262
-628	267
-520	257
-319	194
-402	196
-628	197
-520	195

