1.00000000	19.22089803	2.09559139	-1.48875914	1.42440903	1.70600257	4.51711761	2.28269577
1.00000000	26.54546437	-8.33929463	-1.43398474	1.56852174	1.74816612	4.45883054	1.49028623
1.00000000	8.62303470	5.57154605	-1.57396744	1.61560631	1.71119257	4.38652384	2.94434857
1.00000000	27.83951508	5.84483398	-1.47206400	1.55220079	1.72333545	4.21061547	1.51170111
1.00000000	29.77739635	-11.38221841	-1.36711452	1.56856906	1.63918812	3.71577708	1.25497091
1.00000000	28.91623848	-19.83308667	-1.43490503	1.57120371	1.71536301	4.13239661	1.48515403
1.00000000	16.95485366	24.85246156	-1.72845505	1.49308109	1.72958656	3.98440141	-1.39204717
1.00000000	48.20403049	20.54914675	-1.33867691	1.48605216	1.55316168	4.17978920	-0.58156455

473	243
438	238
579	228
618	232
473	181
438	181
579	180
618	180

782	216
775	213
896	214
912	217
782	172
775	172
896	172
912	172

0	370
-158	359
209	284
314	288
0	176
-158	176
209	174
314	175

396	219
411	217
517	217
508	220
396	178
411	177
517	177
508	178

842	209
842	207
937	208
942	210
842	170
842	170
937	170
942	170

1068	210
1045	208
1152	208
1182	210
1068	169
1045	169
1152	169
1182	169

-317	257
-401	266
-630	270
-520	260
-317	197
-401	199
-630	200
-520	198

321	201
336	201
278	204
264	203
321	180
336	180
278	180
264	180

