1.00000000	32.42018850	22.93846231	-1.47904680	1.48179972	1.70141694	3.81928212	1.49238038
1.00000000	42.79530676	2.38197728	-1.35518835	1.53864193	1.74590271	4.56729061	-0.89278847
1.00000000	48.19651654	20.60749154	-1.39156471	1.76357007	1.68327846	4.42156415	2.87590051
1.00000000	16.89016443	24.63175623	-1.73219190	1.53550625	1.66428152	3.84629933	-1.58548236

39	218
71	216
150	216
122	218
39	184
71	183
150	183
122	184

592	201
609	202
546	204
529	203
592	176
609	176
546	176
529	176

288	205
265	204
311	202
332	202
288	177
265	177
311	176
332	176

-327	259
-427	268
-599	268
-483	259
-327	195
-427	198
-599	198
-483	195

