1.00000000	40.67300746	6.83084036	-1.31882761	1.52293968	1.77108724	4.43394404	-2.03841448
1.00000000	40.90675806	-9.98188320	-1.42153166	1.50977790	1.67915005	3.70723982	0.81333631
1.00000000	31.11410141	8.90173410	-1.38015531	1.54696012	1.70661321	3.87402836	1.47137392
1.00000000	48.23195307	20.52555586	-1.42885683	1.78787160	1.67799090	4.66647525	2.85973811
1.00000000	16.91297104	24.61869089	-1.73155282	1.50279629	1.66317115	3.84841279	-1.47764850
1.00000000	49.96343914	-3.85088419	-1.28263424	1.43068719	1.57256534	3.83076354	0.43949360

531	204
512	205
447	203
467	202
531	176
512	176
447	176
467	176

751	202
767	201
826	202
811	203
751	175
767	175
826	175
811	175

350	214
368	211
453	212
440	214
350	177
368	176
453	176
440	177

287	205
265	205
314	202
335	202
287	177
265	177
314	176
335	176

-319	258
-408	267
-608	269
-498	260
-319	196
-408	199
-608	200
-498	197

643	196
662	196
691	198
670	198
643	176
662	176
691	176
670	176

