1.00000000	22.79132291	-12.42682557	-1.53572784	1.67150092	1.66996984	4.20288851	1.53110039
1.00000000	45.79568160	-5.12558912	-1.30293248	1.84466362	1.68433770	4.23843641	0.69196665
1.00000000	23.43359244	10.56118513	-1.47728382	1.62603688	1.73901492	4.43941386	-1.04046690
1.00000000	25.61395545	-22.20151299	-1.45237062	1.54137576	1.68899109	4.58048896	1.43975413
1.00000000	32.92175845	2.58077571	-1.39373420	1.61811042	1.72287743	4.21610067	-0.23479773
1.00000000	39.60926909	-11.75068931	-1.25126193	1.47127223	1.55141636	3.76448663	1.00826514
1.00000000	26.28850937	-13.24396761	-1.42727433	1.65428579	1.64320469	4.04269852	1.47005379

953	224
931	221
1063	221
1096	225
953	169
931	169
1063	169
1096	169

659	198
677	197
726	199
707	200
659	169
677	169
726	169
707	169

349	223
360	226
204	232
202	228
349	176
360	176
204	177
202	177

1188	213
1158	211
1297	212
1338	214
1188	169
1158	169
1297	169
1338	168

550	207
585	208
558	212
519	212
550	174
585	174
558	174
519	174

788	199
797	198
865	199
858	200
788	172
797	172
865	172
858	172

928	215
913	212
1027	213
1050	215
928	168
913	168
1027	168
1050	168

