1.00000000	22.80805487	-12.40661646	-1.54482482	1.67092848	1.67406797	4.22021182	1.53618336
1.00000000	45.93437094	-5.05410872	-1.28188727	1.88141990	1.74465462	4.32462316	0.71326333
1.00000000	25.92636410	7.60314590	-1.41549585	1.54467487	1.80624222	4.56515237	-0.82207173
1.00000000	26.25399640	-13.25185550	-1.43339394	1.55514836	1.57859561	4.03577466	1.49189246
1.00000000	25.60032041	-22.20548831	-1.43047057	1.54766250	1.65943786	4.57377214	1.44747806
1.00000000	37.20200187	1.69165762	-1.38443587	1.50397623	1.63646027	3.77592727	-0.18364710
1.00000000	40.03648256	-11.14758065	-1.23232291	1.42175674	1.58101477	3.87655842	0.99526739

952	225
929	221
1062	221
1095	225
952	169
929	169
1062	169
1095	169

656	198
675	197
726	199
707	199
656	169
675	169
726	168
707	168

442	216
467	218
345	224
323	222
442	176
467	176
345	177
323	177

930	215
914	212
1027	213
1050	215
930	171
914	171
1027	171
1050	171

1189	213
1158	210
1297	211
1338	214
1189	168
1158	168
1297	168
1338	168

571	204
600	204
585	208
552	208
571	176
600	176
585	177
552	177

774	199
784	198
853	199
845	200
774	173
784	173
853	173
845	173

