1.00000000	22.80025482	-11.33520854	-1.53122876	1.72824764	1.70280996	4.41311221	1.50608194
1.00000000	27.68994131	11.23188671	-1.44986055	1.56221318	1.73095778	4.26536140	-0.94560713
1.00000000	43.79471729	10.55467003	-1.26056705	1.44561398	1.61587267	3.74843353	-3.04195023
1.00000000	25.54640268	-22.18287117	-1.50357316	1.52368677	1.66392985	4.61701719	1.43620384
1.00000000	46.31452058	-4.56396279	-1.25991366	1.89070511	1.75319157	4.27870782	0.70858294
1.00000000	41.14802009	-9.78038311	-1.27550910	1.48382759	1.61255426	3.92335308	0.80004454
1.00000000	29.50890441	-16.56454362	-1.42427240	1.55856383	1.73792478	4.06149626	-0.96312022
1.00000000	28.77523021	-21.96539013	-1.46629761	1.59714556	1.71973705	3.83333783	-1.51963258

912	224
894	221
1034	221
1064	225
912	167
894	168
1034	168
1064	167

365	216
379	218
258	223
249	220
365	178
379	178
258	179
249	178

445	203
417	203
426	200
453	200
445	178
417	178
426	177
453	177

1188	215
1158	212
1299	213
1340	216
1188	171
1158	171
1299	171
1340	170

649	197
668	197
717	198
697	199
649	168
668	168
717	168
697	168

746	199
761	198
822	200
808	201
746	173
761	173
822	173
808	173

1022	207
1066	208
1017	211
972	210
1022	171
1066	170
1017	170
972	170

1195	208
1234	210
1138	211
1105	208
1195	169
1234	169
1138	169
1105	169

