1.00000000	21.84011058	-7.43560164	-1.42965625	1.35008180	1.48371003	3.31210714	0.00737465
1.00000000	9.94278883	-7.73548954	-1.58354984	1.51471043	1.61891313	4.05627677	0.00609966
1.00000000	48.54629918	7.77825807	-0.99831341	1.41114748	1.49394399	3.90761369	0.81750929
1.00000000	41.86934170	-19.21021436	-1.09390281	1.48314929	1.62513978	4.49144401	-1.12573647

819	219
865	219
909	227
855	227
819	177
865	177
909	178
855	178

1041	267
1140	267
1425	317
1273	317
1041	173
1140	173
1425	174
1273	174

467	195
485	194
521	195
504	196
467	174
485	174
521	174
504	174

959	193
983	194
928	195
904	194
959	169
983	168
928	168
904	168

