1.00000000	39.86410342	2.33179394	-2.07992224	1.54426551	1.69405765	4.29828606	3.09950590
1.00000000	33.01579827	4.62572449	-2.16553269	1.57729030	1.77378278	4.44924518	-3.07185268
1.00000000	47.27152774	24.18236983	-2.26153190	1.78047168	1.71707210	4.25933035	0.18613821
2.00000000	24.42052490	19.84072234	-2.20693324	1.78477836	0.62860803	1.78106788	2.90801740

580	220
548	219
557	215
586	215
580	190
548	190
557	188
586	188

526	231
484	231
494	224
531	224
526	194
484	194
494	191
531	191

235	216
263	215
243	219
213	220
235	189
263	189
243	191
213	191

-1	253
-17	253
38	247
52	248
-1	198
-17	197
38	196
52	196

