1.00000000	13.93867668	-2.83137623	-1.60683368	1.45801532	1.66541150	3.97842150	-0.02772470
1.00000000	33.28733444	-3.13279754	-1.48999379	1.45025349	1.58967987	3.69331084	0.03733106
1.00000000	13.63402793	4.69445178	-1.53768681	1.42145920	1.55754858	3.83199202	-0.96129274
1.00000000	19.22763398	5.12323881	-1.49062679	1.45055819	1.56754867	4.04935636	2.09338951
1.00000000	21.43385285	-2.90064310	-1.60933135	1.88368130	1.75607581	4.73500302	-0.02300382
1.00000000	43.07051207	-1.92817889	-1.39477346	1.45544279	1.56669507	3.68803489	0.07768144
1.00000000	5.01223646	5.60824244	-1.66528306	1.42588449	1.57105044	4.16728039	2.06226516
1.00000000	16.09989844	5.14037233	-1.51973353	1.51528096	1.60971096	4.05064351	-0.92015707
1.00000000	8.23962751	-2.65922295	-1.64421306	2.44948912	1.98808501	6.01261039	-0.00215041
1.00000000	48.15844988	-1.16584426	-1.26420305	1.67447495	1.64775754	3.91903143	0.12545623
1.00000000	25.35967827	5.09411661	-1.47648082	1.40110505	1.53604071	3.61303405	1.92433631
1.00000000	28.02061031	5.20617334	-1.46344219	1.47429490	1.52682991	3.78658740	2.04687858

707	248
784	248
838	274
734	274
707	181
784	181
838	184
734	184

658	208
691	208
703	212
667	212
658	178
691	178
703	179
667	179

442	251
473	259
252	275
238	265
442	183
473	185
252	187
238	185

341	242
330	237
480	231
500	235
341	182
330	181
480	180
500	181

675	225
729	225
755	239
688	239
675	168
729	168
755	166
688	166

627	201
652	201
661	203
633	203
627	177
652	177
661	178
633	178

-1046	575
-649	449
151	364
131	417
-1046	237
-649	217
151	203
131	212

448	240
479	246
289	259
270	251
448	179
479	179
289	180
270	180

724	279
855	279
1152	410
862	410
724	118
855	118
1152	52
862	52

612	197
635	197
645	199
620	199
612	172
635	172
645	172
620	172

413	225
409	222
511	219
521	222
413	182
409	181
511	181
521	182

431	220
422	218
516	215
529	217
431	180
422	179
516	179
529	179

