1.00000000	11.03894962	-0.10484896	-1.66592083	1.52124977	1.63006751	3.43616228	-0.00690167
1.00000000	17.28505335	2.65362639	-1.64244876	1.53627467	1.66058415	4.05287084	-0.03723079
1.00000000	23.44891398	-0.56572964	-1.58819793	1.59354258	1.64098065	3.58374966	-0.07941008
1.00000000	28.01803037	-20.64073807	-0.90091417	1.57860708	1.73661348	4.23530811	0.19287656
1.00000000	24.75220530	-23.72856219	-0.79917000	1.59857392	1.71175693	4.41227963	0.48122001

573	271
667	271
688	309
558	308
573	183
667	183
688	187
558	187

483	240
546	240
521	258
442	258
483	181
546	181
521	184
442	184

608	223
656	223
654	232
598	231
608	177
656	177
654	178
598	178

1083	194
1118	194
1223	198
1183	198
1083	156
1118	156
1223	153
1183	153

1219	193
1242	192
1415	195
1394	196
1219	148
1242	149
1415	145
1394	144

