1.00000000	17.56245212	-2.79497598	-1.60513494	1.44361496	1.57454500	3.64550383	-0.01731402
1.00000000	17.62087596	5.49022524	-1.53128717	1.68379235	1.69406423	4.09274227	-1.00422108
1.00000000	8.00301652	-2.60504672	-1.69700037	1.77657223	1.76380292	4.33842791	-0.01393301
1.00000000	7.34932987	5.19045027	-1.60617087	1.45273292	1.54424404	4.00321609	2.03493786
1.00000000	23.50965299	5.43905559	-1.56602524	1.41541731	1.57317158	3.85468979	2.11766171
1.00000000	4.38634220	5.13730300	-1.66022501	1.76921606	1.65382090	3.98141177	2.17306709
1.00000000	39.50826745	-2.79939802	-1.66082380	1.86840844	1.76710298	4.32063874	-0.08148640
1.00000000	20.69934795	5.40296906	-1.55199979	1.43941498	1.61242203	3.70912081	1.32563257
1.00000000	31.73949342	5.11633220	-1.50423024	1.45608163	1.59699164	3.71752821	2.34241152
2.00000000	26.50688573	2.43607571	-1.63742576	1.68056667	0.57602631	1.69131975	2.98243499

689	236
749	236
779	251
705	251
689	181
749	181
779	184
705	184

453	236
477	241
298	251
286	245
453	173
477	173
298	173
286	173

742	295
872	295
1070	391
839	390
742	165
872	165
1070	159
839	159

-254	391
-153	347
303	311
313	337
-254	200
-153	194
303	190
313	193

388	232
375	229
490	224
508	227
388	185
375	184
490	183
508	184

-1353	703
-806	505
134	378
140	440
-1353	146
-806	156
134	162
140	159

647	207
678	207
679	211
645	211
647	174
678	174
679	174
645	174

346	235
378	231
493	233
469	238
346	184
378	183
493	183
469	184

467	217
446	215
517	212
539	213
467	181
446	181
517	180
539	180

546	225
530	225
542	222
557	222
546	178
530	178
542	177
557	177

