1.00000000	3.49552255	-3.48509487	-1.69762335	1.56237185	1.63194945	3.97691695	-0.01659926
1.00000000	16.37090256	-1.95520301	-1.41735158	1.74251676	1.65712128	3.85683210	-0.02946255
1.00000000	6.65632800	5.72224918	-1.56973336	1.40931201	1.52503581	3.93660508	2.13385153
1.00000000	49.97385929	13.93589722	-1.04564748	1.39966369	1.56304852	3.90998439	-0.08087013
1.00000000	26.46506711	11.57666758	-1.31003092	1.42862654	1.46905278	4.08441581	-2.63005638

994	397
1223	398
3208	1143
2196	1121
994	181
1223	181
3208	208
2196	207

659	232
726	232
752	249
667	248
659	162
726	162
752	160
667	160

-455	423
-324	369
216	318
228	345
-455	206
-324	198
216	192
228	195

407	195
428	195
409	197
386	197
407	176
428	176
409	176
386	176

322	220
275	221
266	215
307	214
322	178
275	178
266	178
307	178

