1.00000000	14.28488430	-2.86019225	-1.65249143	1.44000006	1.60263291	4.06600362	0.00455765
1.00000000	19.79056785	-2.77491871	-1.64570854	1.51337528	1.60581093	4.15248526	0.02942323
1.00000000	30.33729352	-2.73555705	-1.55638454	1.49487948	1.59982255	3.76302035	-0.00917325
1.00000000	43.95860873	-2.67925764	-1.51169608	1.47138524	1.49577087	3.60265751	3.09496260
1.00000000	20.99802369	5.17617527	-1.48682604	1.42962432	1.53845062	3.96779462	1.33120060
1.00000000	4.62872762	-2.98744001	-1.67127178	1.56551218	1.63864776	3.71675931	-0.01537314
1.00000000	6.65158786	5.53999700	-1.60221313	1.95872283	1.75992376	4.51987825	2.17165899
1.00000000	15.73395353	5.10764122	-1.58831463	1.47563612	1.52500899	3.89702101	-1.30600941
1.00000000	28.04169906	4.88301327	-1.45433949	1.93269920	1.73638400	4.40279057	2.21836066
1.00000000	10.09378621	5.29469440	-1.59132979	1.44605625	1.50327400	3.54355919	1.48524523

705	249
777	249
835	275
739	275
705	184
777	184
835	188
739	188

676	231
729	231
763	245
697	245
676	180
729	180
763	182
697	182

655	212
691	212
701	218
660	218
655	179
691	179
701	179
660	179

668	205
642	205
642	202
666	202
668	179
642	179
642	179
666	179

355	232
384	228
506	230
485	235
355	181
384	181
506	181
485	182

873	360
1065	360
1735	643
1250	639
873	178
1065	178
1735	186
1250	186

-520	446
-361	378
256	315
285	345
-520	122
-361	135
256	146
285	141

464	247
469	254
268	260
282	252
464	183
469	184
268	185
282	184

440	221
421	218
523	214
545	216
440	166
421	167
523	167
545	167

57	304
143	285
374	289
324	308
57	190
143	188
374	188
324	191

