1.00000000	4.06831534	-3.42740762	-1.66523598	1.53302097	1.59718316	4.02353437	0.00623987
1.00000000	16.93067551	-1.89085258	-1.41969464	1.75291181	1.64189339	3.86403328	-0.00821793
1.00000000	4.61420825	4.86583961	-1.62332652	1.39320540	1.57390535	3.67528922	2.08577013
1.00000000	27.03705838	11.60683632	-1.33356331	1.49832559	1.53664476	4.04345111	-2.68005228

945	371
1143	371
2364	821
1720	825
945	180
1143	180
2364	198
1720	198

654	231
718	231
745	246
664	246
654	163
718	163
745	160
664	160

-971	606
-580	462
173	373
164	434
-971	239
-580	217
173	203
164	213

325	220
277	221
274	215
316	214
325	177
277	177
274	177
316	176

