0.00000000	14.71430628	11.00143131	-1.28055201	1.77203524	0.62967904	1.01944287	-2.73226047	18.37232429961696	0.9287886997055501
0.00000000	17.61119240	-2.42122349	-1.59632788	1.81495428	0.68265200	0.93081452	0.37555939	17.776850703607362	1.7074219088660636
0.00000000	25.89570598	7.36401959	-1.29532431	1.78957272	0.72365168	1.18028145	-2.62055588	26.922413946830833	1.2937378780501112
0.00000000	48.80304838	11.59877275	-0.92806659	1.78948188	0.72990617	0.86686729	-0.03165518	50.16242678027812	1.3374604146302933
0.00000000	14.82012774	10.40424799	-1.29412506	1.75412774	0.65028738	1.01068867	-3.02810097	18.10758301009101	0.9587059134611702
0.00000000	45.03668233	-23.27902976	-2.00095544	2.18840790	0.87399702	0.85868530	1.95557213	50.69729757945979	2.047864788999161
1.00000000	32.31587159	-16.53416345	-2.00897781	1.45154548	1.61209483	3.44437486	0.15243819	36.30005671638386	2.0437142536678694
1.00000000	32.87775893	-19.50163026	-2.18245045	1.55146730	1.66909899	3.93752738	-3.12578225	38.226438691786896	2.1061680576243846
1.00000000	32.77458141	-13.87625368	-2.01546661	1.59339619	1.66550592	3.54057990	0.07887111	35.59106071462933	1.9712979371820298
1.00000000	45.51814732	-1.04786973	-1.42632030	1.53058302	1.52429797	3.32689411	0.01080165	45.53020718617776	1.5938131835837603
2.00000000	11.02377490	1.37725629	-1.53417979	1.73667789	0.55419673	1.79974625	0.18536894	11.109475592223719	1.4465052458645362
2.00000000	5.99032766	1.91832593	-1.64750896	1.83246875	0.65011288	1.70758680	3.07187486	6.289992038776475	1.2608782039555055
2.00000000	25.89570598	7.36401959	-1.29532431	1.78957272	0.72365168	1.18028145	-2.62055588	26.922413946830833	1.2937378780501112
