0.00000000	24.47830250	6.17107090	-1.32409547	1.78172505	0.71426857	0.90676625	0.26655430	25.24419555728273	1.323838682506615
0.00000000	17.25716967	8.68074267	-1.33268068	1.80643678	0.60728639	1.10718302	-3.02799010	19.317484264829275	1.1047337329775127
0.00000000	30.42237131	10.05845572	-1.20873163	1.79527307	0.68964315	0.98257284	-2.47098923	32.04205373559429	1.2514834952907044
0.00000000	17.16089500	8.02236858	-1.36543677	1.77746987	0.62496533	1.02918399	-3.12592816	18.94346100464211	1.1335018082877406
0.00000000	27.34154400	8.10128513	-1.23615740	1.73569417	0.71050031	1.03302645	2.89787793	28.51650134679034	1.2827379576812763
0.00000000	43.68560189	-20.64059565	-1.99405787	1.82445359	0.79377607	0.82380583	1.65517795	48.31631195857534	2.012186982724724
0.00000000	32.37612122	10.23822584	-1.25260101	1.72831583	0.68650959	0.84932062	-2.64209890	33.956361607259666	1.264519031913732
0.00000000	44.97666108	-23.28557309	-1.82712124	2.18429089	0.92666784	1.33745874	1.97263360	50.646993553763075	2.0485237246462633
0.00000000	30.85534447	8.38836620	-1.20723389	1.82032943	0.68273819	1.02647292	-1.94624674	31.97525558721403	1.3053507126524249
1.00000000	32.37377970	-16.52205179	-2.00445316	1.47871459	1.62163596	3.46953618	0.15442315	36.346111310779506	2.0426918979756
1.00000000	32.67827536	-14.01946921	-2.01689754	1.61253333	1.66935089	3.57644558	0.04729920	35.55861635995024	1.9760627660038002
1.00000000	32.94805728	-19.51107916	-2.20852522	1.57711720	1.70217000	3.99320565	-3.11068559	38.29173133346085	2.1054437063738143
1.00000000	45.48878419	-1.10496220	-1.44173990	1.50663424	1.57310147	3.23698740	0.03198063	45.5022024582088	1.5950824221532707
2.00000000	37.66222000	3.47505871	-1.48823832	1.91717458	0.63810431	2.00714908	2.97381878	37.82220046964939	1.4787877557291542
2.00000000	17.94587060	0.75574674	-1.52539204	1.79783821	0.70602557	1.79196298	0.40786397	17.961776769767653	1.5287086249910264
