0.00000000	24.88593804	10.58658048	-1.22275243	1.78627455	0.59421811	0.81735136	3.05882001	27.044141664882545	1.1685834390186058
0.00000000	24.74238496	11.68481927	-1.18833087	1.81238365	0.58689996	0.77126803	3.10640693	27.36275963570556	1.129586600029318
0.00000000	28.78373297	8.09211480	-1.28248690	1.81458354	0.76804475	1.04737227	0.03605291	29.89959206451894	1.2967354479913538
0.00000000	18.79432578	-0.48811812	-1.52162073	1.74676561	0.74551796	0.98261716	2.88245153	18.800663308081578	1.5967620582206403
0.00000000	44.99277316	-23.26692578	-1.91639600	2.24076080	0.84443767	1.13238253	1.87637210	50.652734100729894	2.0480505552815207
1.00000000	32.38433788	-16.52294899	-1.99109326	1.45180929	1.60077512	3.43279525	0.14314771	36.35592363359986	2.0425818651067944
1.00000000	32.95020053	-19.50395045	-2.20910827	1.53490794	1.68638559	3.98225063	-3.11174679	38.28994382502105	2.1052549896322725
1.00000000	32.74197578	-13.85823300	-2.00837551	1.61709881	1.67212424	3.59260597	0.08995023	35.55400961720626	1.9711887418967176
1.00000000	45.51785118	-1.05441746	-1.42348764	1.45865417	1.49913869	3.28028673	0.11126017	45.5300622910246	1.5939571063232756
2.00000000	28.92746423	4.23131491	-1.41241048	1.81296480	0.66135439	1.83322665	-3.10889769	29.235290534652083	1.4255530762222512
2.00000000	34.83164436	5.21241238	-1.45718191	1.75357807	0.69640671	1.85856505	-2.99816465	35.219493063369	1.4222527161462053
2.00000000	41.96423229	1.11888835	-1.45384703	1.70395684	0.64514660	1.74651130	-2.92926240	41.979146046922445	1.5441397371510572
