0.00000000	15.66175160	-6.40202071	-1.63365410	1.79379034	0.77349112	0.97110091	-2.52661729	16.919702490037213	1.9588382791299022
0.00000000	14.96522552	-5.83854475	-1.67370735	1.79252827	0.76476539	1.01411452	-2.43154502	16.06382830032156	1.9427745886534749
0.00000000	17.26851714	13.01840983	-1.16777990	1.72506702	0.68694847	0.75999569	2.68238068	21.625926077657677	0.9248158959721625
0.00000000	28.55496407	7.94613738	-1.28420613	1.84294713	0.82615881	1.08518483	2.95770741	29.63995735996974	1.2993877765841713
0.00000000	13.05191517	-6.54476316	-1.73541341	1.87105763	0.62589292	0.96976537	-0.95240903	14.600904575586037	2.0355959343760417
0.00000000	24.74111758	1.39923849	-1.51997779	1.81254292	0.71919035	1.01655643	0.56109136	24.780653087828064	1.514301323059103
0.00000000	44.96378648	-23.38835989	-1.95897351	2.15211153	0.85278538	0.82565083	1.87490523	50.68291105454769	2.050441497614879
0.00000000	15.37789671	-7.35900151	-1.67189882	1.80879283	0.75209611	1.02261760	2.79367018	17.04800898778538	2.0171323441040974
1.00000000	32.35851087	-16.72207556	-1.99408207	1.50184083	1.63236543	3.41841359	0.27150348	36.42390748887683	2.0477738471529046
1.00000000	32.88402055	-19.55704626	-2.17574833	1.54085422	1.69697373	3.98214428	3.14062381	38.26012109166152	2.1073303047931153
1.00000000	32.87181101	-14.00224912	-2.05716918	1.63861477	1.68362589	3.67535415	0.11507396	35.72980463836456	1.9734842635794765
2.00000000	35.77483579	-1.11305839	-1.54486177	1.76086521	0.66706224	1.86707142	-1.31945992	35.79214683112784	1.601899179476351
2.00000000	36.44798429	1.26895654	-1.52678738	1.82691228	0.60490883	1.85405800	-2.56987143	36.47006730874644	1.5359948356544642
