0.00000000	6.77266372	1.38652952	-1.64944146	1.77968216	0.69189730	0.92522298	2.68061018	6.913135176895912	1.3688622287650212
0.00000000	21.94019870	7.97179875	-1.27833317	1.87496662	0.67938339	1.19003010	-2.73824978	23.34356215974724	1.2222852094216872
0.00000000	26.82805312	8.04269439	-1.33461748	1.81129217	0.72398272	1.03155916	-2.63248229	28.007666223026852	1.279535201857727
0.00000000	25.21901633	6.96284395	-1.35047291	1.84459329	0.75348247	1.04065420	-2.40532947	26.16256830903377	1.3014124017712478
0.00000000	21.76646433	7.17935562	-1.34641693	1.83954763	0.75776052	1.11035516	3.13996744	22.91990655625777	1.2521969955963403
0.00000000	23.61186931	5.44676781	-1.42644320	1.73978245	0.78514807	0.99996548	0.43704891	24.23195518088815	1.344082931450557
0.00000000	25.96104271	6.69415625	-1.36467741	1.81186056	0.71931866	1.02117752	-2.45848966	26.810211981442038	1.3184395215146518
0.00000000	7.84149860	0.79823544	-1.64128933	1.71919441	0.69985500	0.96011617	-2.27321434	7.88202259013979	1.4693494907002864
1.00000000	32.79889257	-13.93800911	-2.03211878	1.63459504	1.68918010	3.64599448	0.05551569	35.637556759251105	1.9726277146207638
1.00000000	32.33969086	-16.54983194	-2.02952967	1.45636570	1.62395898	3.49366288	0.14961131	36.328398563143566	2.0437995704581784
1.00000000	32.66845753	-19.30288578	-2.22870837	1.49246216	1.59256082	3.68135791	0.08090729	37.94508554246702	2.1044772293038867
1.00000000	45.37410234	-1.06211211	-1.50228665	1.56998873	1.53371551	2.94223271	0.04145023	45.38653154070051	1.5941999454119185
