0.00000000	12.72691049	11.44411187	-1.22404752	1.77451086	0.55836721	0.92876412	-2.68971419	17.115546941700313	0.8384201767184306
0.00000000	12.79394376	10.24737107	-1.26677964	1.75567579	0.57574577	0.90351458	2.65962362	16.391876365453587	0.8954734412894544
0.00000000	28.18189671	8.27542355	-1.26301740	1.85548687	0.77317569	1.18715245	2.96423769	29.37178811555407	1.2851815739630832
0.00000000	19.49933830	-0.11389130	-1.50870834	1.75846291	0.75602806	0.93727449	-2.44632220	19.49967090404509	1.57663703806173
0.00000000	44.95258331	-23.41502685	-1.92477326	2.08755445	0.84588449	0.79746152	1.85750234	50.68528611568363	2.051010256206224
1.00000000	32.35063302	-16.49433186	-1.99353168	1.45288968	1.59695415	3.40598414	0.16902903	36.31289633590971	2.0423017210052103
1.00000000	32.93198284	-19.48249591	-2.20572374	1.53597379	1.69699302	3.98833407	-3.11405659	38.26333938193609	2.1050149963158638
1.00000000	32.83450478	-13.98701668	-2.00013886	1.63254976	1.65646955	3.57425683	0.04180615	35.68951302209714	1.9735012441223805
1.00000000	45.63312531	-1.18716140	-1.42958282	1.49077249	1.61567691	3.54910085	-0.01169850	45.648564903486424	1.5968058029768641
2.00000000	3.57946879	1.87263238	-1.64733384	1.81066990	0.70221746	1.73493796	0.21258950	4.039721382621397	1.088793398569645
