0.00000000	26.89964897	7.81265309	-1.30274604	1.87613690	0.74691874	1.12531279	2.93150043	28.011223875687914	1.2881358614481337
0.00000000	13.88375383	11.43391760	-1.26176868	1.78964555	0.59764519	0.94127122	-2.51162457	17.985913713115313	0.8818617250135858
0.00000000	45.01546559	-23.28338984	-2.00852112	2.23481178	0.96618376	1.12944543	1.84332550	50.68045367521772	2.04813344271823
0.00000000	13.91761303	10.40547772	-1.29138349	1.76469946	0.63709515	0.91955113	3.12830973	17.377396785314023	0.9288020980155413
0.00000000	47.33423434	11.42452140	-1.05152784	1.72371340	0.70409014	0.94808081	0.61175632	48.6934228594899	1.3339671985856547
1.00000000	32.41293305	-16.55995407	-1.98492829	1.48027384	1.62632465	3.46252322	0.12710004	36.3982184688247	2.0431304281944604
1.00000000	45.59010455	-1.11522926	-1.45750688	1.48859751	1.54765342	3.49399887	0.00870349	45.60374292952598	1.5952535396496443
1.00000000	32.92823089	-19.47263730	-2.19986157	1.55008554	1.70229501	3.95705888	-3.10881519	38.25509107246383	2.10484313417217
1.00000000	32.81058261	-13.96433429	-2.02041708	1.61883676	1.67887211	3.60303647	0.07709760	35.65861695818423	1.973178948982797
2.00000000	7.68622348	1.60454198	-1.56313918	1.80253422	0.61813546	1.84589264	0.16271707	7.85191609418272	1.3649962969653093
2.00000000	2.79411799	1.92121205	-1.68386219	1.80307305	0.67351523	1.71929284	0.18059047	3.3908923726810976	0.9684467850572133
