0.00000000	6.22936299	3.16463019	-1.64947961	1.80970836	0.64749224	0.97312888	2.67446995	6.987120114943006	1.1007546992794237
0.00000000	27.18985959	8.15512005	-1.21909783	1.77882028	0.68357093	1.05208919	-2.49019027	28.3865187642625	1.279401544817542
0.00000000	20.17981379	8.26817814	-1.30225919	1.83957148	0.65499925	1.08851696	0.05175509	21.807972265982183	1.1819343765482186
0.00000000	25.04284507	6.62289670	-1.30679951	1.69548190	0.73174811	1.05821145	3.11143041	25.903799912346724	1.3122527713285541
0.00000000	20.14265060	7.63206231	-1.33727358	1.82007897	0.66779868	1.01242693	0.24953158	21.540073080131435	1.2086103492857663
0.00000000	28.01974447	7.80562351	-1.20420382	1.79971766	0.68572932	0.92460513	-3.13685656	29.086660835234426	1.2991087459355006
0.00000000	45.05181062	-23.29645957	-1.97940127	2.25447941	0.87139042	0.86456718	1.87182510	50.718740802951615	2.048033111786833
0.00000000	7.44110095	2.65570691	-1.64637456	1.79794323	0.67382643	0.96578551	2.92089772	7.900807714399374	1.2279904123329881
1.00000000	32.35363709	-16.52254368	-2.01238618	1.47708917	1.61664204	3.46963186	0.15135039	36.328394990818566	2.04295600178818
1.00000000	32.65914917	-13.97321350	-2.00449137	1.62833619	1.71871342	3.69958282	0.06417349	35.522819708250836	1.9750783812835595
1.00000000	32.93380486	-19.50417757	-2.20252059	1.54835844	1.66687903	4.02089922	-3.12144423	38.27595126497382	2.1054782890011436
1.00000000	45.35659991	-0.92897415	-1.44808338	1.49910760	1.54621570	3.16604125	0.08143068	45.36611233472822	1.5912750285643873
2.00000000	42.15623956	1.88792128	-1.47694490	1.74121690	0.66118154	1.68184716	-0.02555445	42.198492634211306	1.5260423193491106
2.00000000	30.63648123	0.89938013	-1.48617397	1.84608531	0.67270288	1.96045120	-0.06793819	30.649679717321373	1.5414482468555029
