0.00000000	5.88696693	4.05901357	-1.65458904	1.76120114	0.65789732	0.86169133	2.51390553	7.150662262780823	0.9671579295362452
0.00000000	28.14263043	8.83808136	-1.17399047	1.80374563	0.71730488	1.02607012	-3.07832932	29.497785165085556	1.266503596185004
0.00000000	19.18457809	7.69452798	-1.35703228	1.81448412	0.67506833	0.96345458	2.77653813	20.670118464254404	1.189360276870905
0.00000000	28.73421468	7.45795651	-1.22439180	1.80424380	0.64346786	0.91244735	3.05650568	29.6862966464559	1.3168501111162685
0.00000000	25.72386139	6.96222155	-1.27367805	1.65620208	0.58165891	1.14088984	-2.87033010	26.649382239054194	1.3064766391747926
0.00000000	19.24786066	8.34865319	-1.34090469	1.80812168	0.67359248	1.03317789	2.91351008	20.98047068284391	1.1615424073517127
0.00000000	29.00969606	8.25990376	-1.16253112	1.78749681	0.61217452	0.92703002	-3.09676123	30.16270007174493	1.29340776510042
0.00000000	22.76545073	4.34931454	-1.42156718	1.82024884	0.65168272	1.01138510	0.97275710	23.177193184419746	1.3820222119684353
0.00000000	44.94114926	-23.47592962	-1.93576036	2.17392540	0.87560172	0.94191291	1.80822229	50.703315161168625	2.052179738302509
1.00000000	32.38737709	-16.53668441	-2.01557003	1.47293448	1.62913470	3.49633568	0.12919073	36.36487489385594	2.0428803313038184
1.00000000	32.75986973	-13.97528899	-2.02519486	1.57986903	1.68382353	3.55594409	0.05947205	35.61625706163669	1.9740195628212025
1.00000000	45.33721522	-1.12162389	-1.46624122	1.50001299	1.51740218	3.15735403	0.13433599	45.35108735251249	1.5955308663929644
1.00000000	32.88486129	-19.49873222	-2.18365191	1.55233014	1.68459337	4.01276915	-3.12629175	38.23106930560283	2.106008085925373
2.00000000	26.56612145	0.83251501	-1.48207758	1.86682189	0.63943361	2.04414443	0.07428985	26.579162705736717	1.5394691098409181
2.00000000	37.93883324	2.07143332	-1.47655950	1.82589996	0.73313360	1.82515916	-0.19133879	37.99534055133254	1.5162511959606622
