1.00000000	9.70354457	-2.53952930	-1.75704632	1.50729287	1.64978316	4.14656369	-0.01407889
1.00000000	17.55637621	-0.08605405	-1.64029739	1.47868514	1.68479571	3.75124059	-0.02239022
1.00000000	3.92151569	-2.84443905	-1.72449873	1.60507667	1.67641718	4.10248073	0.00076909
1.00000000	34.36959668	13.97901334	-1.78526316	1.48005342	1.61737392	3.61120826	-1.36542618
1.00000000	6.26305404	4.09076841	-1.79266528	1.50443959	1.67105355	4.11540615	-3.13548183
1.00000000	21.92205379	-2.93475954	-1.61016415	1.38138723	1.53207214	3.76204880	-0.19141470
1.00000000	27.33527234	2.19939884	-1.65320609	1.46461678	1.52983462	3.97351102	2.97502708
1.00000000	26.01259382	-1.04398225	-1.59518371	1.46500564	1.57372779	3.63285667	-0.12380186
1.00000000	33.28343693	19.59871493	-1.98982821	1.44341958	1.60657183	3.45615870	-1.39215910
1.00000000	17.78777022	-2.72390466	-1.63005040	1.47407556	1.54105378	3.50602740	-0.12299017

723	283
827	283
945	345
782	345
723	188
827	188
945	197
782	197

585	238
649	238
654	254
575	254
585	182
649	182
654	185
575	185

873	383
1086	383
2323	929
1560	930
873	179
1086	179
2323	197
1560	197

357	218
353	220
269	221
278	219
357	187
353	188
269	188
278	188

27	508
-282	509
172	336
323	336
27	231
-282	232
172	201
323	201

689	225
737	226
734	236
678	235
689	183
737	183
734	185
678	185

560	227
517	226
546	219
583	219
560	185
517	184
546	183
583	183

624	219
665	219
660	226
613	226
624	181
665	181
660	182
613	182

229	225
217	227
132	228
149	226
229	194
217	195
132	196
149	194

693	236
752	237
763	251
692	250
693	181
752	181
763	183
692	183

