1.00000000	2.93536720	-2.71943996	-1.73501156	1.54410446	1.67964367	4.23672733	-0.15286298
1.00000000	17.19951379	2.56386054	-1.59257386	2.06682777	1.88022664	4.78366049	3.01132178
1.00000000	12.40022308	-1.06080959	-1.61775206	1.49300146	1.64803706	3.50692272	-0.12482252
1.00000000	36.34999928	-0.09279000	-1.39041422	1.46116996	1.58139750	3.74118905	3.11912870
1.00000000	20.02665997	-4.89973144	-1.47586844	1.55938554	1.69914192	4.02071476	-0.76530844
1.00000000	30.18465293	-9.74001006	-1.20871923	1.68647051	1.69354065	4.02677436	3.05397439

948	419
1227	432
6206	2987
2348	1931
948	190
1227	191
6206	371
2348	296

516	259
426	257
494	236
562	237
516	155
426	155
494	160
562	159

637	258
723	259
731	289
616	287
637	181
723	181
731	184
616	184

629	208
595	208
598	205
628	205
629	177
595	177
598	177
628	177

800	224
854	227
780	236
723	232
800	172
854	172
780	172
723	172

881	207
836	207
815	203
855	203
881	164
836	164
815	165
855	165

