1.00000000	5.10907361	-2.69373091	-1.66122745	1.42225754	1.53377997	3.62662830	-0.01297236
1.00000000	26.43376652	-2.53753913	-1.38583539	1.45112765	1.55439094	3.68829934	-0.04304796
1.00000000	38.88896390	14.06579018	-1.17611835	1.43164086	1.51634248	3.62146560	3.13630533
1.00000000	21.67140559	0.06182319	-1.39926217	1.49695206	1.60794039	4.01488072	-0.00986413
1.00000000	12.48588938	-2.80825715	-1.52342127	1.50143611	1.56129159	3.61585397	0.02002396
1.00000000	33.21145710	14.38085656	-1.30186604	1.43194687	1.66230437	3.81246586	-3.13601065
1.00000000	17.12879382	-2.91634359	-1.48142837	1.47762918	1.48043852	3.37785043	0.03984406
1.00000000	22.95462960	14.37981756	-1.40968082	1.44079947	1.63953587	4.12846176	3.11691761

829	347
997	348
1454	560
1082	557
829	193
997	193
1454	218
1082	217

658	213
699	213
708	219
661	219
658	175
699	175
708	176
661	176

349	205
320	205
346	202
373	202
349	177
320	177
346	176
373	176

585	220
635	220
639	230
579	230
585	174
635	174
639	174
579	174

716	252
796	252
866	280
758	280
716	175
796	175
866	176
758	176

296	212
257	212
295	208
330	208
296	179
257	179
295	178
330	178

694	233
752	233
790	246
720	246
694	175
752	175
790	176
720	176

135	233
78	233
170	223
217	223
135	182
78	182
170	181
217	181

