1.00000000	5.48399561	-2.80104436	-1.73972009	1.55735040	1.63169001	4.24068790	-0.16579978
1.00000000	4.95713792	2.69083977	-1.73790197	1.52418780	1.60820296	3.68675966	3.12510562
1.00000000	24.08899508	1.62456412	-1.63783584	1.99507713	1.93551026	4.70890842	2.97054958
1.00000000	21.00114320	-3.97086645	-1.60297058	1.58800459	1.68322591	4.06671888	-0.55133176
1.00000000	12.85068487	-1.11100799	-1.66514001	1.51385522	1.62594083	3.49325820	-0.18627107
1.00000000	43.48594766	-1.77166336	-1.62637053	1.44217575	1.58561829	4.02669248	3.07493997
1.00000000	30.68131899	-6.52811778	-1.53443513	1.49245346	1.55267355	3.84877575	-0.53736275
1.00000000	32.52854096	-10.15806951	-1.31148909	1.53397393	1.57230575	3.85763802	-3.11916804

845	337
1016	343
1419	583
993	549
845	185
1016	186
1419	205
993	202

137	619
-266	615
235	365
411	366
137	228
-266	228
235	196
411	197

575	234
512	233
551	223
604	223
575	167
512	167
551	168
604	168

748	226
800	228
753	239
693	236
748	176
800	176
753	177
693	177

645	258
727	260
721	288
613	285
645	182
727	182
721	186
613	185

653	207
625	207
628	204
654	204
653	182
625	182
628	181
654	181

763	210
797	211
769	216
732	215
763	177
797	177
769	178
732	178

872	207
835	207
808	203
841	203
872	171
835	171
808	171
841	171

