1.00000000	4.06694851	-2.79033310	-1.68947587	1.41704845	1.51114197	3.49308001	0.01301954
1.00000000	9.03255939	-2.54898573	-1.66673968	1.43761837	1.54068313	3.75744261	0.00811975
1.00000000	21.03928014	-2.77775714	-1.56282852	1.55019975	1.58794209	3.65972989	0.01527148
1.00000000	25.80204763	-2.87288114	-1.51766727	1.46407664	1.54524947	3.92701500	0.03878282
1.00000000	13.74886287	-2.65822913	-1.61927019	1.39276707	1.50135489	3.55877908	-0.01854310
1.00000000	31.62949713	14.50328074	-1.50209687	1.32784140	1.63756797	4.15752907	-3.10311818
1.00000000	23.62686960	-0.01237016	-1.50351558	1.55180097	1.66142269	4.10310030	-0.02237142
1.00000000	34.98845853	-2.37582608	-1.39309941	1.47882891	1.56561622	3.70649413	-0.02477869
1.00000000	47.32597753	14.10671786	-1.41686891	1.36663973	1.52453498	3.73127649	0.01075037
1.00000000	41.84315079	14.63560305	-1.49974273	1.54439330	1.59311279	3.69843621	3.06209493

882	385
1078	384
1896	747
1370	753
882	200
1078	200
1896	246
1370	247

734	285
839	285
967	346
806	347
734	187
839	187
967	196
806	196

674	226
725	226
749	236
689	236
674	176
725	176
749	177
689	177

664	217
705	216
725	224
678	224
664	178
705	178
725	179
678	179

705	251
776	251
823	275
729	275
705	185
776	185
823	189
729	189

276	219
235	219
278	214
314	214
276	187
235	187
278	185
314	185

589	220
637	220
639	229
582	229
589	176
637	176
639	177
582	177

643	205
674	205
679	209
645	209
643	176
674	176
679	176
645	176

391	202
413	202
398	204
373	204
391	181
413	181
398	182
373	182

356	209
328	209
357	206
382	206
356	181
328	181
357	180
382	180

