1.00000000	16.50294003	-3.00176269	-1.81091968	1.50770605	1.61856648	3.77831679	0.00047538
1.00000000	25.74870963	-2.99710475	-1.81936894	1.48218834	1.52968121	3.51345288	-0.02408244
1.00000000	23.95376657	14.25703450	-1.30009649	1.60743606	1.70109350	4.26424773	-3.11228442
1.00000000	3.60641448	-2.69982689	-1.73491065	1.45655048	1.58046155	3.89549544	-0.00054838

700	247
764	247
805	267
724	267
700	187
764	187
805	191
724	191

672	225
712	225
725	233
678	233
672	186
712	186
725	188
678	188

165	227
107	227
187	218
235	218
165	173
107	173
187	173
235	173

881	401
1098	401
2486	1051
1653	1050
881	201
1098	201
2486	284
1653	284

