1.00000000	15.86904400	-5.11511627	-1.37873052	1.53600550	1.64507894	4.05720504	-3.05423880
1.00000000	10.89252673	4.74249187	-1.71098254	1.68040705	1.77033826	4.51658650	-3.11261702
1.00000000	32.32862322	-1.43767658	-1.44328425	1.53826523	1.66250059	4.19110781	0.14481929
1.00000000	24.80648693	5.33430702	-1.66027389	1.52651334	1.55769179	3.97603386	-3.10594177
1.00000000	41.05872355	5.76061199	-1.64788983	1.45880628	1.56833420	4.10675344	3.09015417
1.00000000	21.35943865	1.21255674	-1.57916425	1.54815233	1.66554294	3.54026587	0.03443416

936	247
852	248
782	231
847	230
936	166
852	166
782	167
847	167

289	327
134	328
293	273
394	273
289	183
134	183
293	179
394	179

617	208
652	208
672	213
633	213
617	176
652	176
672	176
633	176

468	233
418	233
443	224
485	224
468	184
418	184
443	183
485	183

516	211
487	211
502	207
528	207
516	184
487	184
502	183
528	183

545	227
598	227
600	237
538	237
545	178
598	178
600	179
538	180

