1.00000000	10.02184090	-2.79065935	-1.69821582	1.61892319	1.63479761	4.07305328	-0.02806513
1.00000000	17.54455441	-2.88367020	-1.65676961	1.40339339	1.59365550	4.11431789	0.02074474
1.00000000	23.16808701	-0.10209335	-1.52865551	1.55311704	1.64831814	3.80989282	-0.05120011
1.00000000	23.21741455	14.01057996	-1.13643346	1.46194875	1.60939082	3.83579606	-3.08389759
1.00000000	31.93183949	14.12448632	-1.04707644	1.51045871	1.58689132	3.86629858	-3.13570666
1.00000000	16.94449500	13.70056052	-1.12072156	1.50920534	1.71774563	4.12070626	-3.10879850
1.00000000	23.07760339	-2.68807160	-1.58705733	1.46308339	1.65339081	4.13237089	0.05525909
1.00000000	32.26332664	-2.90579545	-1.55229114	1.44757748	1.60108585	3.66306964	0.08994454

738	276
839	277
950	332
795	331
738	177
839	177
950	180
795	180

688	237
748	237
789	255
714	255
688	185
748	185
789	188
714	188

593	222
641	222
640	231
584	231
593	176
641	176
640	177
584	177

163	222
106	222
177	215
225	214
163	172
106	172
177	172
225	172

288	208
249	208
290	204
324	204
288	171
249	171
290	171
324	171

-16	240
-104	240
47	225
115	225
-16	165
-104	165
47	167
115	167

662	223
710	222
738	232
681	233
662	180
710	180
738	181
681	181

652	210
686	210
703	215
666	215
652	180
686	180
703	180
666	180

