1.00000000	17.02686736	-2.93980147	-1.74145667	1.62199736	1.65879711	4.11821259	-0.01333331
1.00000000	6.73421245	-2.97677140	-1.79368291	1.39083350	1.57595449	4.14689748	-0.01591388
1.00000000	24.23965053	-0.06159230	-1.71616385	1.58543444	1.63908287	3.80447162	-0.03357315
1.00000000	24.59491178	-2.97877914	-1.85370014	1.47174168	1.63785439	4.16826323	0.05890379
1.00000000	30.02883761	-2.73819974	-1.74966929	1.42105472	1.61882153	4.00647741	0.07722361
1.00000000	30.32457201	14.07480240	-1.12488995	1.44711494	1.58123797	3.76374094	-2.97542000
1.00000000	38.93683333	14.30101144	-1.00389741	1.43125439	1.51695703	4.03309621	-2.91326451
1.00000000	23.72016656	13.83656452	-1.01929687	1.51300037	1.68685850	3.85118692	-3.11194324

694	242
758	242
797	262
715	261
694	180
758	180
797	182
715	182

804	321
938	321
1239	463
977	461
804	203
938	203
1239	233
977	233

592	225
638	225
638	234
585	234
592	181
638	181
638	182
585	182

667	227
712	227
739	237
686	238
667	187
712	187
739	190
686	190

651	217
688	217
707	223
666	223
651	185
688	185
707	186
666	186

280	211
237	211
266	207
304	206
280	174
237	174
266	174
304	174

354	201
322	202
334	199
362	199
354	173
322	173
334	173
362	173

178	217
121	217
192	210
240	210
178	166
121	166
192	167
240	167

