1.00000000	24.25472360	-0.09558577	-1.77690194	1.57627225	1.66366634	3.99580159	0.00569594
1.00000000	5.82540286	-2.57970408	-1.72354839	1.48509562	1.64397516	3.62707000	-0.02485890
1.00000000	11.29009975	-2.97143334	-1.74914704	1.44969285	1.60854788	4.04653330	-0.02465535
1.00000000	21.55494690	-2.97208334	-1.74036239	1.58325911	1.67737242	4.18752777	-0.01851508
1.00000000	28.38741353	13.77661354	-1.16402648	1.46830451	1.70117930	4.14864201	-3.07934880
1.00000000	29.06493137	-2.93672210	-1.95320437	1.53222632	1.63780074	3.95037375	0.04927401
1.00000000	35.03497776	14.15633151	-1.19724355	1.53593755	1.65171686	4.07414279	-3.05695558

591	227
637	227
643	237
588	237
591	183
637	183
643	185
588	185

793	337
956	338
1278	500
954	496
793	192
956	192
1278	211
954	210

736	270
826	270
915	314
785	313
736	190
826	190
915	197
785	197

679	230
731	230
754	242
691	242
679	181
731	181
754	183
691	183

257	215
209	215
257	209
299	209
257	174
209	174
257	174
299	174

659	223
697	223
715	230
671	230
659	187
697	187
715	189
671	189

321	208
284	209
313	205
346	204
321	175
284	175
313	174
346	174

