1.00000000	14.20763794	7.47229426	-1.73606394	1.51303864	1.69806857	3.79519870	-2.94157529
1.00000000	29.49023498	3.18842185	-1.54546640	1.58778191	1.64522858	3.91770570	0.23305582
1.00000000	47.95195429	13.52894181	-1.81691430	2.66495514	2.08021669	6.02679504	-3.00111294
1.00000000	31.19377337	10.65289347	-1.69861649	1.47484577	1.59070853	4.01534219	-3.07442093
1.00000000	26.34864606	5.80153716	-1.65978716	1.43569458	1.65246568	4.02743346	0.19662380
1.00000000	13.80135260	-2.70057979	-1.53382419	1.48261142	1.64839516	3.98422668	-2.91430020

244	284
133	287
211	260
295	258
244	194
133	195
211	190
295	189

507	215
545	214
560	220
517	221
507	178
545	178
560	178
517	178

416	211
381	211
396	206
427	206
416	168
381	168
396	168
427	168

369	224
328	224
357	218
392	217
369	187
328	187
357	185
392	185

430	222
473	222
475	230
424	230
430	185
473	185
475	187
424	187

856	269
763	272
681	247
753	245
856	178
763	178
681	177
753	177

