1.00000000	14.65392113	18.59440553	-2.06088899	1.52035213	1.69526746	4.09416619	-2.69072843	23.674655678559613	0.9033646626252205
1.00000000	12.27344337	7.35238226	-1.73600630	1.48906219	1.67546853	4.32766237	0.25191563	14.30716383682523	0.5397192396044045
1.00000000	24.88646507	9.74484243	-1.73941312	1.66736674	1.74754764	3.94537606	0.48248732	26.726355862067287	0.3732197958028089
1.00000000	17.38688569	-4.00556263	-1.50188110	1.46551049	1.68597008	3.91212482	2.27822351	17.842318402606185	-0.22642773154266252
1.00000000	20.21124237	-2.90203345	-1.49020813	1.45420527	1.64575263	3.68272631	2.31541324	20.418523851733312	-0.1426103891502801
1.00000000	21.65232709	21.20216771	-2.18404583	1.42430687	1.62863229	3.72143576	-2.79778314	30.304375657903176	0.774894181818083
1.00000000	13.12201776	-6.28851715	-1.44686411	1.45515537	1.49935013	3.51605447	2.73367119	14.55104113249631	-0.4468972330011527
1.00000000	22.74417375	-1.87280053	-1.48340664	1.46773148	1.62671428	3.83197414	2.27208805	22.821148555569184	-0.08215664505614574
1.00000000	25.16911406	-0.19869804	-1.47966097	1.40352988	1.58368537	3.87292379	2.28699780	25.169898360469983	-0.007894354637722159
1.00000000	27.90432478	0.93440257	-1.48317264	1.43329549	1.54619860	3.94153407	2.53037500	27.91996507144206	0.03347343327772884
1.00000000	28.46748954	24.43507345	-1.96180020	1.60781741	1.74914661	4.37076311	-2.58792520	37.51627347188023	0.7093218164689011
1.00000000	19.93764451	-17.18182689	-1.36234162	1.56030512	1.53922062	3.59845695	2.19553423	26.31966648506512	-0.7112922837183561
