1.00000000	12.92932535	-8.13461479	-1.48876045	1.49052477	1.59684843	3.76233113	2.01484871	15.275451279351435	-0.5615852096480108
1.00000000	10.24405454	-8.38660190	-1.48152981	1.49741971	1.55003494	3.37088673	2.10412169	13.239174628638231	-0.6860278146904958
1.00000000	15.87910778	-7.73243653	-1.53605555	1.48763406	1.63366622	3.83256799	2.06756592	17.66172807454964	-0.4531585563625895
1.00000000	27.33865035	14.55053781	-2.17590604	1.49037576	1.81393137	4.22665257	-3.03522015	30.96966182443384	0.48910044268249586
1.00000000	18.91401943	-7.50220951	-1.53031383	1.54481125	1.64018807	3.88611241	2.09694910	20.347561980010084	-0.377613456050241
1.00000000	17.66604875	4.25749076	-1.86062006	1.50026035	1.77751560	4.50769224	0.02798236	18.17183276416724	0.23648885912499976
1.00000000	32.59992850	3.23697391	-1.87228642	1.70786703	1.73208133	4.08361178	0.15459648	32.7602402051501	0.09896949085187454
1.00000000	19.79497106	13.83461450	-2.25546230	1.48419285	1.63443794	3.67347128	-3.07136321	24.15030926571848	0.6099842469378246
1.00000000	30.61873787	-6.66534901	-1.53208683	1.63431156	1.70898265	4.47520237	-2.40233588	31.33582592140951	-0.21434450931714297
1.00000000	5.40282224	-22.07046088	-1.44766198	1.48615015	1.63456798	4.00724442	1.99839091	22.722141879951568	-1.3307188739093
1.00000000	43.15073616	18.86050074	-2.52292443	1.43352151	1.63416266	3.74663441	-3.09344840	47.09251022523085	0.4120613062015575
