1.00000000	14.91269689	5.94641786	-1.80668722	1.49919462	1.70417554	4.29831712	0.18231052	16.05454496081227	1.1913691587396933
1.00000000	12.78561542	-6.65107024	-1.54214619	1.44203305	1.59072860	3.55806006	2.20216036	14.412102449176366	2.050472611805525
1.00000000	29.32886575	18.90445508	-2.12438123	1.52295136	1.74201115	4.31143579	-2.88063169	34.8935637052632	0.9982490561314801
1.00000000	35.66248542	-1.71217667	-1.40828763	1.56683898	1.62530824	4.32182676	1.95915306	35.70356306142295	1.6187700710457311
1.00000000	28.75904786	6.63227282	-1.85062454	1.59665132	1.73606763	3.88070941	0.30723426	29.513892941675472	1.3441437512675385
1.00000000	18.48454726	-5.65070353	-1.52976046	1.46733832	1.59253117	3.77774176	2.12408638	19.32896628873691	1.8674731240872564
1.00000000	21.89102675	17.03079374	-2.09993444	1.44431162	1.56029322	3.73278041	-2.89685154	27.735626684530473	0.9096268074913967
1.00000000	24.26115337	-4.03756593	-1.55430482	1.59373403	1.64294745	3.93279665	2.14581776	24.59482672192994	1.7357059887211563
1.00000000	15.81847919	-6.29086118	-1.51700721	1.48556185	1.62131002	3.58114807	2.19360375	17.023490190630532	1.9493102959989455
1.00000000	20.98742284	-4.76483922	-1.57333563	1.51392031	1.62320451	3.73230043	2.09120512	21.521515054879476	1.7940450380619166
