1.00000000	15.56640048	3.12405385	-1.53529308	1.63575590	1.77229611	3.96736076	-0.04414267	15.876792382639639	1.3727353595061553
1.00000000	18.95938296	-4.10631079	-1.61362515	1.48628497	1.55784801	3.45726139	0.02056580	19.398968800634965	1.7840866017018624
1.00000000	14.56917587	-4.21354896	-1.63954173	1.48896909	1.61287126	3.40223877	0.01884202	15.16624147141629	1.852324728216351
1.00000000	8.10353254	2.97735867	-1.65016411	1.57369351	1.67046597	3.92010432	-0.06039919	8.633186218115709	1.2186921252528284
1.00000000	22.40710509	3.00645828	-1.49055503	1.78400600	1.73224305	4.20729361	-0.10396329	22.607900165731547	1.4374185803784791
1.00000000	29.87583562	-4.19276012	-1.40393494	1.50677931	1.69341752	4.29610202	-0.04091426	30.1686060569116	1.7102252358796706
1.00000000	32.21352226	15.05463500	-1.39760588	1.67981887	1.61837026	4.06271188	3.12197948	35.557742495534505	1.1336172178269066
1.00000000	28.73556990	2.76696306	-1.48358427	1.43193305	1.57644843	3.49546640	-0.06200857	28.868478693086523	1.4748017564871057
1.00000000	25.92023799	14.82063595	-1.37247394	1.51601553	1.67662094	4.04532520	-3.13336730	29.858164501869027	1.0513864264979453
1.00000000	24.23382558	-4.26250884	-1.46826694	1.47805810	1.53229613	3.52094236	0.00125525	24.605838409876235	1.7449062671284146
1.00000000	35.03393374	2.55258711	-1.40942190	1.50095093	1.68383827	3.85895246	-0.04505377	35.126801936026695	1.49806442808277
1.00000000	45.77396794	-4.86699656	-1.15752957	1.47929358	1.66701000	3.81778479	-0.11315671	46.031986666742945	1.6767250701585632
1.00000000	38.11419136	14.69956699	-1.29154037	1.48382568	1.62216519	3.70255897	3.12371683	40.85056734881654	1.202702580526786
2.00000000	18.82599529	-2.68463085	-1.61037300	1.60203862	0.75402072	1.49296020	-0.41991070	19.016449233752184	1.7124436588669865
