0.00000000	18.50001059	7.16345185	-1.51121042	1.75773466	0.72801623	1.05747094	2.72150087
1.00000000	16.96577574	-10.06564341	-1.35811065	1.51425385	1.66759914	3.98452502	1.47482586
1.00000000	17.51049067	-4.52706939	-1.44611166	1.63675261	1.67435768	4.22990008	1.38389194
1.00000000	16.13666760	-14.99303705	-1.38382218	1.54861307	1.69535577	4.14763344	1.46492386
1.00000000	15.34106104	-20.00809720	-1.38682960	1.46399403	1.65643927	4.02347069	1.30084312
1.00000000	26.39330563	-4.18172510	-1.28280745	1.52339125	1.62033705	3.67497363	-0.75365627
1.00000000	26.80771476	-1.26007733	-1.22676824	1.52251148	1.64197777	3.43903742	-0.72331333
1.00000000	14.37715480	-24.61447841	-1.20965455	1.48174715	1.69550384	4.40362064	1.53408670
1.00000000	3.26031446	-21.76256054	-1.46302519	1.52822399	1.70912335	3.71268517	1.42228627

323	242
301	241
333	238
355	239
323	170
301	170
333	170
355	170

972	233
945	228
1117	229
1164	235
972	165
945	166
1117	166
1164	165

711	237
714	231
888	234
903	240
711	167
714	167
888	167
903	166

1221	235
1168	229
1363	230
1440	237
1221	161
1168	163
1363	162
1440	161

1483	234
1418	228
1657	232
1756	239
1483	162
1418	163
1657	163
1756	162

736	209
773	211
716	215
678	213
736	170
773	170
716	170
678	170

656	208
691	210
633	214
597	212
656	170
691	170
633	169
597	169

1825	228
1691	222
1916	222
2081	228
1825	148
1691	150
1916	150
2081	147

6578	530
4157	382
5455	415
9777	636
6578	71
4157	113
5455	104
9777	41

