0.00000000	18.55940568	7.34158064	-1.48812268	1.73744905	0.71019326	1.11301973	0.07536629
1.00000000	17.64828531	-4.41883614	-1.41446922	1.57822847	1.63649587	4.10983343	1.42237985
1.00000000	10.55830403	-7.96322070	-1.45012234	1.53066993	1.65058751	4.34827993	1.54788530
1.00000000	4.51890889	5.52034880	-1.73669223	1.46240509	1.58536152	3.45291840	2.78844500
1.00000000	17.13260600	-10.07543112	-1.30014346	1.52514768	1.64900595	3.96572822	1.50408649
1.00000000	26.90490923	-1.09674805	-1.19614492	1.51231861	1.64191488	3.34050906	-0.72429967
1.00000000	26.58213063	-3.99910651	-1.26157973	1.51618946	1.64788177	3.68954759	-0.72482651
1.00000000	14.62166309	-24.56924241	-1.28288208	1.51449156	1.73249213	4.35915997	1.49960470
1.00000000	16.31668367	-15.25294593	-1.33754895	1.67417347	1.71845461	3.69216674	1.30100751
1.00000000	15.49444450	-19.88954168	-1.36840878	1.51916027	1.66715305	4.11135586	1.12867272

315	237
343	237
330	241
300	241
315	170
343	170
330	170
300	170

709	236
710	230
878	232
894	238
709	168
710	168
878	168
894	168

1053	279
990	263
1277	264
1392	280
1053	162
990	164
1277	164
1392	162

-1025	718
-1086	614
-48	380
78	401
-1025	266
-1086	248
-48	208
78	212

972	230
942	225
1110	226
1157	231
972	162
942	163
1110	163
1157	162

651	208
685	209
629	213
594	211
651	169
685	169
629	169
594	169

729	209
766	210
712	214
672	213
729	170
766	170
712	170
672	170

1796	231
1668	224
1898	225
2059	232
1796	150
1668	153
1898	152
2059	150

1221	231
1182	225
1373	228
1437	235
1221	154
1182	156
1373	155
1437	153

1444	231
1400	226
1670	232
1750	239
1444	159
1400	161
1670	159
1750	158

