0.00000000	18.53759916	7.32505447	-1.51341329	1.72027946	0.81672661	0.98226172	2.85957479
1.00000000	17.65815961	-4.49743773	-1.43964217	1.60865915	1.64511721	4.23630319	1.44430006
1.00000000	16.29802679	-14.93475751	-1.32079623	1.48126960	1.69933360	4.09529241	1.51269484
1.00000000	17.12809362	-10.05473513	-1.34294019	1.52362752	1.66963057	3.99384499	1.46978390
1.00000000	26.92649239	-1.10054016	-1.17961691	1.53109694	1.62999222	3.38895290	-0.74456155
1.00000000	26.56390291	-3.98291663	-1.21382270	1.59266973	1.66195145	3.66800396	-1.57006359
1.00000000	15.44295487	-19.93581213	-1.32474707	1.46666515	1.66318699	4.13233073	1.39394355
1.00000000	14.61632628	-24.56836418	-1.22231982	1.51667547	1.70241579	4.33310898	1.50136578

324	242
296	241
322	238
349	239
324	172
296	172
322	172
349	172

711	237
710	231
882	233
900	239
711	168
710	168
882	168
900	168

1219	232
1162	226
1346	227
1425	233
1219	162
1162	163
1346	163
1425	162

968	232
941	226
1113	228
1158	234
968	164
941	165
1113	165
1158	164

653	207
686	209
627	212
593	211
653	168
686	168
627	168
593	168

766	209
776	211
672	211
668	209
766	167
776	166
672	166
668	167

1484	231
1409	225
1635	228
1740	234
1484	159
1409	161
1635	160
1740	159

1796	227
1670	221
1899	222
2057	229
1796	147
1670	150
1899	149
2057	147

