0.00000000	18.60679451	7.69653069	-1.51213346	1.78067863	0.77240083	1.05763838	2.82384944
1.00000000	5.49133075	-1.72709415	-1.61319373	1.53231847	1.67018583	4.18669111	-1.64521563
1.00000000	16.30549556	-14.97955071	-1.35137437	1.49316156	1.69334600	4.08613807	1.51475596
1.00000000	17.07376681	-10.03647603	-1.38774941	1.52394962	1.65523071	3.91746132	1.48175466
1.00000000	17.71014364	-4.78303934	-1.43573568	1.66515970	1.66073724	4.14790793	1.34339559
1.00000000	14.61298842	-24.57071700	-1.32618974	1.51572323	1.70716032	4.31552655	1.53189635
1.00000000	15.49900456	-20.01162203	-1.38120852	1.47710383	1.67885093	4.08475556	-1.29799438
1.00000000	26.92894685	-1.03320072	-1.18290136	1.54033780	1.63607566	3.34722525	-0.69989175
1.00000000	26.55977199	-3.74611302	-1.16937993	1.54546380	1.70358059	3.52540549	-0.70938551

307	242
281	241
311	238
336	238
307	170
281	170
311	170
336	170

1094	366
1264	442
554	424
583	356
1094	178
1264	180
554	179
583	178

1221	233
1164	227
1347	228
1426	234
1221	163
1164	164
1347	164
1426	163

971	234
943	229
1111	230
1157	236
971	166
943	167
1111	167
1157	166

721	235
726	230
896	233
908	239
721	165
726	166
896	165
908	165

1804	233
1674	226
1892	227
2052	234
1804	153
1674	155
1892	155
2052	152

1559	227
1684	233
1565	238
1444	231
1559	163
1684	162
1565	161
1444	162

649	207
683	209
628	212
592	211
649	168
683	168
628	168
592	168

720	206
759	208
707	212
666	210
720	167
759	167
707	166
666	166

