0.00000000	18.56827610	7.34436136	-1.48719595	1.69858348	0.81654411	0.96331129	2.78375411
1.00000000	10.81304048	-4.86948114	-1.46455322	1.48701596	1.68706022	4.29466806	1.52197683
1.00000000	16.28564659	-14.86316480	-1.38240645	1.45567095	1.67759328	4.17665431	1.49268758
1.00000000	17.66653186	-4.56894197	-1.43434880	1.66977811	1.67414562	4.34176451	1.42312145
1.00000000	26.93274147	-1.07301662	-1.19645749	1.54731762	1.66590731	3.44047139	-0.72535884
1.00000000	26.60191185	-3.87577007	-1.20933900	1.53415656	1.70892540	3.62795905	-0.69844872
1.00000000	17.06059857	-10.08361390	-1.32827662	1.46717989	1.63210270	3.82416688	1.34352994
1.00000000	14.58722541	-24.56461670	-1.29511629	1.51333618	1.69978942	4.26071757	1.52833593
1.00000000	15.52124525	-20.02265579	-1.39000080	1.48571825	1.66853682	4.06570089	1.05477035

321	241
295	240
323	237
348	238
321	172
295	172
323	172
348	172

812	279
788	264
1066	265
1140	282
812	170
788	170
1066	170
1140	170

1211	234
1158	228
1348	229
1425	236
1211	166
1158	167
1348	166
1425	166

711	236
711	231
888	233
905	239
711	165
711	166
888	165
905	165

651	208
686	209
627	213
592	211
651	168
686	168
627	168
592	168

723	207
762	209
711	213
669	211
723	168
762	168
711	168
669	168

966	231
949	225
1123	228
1158	234
966	166
949	167
1123	166
1158	166

1806	232
1676	225
1893	226
2053	232
1806	151
1676	153
1893	153
2053	151

1443	231
1406	226
1684	233
1755	240
1443	162
1406	163
1684	162
1755	161

