1.00000000	11.96374893	5.77279643	-1.76894770	1.45691264	1.60687472	3.66673344	3.11908197
1.00000000	10.97012821	-9.13348574	-1.58431111	1.56145906	1.57321409	3.93693604	0.37374547
1.00000000	14.02099133	-16.04752603	-1.71280680	1.44854188	1.66045694	3.93464314	0.63096905
1.00000000	11.60182074	-11.74801902	-1.63786815	1.58545995	1.63383311	4.08436280	0.25677308
1.00000000	15.98619034	-20.51167770	-1.66895316	1.42988563	1.66597429	3.93048556	0.63040096

247	310
131	310
265	273
350	273
247	203
131	203
265	195
350	195

1067	262
1129	258
1451	293
1384	301
1067	170
1129	170
1451	170
1384	169

1305	251
1323	246
1635	265
1638	272
1305	180
1323	180
1635	182
1638	183

1189	258
1256	256
1602	290
1522	296
1189	171
1256	171
1602	170
1522	170

1415	239
1425	235
1717	249
1726	254
1415	177
1425	177
1717	178
1726	178

