1.00000000	31.44966929	-2.68749187	-1.22642777	1.64576364	1.68249074	4.41563475	1.46989644
1.00000000	30.95941544	-13.30321086	-0.53837560	1.51392913	1.68264147	4.21932277	1.48619843
1.00000000	31.35778778	-8.26909166	-0.87923763	1.47046185	1.56389318	3.82313697	1.54152191
1.00000000	40.26218966	-1.38039589	-0.98166523	1.49769378	1.61514172	3.49558404	-0.63749772
1.00000000	40.41825847	1.24689905	-1.02826975	1.51502585	1.63037197	3.60097666	-0.59505355
1.00000000	19.45251917	23.44004480	-2.36503975	1.53182662	1.59470706	3.78333550	-1.83156157
2.00000000	20.94009801	1.84910925	-1.42236779	1.79108596	0.62134305	1.81261662	0.65008742

620	207
624	205
724	205
726	207
620	168
624	168
724	168
726	168

878	188
867	187
967	187
984	188
878	151
867	153
967	152
984	151

761	197
755	196
842	196
853	197
761	162
755	163
842	163
853	162

641	195
665	196
629	197
605	197
641	169
665	169
629	169
605	169

595	196
618	197
581	199
556	198
595	170
618	170
581	170
556	170

-181	274
-266	283
-360	277
-272	269
-181	217
-266	221
-360	219
-272	215

522	226
540	225
574	229
555	230
522	165
540	165
574	165
555	165

