0.00000000	18.54308153	7.11429747	-1.51530157	1.78274870	0.74487517	1.15245769	2.55195189
1.00000000	17.60855976	-4.51469421	-1.43929253	1.61117244	1.64892062	4.18554890	1.43083656
1.00000000	16.25802517	-14.95781760	-1.32447730	1.48611426	1.67521003	4.17666247	1.47709751
1.00000000	17.06188227	-10.00642526	-1.33641646	1.55893993	1.66142677	3.97636263	1.46580875
1.00000000	26.52191865	-4.10552150	-1.26338099	1.51009488	1.63393726	3.61348579	-0.72782534
1.00000000	15.42529683	-19.97751154	-1.36902736	1.43644357	1.62364762	3.93183106	1.34848881
1.00000000	26.87102870	-1.23219741	-1.22375546	1.50474846	1.60683111	3.41059942	-0.72216296
1.00000000	14.54585100	-24.51253090	-1.35179279	1.48572445	1.67433839	4.16642553	1.50766265

320	243
302	241
341	237
360	239
320	169
302	169
341	170
360	169

712	237
712	231
883	233
900	239
712	168
712	168
883	168
900	167

1215	232
1162	226
1356	227
1432	233
1215	162
1162	163
1356	163
1432	161

967	232
941	226
1113	228
1158	233
967	162
941	163
1113	163
1158	162

732	209
769	210
715	214
676	213
732	170
769	170
715	170
676	170

1486	233
1417	227
1640	230
1739	237
1486	163
1417	164
1640	163
1739	162

656	208
689	210
632	214
597	212
656	170
689	170
632	170
597	170

1804	235
1678	228
1897	229
2054	236
1804	156
1678	157
1897	157
2054	155

