1.00000000	17.65133205	-4.51054950	-1.39957545	1.47124338	1.61644095	4.25915561	1.41423500
1.00000000	9.60079745	1.93020419	-1.48721872	1.49475825	1.70446054	4.27865668	2.00342607
1.00000000	17.11991210	-10.02270172	-1.35316322	1.51746082	1.61795302	3.89958150	1.46465492
1.00000000	26.57859953	-3.82508730	-1.20651947	1.51839030	1.64425106	3.51178332	-0.68990433

710	235
711	229
885	231
901	237
710	172
711	172
885	172
901	172

284	317
283	293
591	273
643	289
284	176
283	175
591	175
643	175

968	232
942	227
1111	228
1154	234
968	165
942	166
1111	165
1154	165

721	207
759	209
710	213
670	211
721	169
759	168
710	168
670	168

