0.00000000	17.95686923	6.45657088	-1.60474632	1.78656936	0.75114542	1.06211187	2.45414090
1.00000000	25.82289545	-2.45923996	-1.36956726	1.50389767	1.60328307	3.55355395	-0.82102382
1.00000000	15.63871283	-10.80132535	-1.50615857	1.58941293	1.67437274	3.98574597	1.42324519
1.00000000	16.43016087	-5.21879196	-1.57728658	1.53456593	1.65532812	4.13086195	1.37195945
1.00000000	25.36775689	-5.09865033	-1.40441070	1.44032359	1.64244191	3.60240717	-0.77390307

337	248
320	246
360	243
377	245
337	172
320	172
360	172
377	172

696	213
730	215
663	219
629	217
696	173
730	173
663	173
629	173

1037	244
1005	237
1198	240
1254	247
1037	167
1005	168
1198	167
1254	167

752	247
752	240
935	243
955	251
752	176
752	176
935	176
955	176

766	214
805	215
749	220
708	218
766	175
805	175
749	175
708	175

