0.00000000	18.55247397	7.33124582	-1.48701761	1.70819116	0.82140385	1.00472781	2.84871030
1.00000000	17.67770115	-4.45535057	-1.42734263	1.66154885	1.65926234	4.21860187	1.47552276
1.00000000	10.87843619	-3.65537342	-1.44698642	1.46145225	1.62512942	4.34996078	1.55124676
1.00000000	16.28111789	-14.93202197	-1.34619544	1.46727717	1.69130830	4.06464495	1.51614344
1.00000000	26.92440184	-1.08145413	-1.19155810	1.52922642	1.63090747	3.46153410	-0.74166805
1.00000000	26.55992759	-3.89411575	-1.22027562	1.53923750	1.66399510	3.60979030	-0.68921351
1.00000000	14.59811361	-24.56061844	-1.29076050	1.49670005	1.70386669	4.33545081	1.50602269
1.00000000	15.50801302	-20.01062726	-1.38420413	1.48399305	1.68107042	4.14233584	-1.12276292
1.00000000	17.06493403	-10.11038705	-1.32449184	1.42799592	1.60254679	3.71931446	1.41902268

323	241
295	240
322	237
349	238
323	171
295	171
322	171
349	171

710	236
707	231
878	232
898	238
710	165
707	166
878	165
898	165

722	279
708	264
985	264
1045	280
722	171
708	171
985	171
1045	171

1220	233
1163	227
1346	228
1424	234
1220	164
1163	165
1346	164
1424	164

653	207
686	209
626	213
592	211
653	169
686	169
626	168
592	168

724	208
762	209
712	213
671	212
724	168
762	168
712	168
671	168

1798	231
1671	225
1899	226
2058	232
1798	152
1671	154
1899	154
2058	151

1532	226
1657	232
1597	239
1463	233
1532	163
1657	162
1597	160
1463	162

974	231
951	226
1116	227
1156	233
974	168
951	168
1116	168
1156	167

