0.00000000	18.51500963	7.34037098	-1.46091614	1.67271328	0.76985179	1.00333722	2.77271938
1.00000000	17.61875780	-4.55384505	-1.42268441	1.66098535	1.67866130	4.26741995	1.40468383
1.00000000	16.32799098	-14.89562486	-1.31526289	1.51841092	1.74436883	4.13875956	1.50978351
1.00000000	17.14325077	-10.00317774	-1.34076808	1.53009868	1.68060221	4.14202684	1.48738313
1.00000000	26.47785137	-3.89761172	-1.22386454	1.52287209	1.62545599	3.51581134	-0.74458224
1.00000000	26.91197395	-1.13676222	-1.15136049	1.54115343	1.62519483	3.38406877	-0.69927824
1.00000000	14.59095478	-24.58679672	-1.24792932	1.48425817	1.68279770	4.19234414	1.53183436
1.00000000	15.50856389	-20.01955258	-1.31675909	1.44153345	1.62860532	4.06903154	-1.77655172

319	240
295	239
324	236
348	237
319	172
295	172
324	172
348	172

711	236
713	230
888	232
904	239
711	165
713	165
888	165
904	164

1215	231
1158	225
1344	226
1423	232
1215	160
1158	161
1344	161
1423	160

963	232
936	226
1112	227
1159	233
963	164
936	165
1112	164
1159	164

727	208
763	209
709	213
671	212
727	169
763	169
709	168
671	168

652	206
686	208
631	211
595	210
652	167
686	167
631	167
595	167

1809	229
1680	223
1892	223
2050	230
1809	150
1680	152
1892	152
2050	150

1638	227
1738	234
1481	230
1411	225
1638	161
1738	159
1481	160
1411	161

