1.00000000	15.11338761	-5.87184555	-1.66146360	1.65428448	1.65866896	4.11160557	1.29255021
1.00000000	24.60090989	-3.47882823	-1.64142821	1.42752087	1.58984818	3.43153602	-0.91860658
1.00000000	14.12540988	-11.44311679	-1.63755105	1.62320292	1.65715798	3.76589141	1.39722085
2.00000000	33.91738942	1.12535075	-1.53094635	1.78949475	0.60711574	1.69790622	-3.11318016

794	256
796	247
1000	253
1022	262
794	174
796	174
1000	174
1022	174

732	222
767	224
694	229
661	226
732	182
767	183
694	184
661	183

1124	258
1082	249
1290	252
1361	263
1124	170
1082	171
1290	171
1361	170

593	212
580	212
580	210
593	210
593	173
580	173
580	173
593	173

