1.00000000	17.69964193	-4.36349417	-1.44278262	1.56239426	1.66997502	4.32391010	1.38884532
1.00000000	17.13318825	-10.07070416	-1.36158727	1.52385235	1.64516505	3.98531807	1.46387410
1.00000000	16.32723055	-14.86210258	-1.30413900	1.46656847	1.69006429	4.09735786	1.50839722
1.00000000	9.20048764	0.91108774	-1.54524205	1.53520930	1.63304053	3.59282368	1.90660608
1.00000000	14.56195806	13.20874816	-1.68415771	1.55245364	1.70814756	4.13912001	1.49112713
1.00000000	9.60036955	-18.12882863	-1.36703024	1.52419484	1.63082637	4.23571499	1.46480107
1.00000000	26.60229332	-3.89255223	-1.37720833	1.47067809	1.71468179	3.69305736	-0.76130366

701	236
705	231
881	233
895	239
701	170
705	170
881	170
895	170

968	233
942	227
1114	229
1158	234
968	165
942	166
1114	166
1158	165

1213	231
1158	225
1342	226
1420	232
1213	162
1158	163
1342	163
1420	162

393	323
387	297
651	283
702	302
393	176
387	176
651	175
702	176

-200	273
-104	262
79	264
3	276
-200	191
-104	189
79	189
3	191

1933	272
1737	256
2095	260
2371	277
1933	146
1737	150
2095	149
2371	144

727	212
765	213
707	218
668	216
727	174
765	174
707	174
668	174

