0.00000000	18.53215192	7.35087646	-1.46915601	1.72549200	0.75344757	1.09459350	-0.17254008
1.00000000	17.67431435	-4.41943595	-1.42501042	1.65188909	1.65531322	4.18595609	1.47895861
1.00000000	16.28262746	-14.90409374	-1.34293626	1.47444594	1.69081406	4.07255700	1.51491892
1.00000000	10.88655748	-3.62989275	-1.44922970	1.46672654	1.64270134	4.33384619	1.55872524
1.00000000	26.57759817	-3.86219527	-1.20138739	1.55330563	1.69437810	3.56709016	-0.68553591
1.00000000	14.58626421	-24.56821513	-1.28799127	1.50830400	1.71022603	4.33925014	1.52095878
1.00000000	26.91925701	-1.05153887	-1.16898487	1.54665852	1.64687900	3.41889858	-0.72941101
1.00000000	15.49304034	-19.99112368	-1.37670241	1.48316884	1.66745876	4.10304728	0.38941860
1.00000000	17.06529668	-10.26574561	-1.33445559	1.43531823	1.62546321	3.71329659	1.41770232

320	236
347	237
323	240
295	240
320	170
347	170
323	170
295	170

710	236
707	231
876	232
896	238
710	165
707	166
876	166
896	165

1219	233
1162	227
1345	228
1423	234
1219	163
1162	164
1345	164
1423	163

721	279
707	264
981	264
1043	280
721	171
707	171
981	171
1043	171

722	207
761	209
712	213
670	211
722	167
761	167
712	167
670	167

1803	231
1674	225
1897	225
2057	232
1803	151
1674	153
1897	153
2057	151

651	207
685	208
627	212
592	210
651	168
685	168
627	167
592	167

1405	226
1440	224
1754	239
1724	242
1405	162
1440	163
1754	160
1724	160

981	231
958	226
1122	228
1163	233
981	168
958	168
1122	168
1163	167

