0.00000000	18.53304286	7.15974507	-1.49739860	1.73178387	0.77951958	1.05065523	2.89877105
1.00000000	17.66699239	-4.44007798	-1.43489442	1.59534979	1.64366694	4.22980409	1.46647143
1.00000000	16.27323126	-14.88870508	-1.33783732	1.46802235	1.66536789	4.01564084	1.50117064
1.00000000	10.88247676	-3.59661956	-1.44132064	1.45581210	1.63693193	4.36562457	1.56794488
1.00000000	26.57939007	-3.87215865	-1.27094386	1.50404191	1.66711446	3.53622029	-0.67875493
1.00000000	14.60876841	-24.57738585	-1.28252576	1.51650214	1.70634907	4.26950141	1.52141631
1.00000000	26.92421612	-1.06447119	-1.20793818	1.53426957	1.65829988	3.44166379	-0.70180613
1.00000000	15.50693386	-19.97627145	-1.34997700	1.47505033	1.65729146	4.03939486	1.35123181
1.00000000	17.03540902	-10.26868569	-1.32636593	1.43279016	1.61702225	3.63778911	1.41750479

330	242
302	241
328	237
355	238
330	171
302	171
328	171
355	171

709	237
707	231
878	232
898	238
709	168
707	168
878	168
898	168

1218	232
1163	227
1346	228
1421	234
1218	163
1163	164
1346	164
1421	163

719	279
703	263
979	264
1041	279
719	171
703	171
979	171
1041	171

722	209
761	210
712	215
671	213
722	171
761	170
712	170
671	170

1804	231
1674	224
1893	225
2053	232
1804	150
1674	153
1893	152
2053	150

650	208
685	209
628	213
592	211
650	169
685	169
628	169
592	169

1479	232
1409	226
1637	229
1737	236
1479	160
1409	161
1637	161
1737	159

984	231
960	226
1121	228
1162	233
984	167
960	168
1121	168
1162	167

