0.00000000	27.17722592	9.91882023	-1.50453470	1.83022451	0.71297382	1.00926192	2.68370533
0.00000000	27.17298457	9.26930277	-1.46704529	1.90796733	0.75281168	0.98301078	2.50761032
1.00000000	27.26212552	-8.02358703	-1.01667498	1.45271659	1.63399859	4.06579971	1.57651150
1.00000000	27.27307771	-2.55216297	-1.22355960	1.69731426	1.69390267	4.46996156	1.47425783
1.00000000	14.74327916	18.77014762	-2.14425157	1.51446366	1.70433851	4.05114701	-1.62245166
1.00000000	36.25709383	1.54511803	-0.95762859	1.52648854	1.61194644	3.58738554	-0.67017180

342	222
327	222
348	220
362	221
342	172
327	172
348	172
362	172

357	221
345	220
368	219
380	220
357	169
345	169
368	169
380	169

777	204
766	202
872	202
888	204
777	164
766	164
872	164
888	164

618	211
622	209
738	209
742	211
618	164
622	165
738	165
742	164

-179	287
-283	302
-482	300
-358	286
-179	215
-283	221
-482	220
-358	215

590	197
614	197
568	199
543	199
590	168
614	167
568	167
543	167

