0.00000000	12.26595703	0.53843699	-1.54100476	1.80377817	0.90631380	0.98233058	3.04928803
0.00000000	37.96166872	8.82067178	-1.10430358	1.73052597	0.81779220	0.97635169	0.10970911
0.00000000	38.31446045	15.72525376	-0.73491881	1.85423946	0.56709890	0.93959554	0.78955591
1.00000000	24.79444554	-19.21017421	-2.08138565	1.52316260	1.64771456	3.86067284	-3.11517549
1.00000000	24.07037082	-16.33145307	-1.95255707	1.46110260	1.58249469	3.38527278	0.07401291
1.00000000	24.31495315	-13.78069928	-1.93594662	1.55433822	1.58610438	3.40637784	0.05657303
1.00000000	37.28946636	-0.77415767	-1.27862714	1.40376639	1.53042204	3.37113613	0.03572282
2.00000000	41.19159046	14.27850221	-0.81285975	1.85353863	0.49640477	1.36788644	-2.77961731

598	268
542	267
552	261
603	261
598	156
542	157
552	158
603	158

431	198
447	198
444	198
429	198
431	166
447	166
444	165
429	165

302	193
312	192
319	193
309	193
302	158
312	158
319	158
309	158

1233	231
1182	231
1095	224
1138	224
1233	184
1182	184
1095	183
1138	183

1033	223
1075	223
1155	230
1107	230
1033	183
1075	183
1155	183
1107	183

959	223
1001	223
1068	230
1020	230
959	180
1001	180
1068	180
1020	180

603	199
631	198
635	200
605	200
603	173
631	173
635	172
605	172

361	193
352	193
351	192
360	192
361	160
352	160
351	161
360	161

