0.00000000	26.73400327	10.63355145	-1.13724826	1.85178351	0.66923538	0.98520400	-3.03516674
0.00000000	26.28840898	11.25698090	-1.09792660	1.89677477	0.71008543	1.06946183	-3.10060644
0.00000000	26.77920743	9.97089838	-1.19886408	1.79847074	0.67708657	0.99336983	-3.10384941
0.00000000	31.22766896	16.09800740	-0.74284814	1.91143107	0.63470222	0.49139120	0.97222644
1.00000000	24.11989162	-16.36480595	-1.92513512	1.42356110	1.56379138	3.35323967	0.07940243
1.00000000	24.78461517	-19.19509361	-2.03352277	1.53428280	1.64360937	3.87021774	-3.12017775
1.00000000	37.31577271	-0.81497243	-1.34418939	1.46508992	1.57527563	3.40387006	0.03478268
1.00000000	24.31958349	-13.77771277	-1.91146014	1.51528525	1.58487370	3.38316434	0.05026391
2.00000000	6.47210447	1.11521922	-1.55146990	1.72653651	0.58936583	1.68628912	0.14044087

325	209
306	209
314	208
332	208
325	159
306	159
314	159
332	160

301	209
281	209
293	208
312	208
301	156
281	156
293	157
312	157

342	211
323	211
333	210
351	210
342	162
323	162
333	162
351	162

225	197
239	196
245	197
231	197
225	153
239	153
245	153
231	152

1034	222
1075	222
1154	229
1107	229
1034	183
1075	183
1154	183
1107	183

1232	230
1182	230
1095	223
1138	223
1232	182
1182	182
1095	182
1138	182

603	200
632	200
637	202
605	202
603	173
632	173
637	172
605	172

960	223
1002	222
1067	229
1019	229
960	181
1002	181
1067	181
1019	181

453	330
514	328
517	374
437	377
453	154
514	154
517	146
437	146

