0.00000000	11.93287373	-3.66662176	-1.54258214	1.67463183	0.65951520	0.78846397	-0.81040579
0.00000000	20.40400756	8.72261901	-1.28114985	1.82017565	0.75076207	1.27335136	-3.10104489
0.00000000	20.88421269	8.16775623	-1.29075513	1.85371780	0.78884057	1.23881243	0.18076642
0.00000000	30.55059282	17.38889092	-0.73511253	2.03098392	0.72542884	0.47659062	0.54705393
0.00000000	16.82519787	3.68144889	-1.48244164	1.77484429	0.76660851	0.95106842	0.45513326
0.00000000	28.59986707	14.10175625	-0.86824701	1.91309381	0.77794978	0.94699256	-3.09671688
1.00000000	24.84059083	-19.24100863	-2.12988726	1.55627811	1.70732250	3.95257128	-3.11299443
1.00000000	24.26012943	-13.77531353	-1.97540854	1.54182994	1.60266757	3.38043727	0.07841877
1.00000000	37.30835664	-0.77341481	-1.32412789	1.44207239	1.54609116	3.31318692	0.03681415
1.00000000	24.04781894	-16.39853904	-1.99955533	1.39048111	1.59096906	3.36721100	0.07726813
2.00000000	21.17708859	-3.10756784	-1.56352530	1.79936802	0.59850514	1.92798894	0.69801593

823	260
860	263
836	267
798	264
823	162
860	162
836	161
798	161

302	225
274	225
293	222
319	222
302	158
274	158
293	160
319	160

314	221
342	221
333	223
304	224
314	159
342	159
333	158
304	158

187	197
206	197
206	197
187	197
187	150
206	150
206	150
187	149

426	238
458	237
469	240
435	241
426	163
458	164
469	163
435	162

255	201
235	201
246	201
266	201
255	153
235	153
246	154
266	154

1235	233
1183	233
1093	225
1138	225
1235	184
1183	184
1093	184
1138	184

959	224
1001	224
1070	231
1022	231
959	182
1001	182
1070	182
1022	182

602	199
631	199
636	201
605	201
602	173
631	173
636	172
605	172

1035	225
1077	224
1158	231
1110	231
1035	186
1077	186
1158	187
1110	187

679	225
693	224
742	227
729	228
679	165
693	165
742	164
729	164

