0.00000000	11.05006243	-4.41306767	-1.58178661	1.67630136	0.60033496	0.90597154	-3.00463915
0.00000000	18.23061391	4.71965388	-1.41688893	1.80011654	0.76994229	0.91415204	-0.04177888
0.00000000	21.62391512	9.18282459	-1.22417162	1.79763401	0.73558139	1.27236255	3.11800218
0.00000000	27.67840687	13.52344061	-0.92078636	1.87589455	0.78801897	0.94628028	-3.13848829
0.00000000	30.54683334	17.16086237	-0.74520360	2.02837443	0.73889604	0.48588620	0.51002836
0.00000000	10.81726928	-3.88458403	-1.57237576	1.65739870	0.67066887	0.87225821	-2.63883781
1.00000000	24.80601512	-19.21888715	-2.05429510	1.53956485	1.64394708	3.87324628	-3.12508345
1.00000000	24.06966812	-16.27770537	-1.93789742	1.44975138	1.56383201	3.27522002	0.11767561
1.00000000	37.15881297	-0.79482982	-1.38165019	1.43834734	1.49529953	3.10243682	0.02386948
1.00000000	24.28302514	-13.76257194	-1.92539148	1.57125843	1.49463792	3.37160230	0.03964732
2.00000000	21.86585978	-1.88477667	-1.48670815	1.84428048	0.63709040	1.98544327	0.66673213

933	276
895	277
863	269
899	269
933	161
895	161
863	163
899	163

409	231
438	231
428	234
397	233
409	162
438	161
428	161
397	161

302	220
277	220
297	218
320	218
302	158
277	158
297	160
320	160

258	203
237	203
250	203
270	203
258	154
237	154
250	155
270	155

192	197
212	197
212	197
192	198
192	150
212	150
212	150
192	150

908	277
876	280
829	273
860	270
908	163
876	162
829	163
860	164

1232	231
1182	231
1095	223
1139	223
1232	182
1182	182
1095	182
1139	182

1032	223
1072	223
1153	229
1107	229
1032	183
1072	183
1153	183
1107	183

604	201
631	201
635	202
605	202
604	174
631	174
635	174
605	174

961	223
1002	223
1066	229
1020	229
961	180
1002	180
1066	180
1020	180

637	221
652	220
697	223
682	224
637	162
652	162
697	161
682	161

