0.00000000	31.32051920	16.18037475	-0.77982495	1.95855653	0.59315876	0.43846137	1.13579726
0.00000000	14.87054448	6.18638992	-1.43783424	1.73569298	0.64881122	0.95761254	-1.94511282
0.00000000	15.81139565	5.47026835	-1.46710167	1.67082357	0.66495585	0.88484538	-3.07723212
0.00000000	15.55409557	6.17088519	-1.41397546	1.75209463	0.66194887	1.00119459	-2.53757596
0.00000000	14.75788543	-4.34310813	-1.55936525	1.73057342	0.61790308	0.80789516	2.87307596
0.00000000	35.59340427	-21.64970291	-2.06829731	1.86370349	0.75355588	0.80512009	1.57304454
1.00000000	24.77812767	-19.22805247	-2.09055124	1.53643715	1.66627075	3.89382024	-3.11808562
1.00000000	24.05814623	-16.35668027	-1.96162544	1.46599746	1.59601757	3.34877654	0.07528845
1.00000000	39.41369057	4.74990293	-1.30241857	1.67905211	1.73465892	4.07263605	0.18321395
1.00000000	24.42532339	-13.79329154	-2.01478891	1.62368298	1.68475399	3.54243893	0.04149265
1.00000000	37.15479248	-0.77617545	-1.36974237	1.45928931	1.56387608	3.24513724	0.03833797
1.00000000	42.54271859	2.04426364	-1.29328106	1.43034661	1.59955307	3.84589120	0.11560453
2.00000000	4.11872927	2.09180681	-1.62231122	1.68448591	0.65339098	1.62618160	0.13870925

225	197
237	197
244	197
232	198
225	153
237	153
244	153
232	152

334	246
311	249
274	248
298	245
334	163
311	162
274	162
298	163

365	245
333	246
346	242
376	242
365	167
333	167
346	168
376	168

340	244
307	245
297	242
329	240
340	161
307	161
297	162
329	162

835	249
802	248
802	245
833	245
835	161
802	162
802	163
833	162

1034	211
1025	211
1041	211
1050	211
1034	173
1025	174
1041	174
1050	173

1234	232
1183	232
1095	224
1139	224
1234	184
1183	184
1095	183
1139	183

1034	224
1076	223
1156	230
1108	230
1034	183
1076	183
1156	183
1108	183

500	199
530	199
536	201
503	201
500	170
530	170
536	169
503	169

956	225
1001	225
1069	232
1017	232
956	181
1001	181
1069	181
1017	181

602	200
631	200
636	202
605	202
602	173
631	173
636	173
605	173

554	197
580	197
585	198
557	198
554	174
580	174
585	173
557	173

219	423
325	418
230	545
63	556
219	162
325	162
230	152
63	152

