0.00000000	9.68505207	-1.25916130	-1.60710690	1.64739394	0.67081044	0.97644768	-2.53072238
0.00000000	11.99372819	-0.34937357	-1.56742166	1.73988295	0.83456416	0.98789766	-2.46930265
0.00000000	8.58345157	-0.51372930	-1.62582884	1.72109139	0.68495783	0.92872734	-2.43393302
0.00000000	23.50995415	-4.64079631	-1.65467260	1.84475863	0.67484559	1.10775962	0.45380142
1.00000000	8.36807489	4.13034590	-1.56998597	1.99872351	1.77995672	4.91635988	-3.12726092
1.00000000	24.78676595	-19.21491497	-2.08920501	1.52071333	1.65583883	3.83223609	-3.12317109
1.00000000	24.05710220	-16.30798265	-1.94224493	1.45564556	1.57402770	3.31335538	0.11989018
1.00000000	24.30772530	-13.78739382	-1.91889421	1.53087974	1.55640746	3.39312302	0.07140177
1.00000000	37.15370078	-0.80573935	-1.32612083	1.46230948	1.49965757	3.11817872	0.05934061
2.00000000	42.21554304	1.17226651	-1.30480907	1.74677050	0.68443590	1.80693033	-3.14129996

747	294
709	299
659	289
696	285
747	167
709	166
659	168
696	168

666	268
627	272
589	266
627	263
666	162
627	161
589	162
627	163

701	311
659	319
603	307
645	301
701	162
659	161
603	162
645	163

727	222
744	222
765	224
748	224
727	167
744	167
765	167
748	166

204	372
-22	373
266	282
386	282
204	119
-22	119
266	148
386	148

1233	232
1181	232
1096	224
1139	224
1233	184
1181	184
1096	183
1139	183

1032	223
1073	223
1155	229
1109	230
1032	182
1073	182
1155	183
1109	183

960	223
1001	223
1068	229
1021	229
960	181
1001	181
1068	181
1021	181

603	200
630	199
636	201
607	201
603	173
630	173
636	172
607	172

589	198
577	198
578	197
590	197
589	168
577	168
578	168
590	168

