0.00000000	19.18480020	9.71756483	-1.25516413	1.82736945	0.65946877	1.06754758	3.11236191
0.00000000	19.81861215	9.28959094	-1.25418590	1.82616079	0.61806903	1.04842272	-3.10349464
0.00000000	19.95561499	8.63150295	-1.30716012	1.76843166	0.61896522	1.07050420	0.29038590
0.00000000	20.45294360	-4.86311662	-1.60717569	1.78045273	0.65218700	1.18244110	0.23600145
0.00000000	31.21947991	16.20616913	-0.83104346	1.94750619	0.63781103	0.87351391	0.19010060
1.00000000	10.26746035	2.45017503	-1.56636868	1.46372354	1.62701779	3.65601809	-0.08437675
1.00000000	24.78172905	-19.24036051	-2.07058356	1.51975012	1.64146910	3.83806009	-3.12118077
1.00000000	24.04391389	-16.33189038	-1.96275357	1.44045436	1.55897329	3.32036332	0.06492962
1.00000000	24.31725452	-13.78210218	-1.94112144	1.52414000	1.56738680	3.43768283	0.04868672
1.00000000	37.11967970	-0.72392915	-1.37494324	1.52755570	1.53214947	3.11488384	0.02182589

241	227
216	227
239	224
262	224
241	156
216	156
239	158
262	158

270	225
247	225
264	223
287	223
270	157
247	157
264	158
287	158

284	224
308	224
303	226
278	227
284	162
308	162
303	161
278	161

755	227
776	227
796	230
774	230
755	166
776	166
796	165
774	165

228	198
243	198
237	199
221	199
228	154
243	154
237	154
221	154

420	269
516	270
450	310
312	308
420	181
516	181
450	182
312	182

1233	231
1183	231
1097	224
1140	224
1233	183
1183	183
1097	183
1140	183

1035	224
1076	223
1154	230
1107	230
1035	183
1076	183
1154	184
1107	184

960	223
1001	223
1068	230
1020	230
960	181
1001	181
1068	182
1020	182

602	200
630	200
634	202
603	202
602	172
630	172
634	172
603	172

