0.00000000	13.88070709	5.15490080	-1.45900879	1.74999166	0.65212293	0.94211745	-2.48591995
0.00000000	31.30714015	16.16548739	-0.74477718	1.93580520	0.63041664	0.57593325	0.74370003
0.00000000	14.64585631	5.04181511	-1.45121632	1.72450924	0.63754081	0.94534347	-2.59786415
0.00000000	14.88137747	4.35642694	-1.51204501	1.66310310	0.63489989	0.90191913	-3.04347658
0.00000000	13.34525660	-4.10035911	-1.55008374	1.75370491	0.61708332	0.82070451	3.12051535
1.00000000	24.11338405	-16.36023145	-1.95707677	1.42800903	1.57761793	3.31507168	0.07893082
1.00000000	24.76066790	-19.19855381	-2.06386499	1.53462076	1.65581484	3.82365208	-3.12057614
1.00000000	37.30827131	-0.82368851	-1.36178706	1.51924968	1.56408329	3.39773737	0.02649499
1.00000000	31.87373563	4.67677869	-1.36431406	1.78070641	1.77016760	4.28095334	-3.07317233
1.00000000	24.32268293	-13.78343858	-1.94604544	1.49641895	1.61066589	3.43550287	0.07467584
2.00000000	9.82506714	1.20505785	-1.57575617	1.70989347	0.64977490	1.64758547	-0.12521958

362	253
326	256
312	252
346	250
362	161
326	160
312	161
346	162

225	197
240	196
244	197
228	197
225	152
240	153
244	152
228	152

378	249
345	251
335	247
367	245
378	163
345	162
335	163
367	164

405	251
373	252
382	247
413	247
405	168
373	168
382	169
413	169

852	257
817	256
805	252
838	252
852	158
817	158
805	160
838	160

1034	223
1075	223
1154	230
1107	230
1034	184
1075	184
1154	184
1107	184

1233	231
1182	231
1096	224
1139	224
1233	183
1182	183
1096	182
1139	182

603	200
632	200
637	202
605	202
603	172
632	172
637	171
605	171

516	209
473	209
484	205
521	205
516	166
473	166
484	168
521	168

958	223
1000	223
1069	230
1021	230
958	182
1000	182
1069	183
1021	183

509	281
553	282
526	301
475	300
509	164
553	164
526	161
475	161

