0.00000000	12.33030620	-4.08000068	-1.54291580	1.85220456	0.75414455	0.97218799	-3.07358217
0.00000000	14.31508190	3.51959279	-1.48985146	1.72858548	0.62850643	1.03404561	0.43535367
0.00000000	31.31133632	16.20210346	-0.77118419	1.90304017	0.60843884	0.58259937	1.07160223
0.00000000	13.18172154	4.41737928	-1.47000061	1.75747037	0.66879188	1.03656861	0.46924350
0.00000000	13.88384543	4.25030558	-1.44640229	1.78816473	0.60928037	1.05868609	0.24778195
0.00000000	35.28873042	-18.70407619	-1.87543998	1.79441798	0.73132625	0.73453525	1.60677505
1.00000000	24.76637991	-19.22577808	-2.09824340	1.54024172	1.66362963	3.89076126	-3.12618399
1.00000000	27.85351904	4.67933856	-1.32260273	1.90535128	1.91131611	4.74304965	-3.07749629
1.00000000	24.05965203	-16.32666588	-1.96947394	1.46829009	1.59718473	3.31296764	0.06740753
1.00000000	24.45703306	-13.78134803	-2.01917849	1.60891557	1.68710947	3.56317915	0.06664694
1.00000000	37.32953574	-0.71741656	-1.29797445	1.51339805	1.56698807	3.35669078	0.05232360
2.00000000	13.92721126	0.39526036	-1.52971695	1.74843168	0.69342146	1.84865076	0.10586333

881	263
836	264
814	257
855	257
881	150
836	150
814	152
855	152

407	249
438	248
449	252
416	254
407	164
438	164
449	163
416	163

223	197
236	197
244	197
231	197
223	154
236	154
244	154
231	153

340	255
377	253
387	259
347	261
340	161
377	161
387	160
347	159

369	249
401	248
399	254
365	254
369	159
401	159
399	157
365	157

978	208
970	208
985	208
993	208
978	172
970	172
985	172
993	172

1234	232
1183	232
1096	224
1140	224
1234	184
1183	184
1096	183
1140	183

504	213
449	213
467	208
512	208
504	160
449	159
467	163
512	163

1034	224
1076	224
1154	230
1106	230
1034	183
1076	183
1154	183
1106	183

954	225
999	225
1069	232
1018	232
954	181
999	181
1069	181
1018	181

601	199
629	199
635	201
604	201
601	171
629	171
635	170
604	170

564	248
598	248
608	258
570	258
564	163
598	163
608	161
570	161

