0.00000000	4.51573228	0.83189262	-1.66633640	1.81157446	0.66934040	0.87011449	2.50916052
0.00000000	3.54119602	1.77613810	-1.67083261	1.82405591	0.71171091	0.95581303	2.56677866
0.00000000	10.62133187	-4.45502683	-1.61238668	1.78265381	0.71795842	0.91129377	-2.57421350
0.00000000	11.94054704	3.20413238	-1.58513771	1.80377913	0.69526465	1.04094634	0.29927331
0.00000000	31.26545956	16.21272187	-0.73372195	1.94737792	0.63416566	0.66765500	0.91019642
0.00000000	12.59278247	2.85359684	-1.54805778	1.87183344	0.70641323	1.05031948	-0.14688526
0.00000000	7.94163503	-4.63911860	-1.63014684	1.78073406	0.67772905	0.98211946	-2.35085392
1.00000000	24.77468942	-19.21126717	-2.12664620	1.56960511	1.66947857	4.04799361	-3.12328076
1.00000000	22.25079787	4.46319078	-1.37801359	1.86046290	1.90728464	4.68232789	3.12601018
1.00000000	24.42907283	-13.76542041	-2.03845439	1.62056160	1.68621101	3.55801425	0.03477362
1.00000000	24.05129985	-16.30028235	-2.00292532	1.47861600	1.59386459	3.33690330	0.06663878
1.00000000	37.14352156	-0.77979439	-1.35704074	1.55058241	1.56227836	3.12857063	0.05967652
2.00000000	21.44465948	0.29452474	-1.49235938	1.78092539	0.68758805	1.89886972	0.03848469

455	489
375	458
486	417
563	439
455	137
375	142
486	147
563	144

150	615
68	559
277	479
364	513
150	123
68	131
277	141
364	137

956	280
926	284
869	277
899	273
956	156
926	155
869	157
899	158

389	268
431	267
435	275
389	276
389	162
431	163
435	161
389	161

222	196
237	196
244	196
229	197
222	152
237	152
244	152
229	151

434	260
471	261
450	268
409	267
434	157
471	157
450	155
409	155

1099	318
1085	327
978	314
997	306
1099	151
1085	149
978	151
997	153

1236	233
1184	233
1094	225
1138	225
1236	184
1184	184
1094	183
1138	183

476	225
408	225
448	217
503	217
476	158
408	158
448	162
503	162

956	226
1001	226
1068	233
1016	233
956	181
1001	181
1068	182
1016	182

1033	225
1076	225
1154	231
1105	231
1033	184
1076	184
1154	184
1105	184

602	200
630	200
637	202
605	202
602	172
630	172
637	171
605	171

583	222
605	222
607	226
583	226
583	165
605	165
607	164
583	164

