0.00000000	32.86816446	12.76871280	-0.81583331	1.89633489	0.78025021	0.89989767	-3.12885761
0.00000000	30.87459614	17.36707687	-0.64622186	1.93063760	0.65472467	0.49210744	0.95023710
0.00000000	40.53202679	11.73329353	-0.88914845	1.78105736	0.74747471	1.01992700	-0.00629606
0.00000000	18.34251504	6.62867396	-1.32125209	1.77338612	0.76365063	1.04047523	-0.01776333
0.00000000	40.84958779	19.24627706	-0.72185371	1.91715169	0.59816265	0.69606116	0.90844017
0.00000000	32.55966839	10.66470899	-0.90455554	1.73900318	0.80724170	1.25594916	0.24595344
1.00000000	24.08996130	-16.31489741	-1.95385490	1.45074332	1.56778505	3.32127182	0.07728848
1.00000000	24.79463878	-19.22891956	-2.09492413	1.52231097	1.64553947	3.85142220	-3.12042189
1.00000000	24.31406222	-13.78280991	-1.92948673	1.53624117	1.57601018	3.41309717	0.04509663
1.00000000	37.28055201	-0.78828209	-1.31353376	1.39338148	1.54956516	3.34622484	0.03690985
2.00000000	37.91765414	7.48862718	-1.10338805	1.69599390	0.68054631	1.71266010	0.85024977

331	196
314	196
321	196
338	196
331	155
314	155
321	155
338	155

191	195
206	195
212	195
196	195
191	150
206	151
212	150
196	150

393	193
406	193
401	194
388	194
393	162
406	162
401	162
388	162

338	228
367	228
352	230
321	230
338	160
367	160
352	159
321	159

259	192
269	192
275	192
265	192
259	159
269	159
275	159
265	158

361	197
380	197
378	198
359	198
361	160
380	160
378	159
359	159

1033	223
1074	223
1153	230
1106	230
1033	183
1074	183
1153	183
1106	183

1233	232
1182	232
1096	224
1139	224
1233	184
1182	184
1096	184
1139	184

960	223
1002	223
1068	229
1019	230
960	181
1002	181
1068	181
1019	181

603	199
631	199
636	201
605	201
603	174
631	174
636	173
605	173

448	198
458	197
478	198
467	198
448	166
458	166
478	166
467	165

