0.00000000	15.63773657	4.11868095	-1.51356874	1.73776984	0.76980034	0.80862265	0.69794613
0.00000000	37.45081048	11.76052094	-0.89867852	1.79317749	0.76883898	0.77785324	0.33471036
0.00000000	36.61811226	12.93994251	-0.78544424	1.89629412	0.76864824	0.84303955	-3.12497544
0.00000000	36.45295846	13.61695842	-0.74881552	1.90968919	0.72104217	0.85869988	-2.91708207
1.00000000	24.78994319	-19.22999244	-2.05957566	1.52874899	1.64991460	3.84735842	-3.11399841
1.00000000	24.05318210	-16.33375318	-1.94366107	1.43281460	1.57424321	3.34107562	0.08441531
1.00000000	24.31879546	-13.77797378	-1.92670832	1.51514864	1.59444103	3.43083990	0.05748636
1.00000000	37.16162882	-0.73925570	-1.32133482	1.46485758	1.54492683	3.26483250	0.06181257

390	245
423	243
440	246
406	248
390	166
423	166
440	165
406	165

371	195
387	195
387	195
372	195
371	161
387	161
387	161
372	161

356	194
341	194
346	193
361	193
356	156
341	156
346	157
361	157

343	193
328	193
331	193
345	193
343	156
328	155
331	156
345	156

1233	231
1183	231
1096	223
1139	223
1233	183
1183	183
1096	182
1139	182

1034	223
1075	223
1155	229
1108	230
1034	183
1075	183
1155	184
1108	184

959	223
1001	223
1068	229
1020	230
959	181
1001	181
1068	181
1020	181

601	199
629	199
636	201
605	201
601	172
629	172
636	172
605	172

