0.00000000	16.57854507	5.04074097	-1.46948455	1.69571078	0.74336646	0.86137150	0.55337840
0.00000000	41.07573409	10.11631865	-0.87318085	1.77794504	0.67731158	0.99470310	0.45934224
0.00000000	35.39912826	12.66976909	-0.80434309	1.88131297	0.73893384	0.75929188	-3.08454275
0.00000000	35.17671886	13.33255517	-0.76056121	1.94691873	0.73462199	0.76410472	-3.00632381
0.00000000	35.71337650	11.39960540	-0.90460871	1.74111068	0.74716328	0.78508854	0.00932377
0.00000000	40.61686365	18.04526480	-0.73553930	1.96294379	0.66958925	0.63093473	-1.56572950
0.00000000	41.08034686	14.20406291	-0.70971582	1.96293545	0.71657378	0.61765384	-0.40625224
0.00000000	30.89981832	17.50437084	-0.68187521	2.02987146	0.77301742	0.64301997	0.38455120
1.00000000	24.79550462	-19.21058830	-2.07317923	1.54844117	1.65635253	3.89528651	-3.12304497
1.00000000	24.06846599	-16.34070811	-1.95508627	1.43892550	1.58590831	3.34987515	0.06358134
1.00000000	24.31111336	-13.78659324	-1.92718271	1.50794673	1.60621483	3.41349777	0.02988982
1.00000000	37.16298655	-0.77307601	-1.33057926	1.48213208	1.55245348	3.22972505	0.04910383

365	240
397	238
407	241
374	242
365	167
397	167
407	166
374	166

420	193
432	192
436	193
424	193
420	162
432	162
436	162
424	161

353	195
338	195
343	194
358	194
353	156
338	156
343	157
358	157

339	194
323	194
327	194
342	194
339	154
323	154
327	155
342	155

371	196
385	196
381	196
366	196
371	161
385	161
381	161
366	161

295	192
289	192
278	192
284	192
295	158
289	157
278	157
284	158

356	191
365	191
358	191
348	191
356	157
365	157
358	156
348	157

189	196
210	196
208	196
187	196
189	149
210	149
208	149
187	148

1233	231
1182	231
1095	224
1138	224
1233	183
1182	183
1095	182
1138	182

1034	223
1076	223
1154	230
1106	230
1034	183
1076	183
1154	184
1106	184

960	223
1003	223
1068	229
1018	230
960	181
1003	181
1068	182
1018	182

602	200
630	200
636	201
605	201
602	172
630	172
636	172
605	172

