0.00000000	17.19387205	5.56945299	-1.43922530	1.67745006	0.74787422	0.91461571	-0.02649958
0.00000000	30.94771536	17.48042358	-0.68265365	2.00413227	0.72133674	0.59930659	0.46544144
0.00000000	34.63742106	12.41999676	-0.74655591	1.85220230	0.84374155	0.96711516	0.13129783
0.00000000	34.41554120	13.11386761	-0.72356699	1.87503350	0.80334403	0.92452584	3.10748458
0.00000000	40.50774574	18.53217577	-0.64395164	1.84842062	0.66276883	0.63652714	-1.98663211
1.00000000	24.79482450	-19.21813425	-2.07837168	1.52960610	1.65172800	3.85489997	-3.12163591
1.00000000	24.29271246	-13.77446902	-1.93722544	1.50846410	1.56224135	3.40075807	0.02684170
1.00000000	24.05335778	-16.31497019	-1.94628761	1.43090820	1.57439646	3.32354558	0.08295162
1.00000000	37.16133017	-0.77134183	-1.35406754	1.48191082	1.54712404	3.14670676	0.06339130
2.00000000	40.04462895	9.45758569	-0.95733164	1.72245824	0.64287280	1.43385561	0.97557080

363	235
393	235
380	239
348	239
363	167
393	167
380	166
348	166

190	196
209	196
209	196
189	196
190	150
209	150
209	149
189	149

341	193
359	193
354	194
336	194
341	156
359	156
354	155
336	155

336	194
319	194
327	193
343	193
336	154
319	154
327	155
343	155

286	191
276	191
268	191
278	191
286	158
276	158
268	158
278	158

1233	231
1182	231
1095	224
1139	224
1233	183
1182	183
1095	183
1139	183

961	223
1003	223
1067	230
1018	230
961	182
1003	182
1067	182
1018	182

1034	223
1075	223
1154	229
1107	230
1034	183
1075	183
1154	184
1107	184

602	200
630	200
636	202
605	202
602	173
630	173
636	172
605	172

422	194
430	194
448	194
440	195
422	164
430	164
448	164
440	163

