0.00000000	11.85114509	0.05560925	-1.54243932	1.80533111	0.88678465	0.88653596	2.99127817
1.00000000	24.11152689	-16.36858426	-1.92432271	1.42818952	1.57750861	3.37915013	0.07338448
1.00000000	24.77106546	-19.20786406	-2.05019770	1.52255929	1.64782483	3.85265821	-3.11956286
1.00000000	24.30591081	-13.78192400	-1.89195905	1.52065587	1.58184892	3.35917630	0.08680511
1.00000000	37.31041958	-0.85272287	-1.29374133	1.43872237	1.54616613	3.47519674	0.02974480

626	271
571	270
581	263
633	264
626	155
571	156
581	157
633	157

1034	222
1075	222
1155	229
1107	229
1034	183
1075	183
1155	183
1107	183

1233	230
1182	231
1096	223
1139	223
1233	183
1182	183
1096	182
1139	182

959	222
1000	222
1069	228
1022	228
959	180
1000	180
1069	180
1022	180

604	199
632	199
637	201
606	201
604	172
632	172
637	172
606	172

