0.00000000	10.22123789	-1.63073540	-1.56876741	1.77272844	0.87651603	0.97471781	-2.90555310
0.00000000	12.26710144	9.22145342	-1.33914516	1.86809254	0.69325433	1.23669764	3.05865932
0.00000000	37.69714205	14.88283057	-0.75460957	1.76136708	0.54459121	0.91413369	3.02976775
1.00000000	24.09735228	-16.36624336	-1.92951111	1.41954839	1.58005592	3.36353434	0.08088548
1.00000000	24.78007517	-19.19040931	-2.05639623	1.52837133	1.65621858	3.89018529	-3.12517524
1.00000000	37.37070184	-0.78941395	-1.31660197	1.40104198	1.53798147	3.36401306	0.02312925
1.00000000	24.32170416	-13.78388279	-1.91305385	1.52771831	1.60176440	3.38568217	0.07014696

768	286
707	289
682	279
737	277
768	155
707	154
682	157
737	157

47	263
6	263
71	255
107	255
47	146
6	147
71	150
107	150

322	193
312	193
321	193
331	193
322	159
312	159
321	160
331	160

1034	223
1075	222
1155	229
1108	229
1034	183
1075	183
1155	184
1108	184

1233	231
1181	231
1095	223
1138	223
1233	183
1181	183
1095	182
1138	182

603	199
631	199
635	201
605	201
603	174
631	174
635	173
605	173

959	223
1001	222
1069	229
1020	229
959	181
1001	181
1069	181
1020	181

