0.00000000	35.02302421	13.35087826	-0.76489876	1.94612908	0.71842859	0.74907573	-3.02385330
0.00000000	16.69275008	5.14940714	-1.48447345	1.67524290	0.71726277	0.82896391	0.54226655
0.00000000	40.86540875	10.01089247	-0.91875527	1.76264644	0.63269938	0.96437390	0.34966052
0.00000000	41.04693061	14.11622198	-0.72610901	1.92788863	0.73355178	0.60575695	-0.26638913
0.00000000	35.28137207	12.61100769	-0.81386147	1.92196405	0.72598293	0.70957675	-3.02984953
0.00000000	40.62419440	18.12052978	-0.70893858	1.96629155	0.65024174	0.60212800	-1.27118325
0.00000000	35.46347869	11.36613896	-0.90497873	1.78726935	0.80919854	0.77738934	0.12049567
0.00000000	30.89009837	17.49468854	-0.69312141	2.02885938	0.75455810	0.61066174	0.40319386
1.00000000	24.79246039	-19.20516365	-2.09531752	1.53834605	1.65398246	3.85853178	-3.12592125
1.00000000	24.06458102	-16.34040694	-1.95537458	1.46205604	1.57953799	3.36992709	0.08331504
1.00000000	37.15703362	-0.76515298	-1.32732938	1.49521279	1.56763321	3.19406422	0.03381088
1.00000000	24.30780059	-13.78728841	-1.94607155	1.53747845	1.58503150	3.42114725	0.04673111

337	194
321	194
326	194
341	194
337	154
321	154
326	155
341	155

362	240
393	239
403	241
371	243
362	168
393	169
403	168
371	168

422	193
433	193
435	194
424	194
422	163
433	163
435	163
424	162

356	191
367	191
361	191
349	191
356	158
367	158
361	157
349	157

354	195
339	195
342	195
358	195
354	156
339	156
342	156
358	156

292	192
290	192
279	192
280	192
292	157
290	157
279	157
280	157

368	196
385	196
382	196
365	196
368	160
385	160
382	160
365	160

190	196
209	196
208	196
187	196
190	149
209	150
208	149
187	149

1232	232
1181	232
1095	224
1139	224
1232	184
1181	184
1095	183
1139	183

1034	223
1075	223
1155	230
1108	230
1034	183
1075	183
1155	183
1108	183

602	200
631	199
636	201
604	201
602	172
631	172
636	171
604	171

960	223
1002	223
1068	230
1020	230
960	181
1002	181
1068	181
1020	181

