0.00000000	8.40333324	-4.08321054	-1.63410733	1.73165476	0.76559084	0.96433978	-2.27314687
0.00000000	31.27407024	16.21510104	-0.72701643	1.94726419	0.63691167	0.70611968	0.93366641
0.00000000	12.60773006	1.76720870	-1.59685526	1.69559407	0.75755276	1.03184244	-2.42516136
0.00000000	8.99117997	-4.45955678	-1.65041409	1.67406702	0.68141426	0.94559546	-2.17231488
0.00000000	11.48529304	2.74716427	-1.59249757	1.80637217	0.73383074	1.06884398	-1.40381002
0.00000000	3.58189313	1.11486284	-1.67299829	1.78050661	0.76638397	0.93478043	2.70025516
0.00000000	12.13236232	2.41707752	-1.57662366	1.82903171	0.77419563	1.06265835	-2.47841144
0.00000000	4.48163842	0.11928960	-1.68699823	1.76919460	0.69199134	0.94468139	2.60088730
0.00000000	10.02383985	-4.64224313	-1.63892756	1.71211624	0.66745720	0.93175439	-2.61286902
1.00000000	24.82891585	-19.21766620	-2.14222316	1.57983184	1.69843325	4.02925830	-3.13112020
1.00000000	20.63384433	4.37033051	-1.42617414	1.93243468	1.94113615	4.77153533	-3.09742427
1.00000000	24.06772312	-16.37446316	-2.02228288	1.44834614	1.59317945	3.36990231	0.07800078
1.00000000	24.32212579	-13.75983389	-1.98149560	1.50979209	1.59192995	3.40672324	0.07773264
1.00000000	37.26697219	-0.74525632	-1.34194396	1.53286219	1.58341715	3.37113299	0.05011135
1.00000000	33.35806947	5.80085955	-1.32905791	1.68413496	1.59975416	4.43597656	-2.97040844
2.00000000	20.73388100	-16.06434521	-1.97599481	1.67312372	0.68163229	1.77202899	0.80552387

1019	309
1005	319
910	309
930	300
1019	158
1005	156
910	158
930	159

221	196
236	196
244	196
229	196
221	152
236	152
244	152
229	151

539	267
502	271
470	265
506	262
539	168
502	168
470	168
506	169

1017	301
1012	309
924	301
934	294
1017	165
1012	163
924	165
934	165

467	272
466	278
394	279
400	273
467	162
466	160
394	160
400	161

362	605
225	558
382	475
500	503
362	134
225	139
382	148
500	145

497	270
454	274
426	267
467	264
497	159
454	158
426	160
467	160

601	497
495	468
586	419
680	438
601	147
495	150
586	155
680	153

992	289
962	293
899	284
929	281
992	162
962	161
899	162
929	163

1235	233
1182	233
1093	225
1138	225
1235	184
1182	184
1093	183
1138	183

475	232
398	232
434	221
495	221
475	156
398	155
434	161
495	161

1034	225
1076	225
1156	232
1109	232
1034	185
1076	185
1156	186
1109	186

958	225
1000	224
1068	231
1020	231
958	183
1000	183
1068	183
1020	183

601	200
630	200
636	202
604	202
601	172
630	172
636	171
604	171

498	207
461	207
463	204
496	203
498	168
461	168
463	170
496	170

1121	234
1124	233
1201	236
1199	238
1121	177
1124	178
1201	177
1199	177

