0.00000000	11.65199656	0.74977875	-1.61314056	1.70934987	0.77335097	1.06810974	-2.26162815
0.00000000	31.29824588	16.21860705	-0.78028093	1.90572333	0.64657385	0.72403762	0.38153842
0.00000000	11.16026703	1.38470248	-1.57371042	1.87564874	0.71738315	1.10908496	-2.26879883
0.00000000	9.59225203	-2.81208189	-1.59901140	1.76976681	0.83211417	1.06571913	-2.16386318
0.00000000	8.92491843	-5.56962365	-1.67097626	1.78892565	0.76431350	0.99593730	-2.30772185
0.00000000	4.05422637	-1.26295592	-1.67353306	1.75090170	0.63203765	1.20034398	2.90452838
1.00000000	24.06009122	-16.33283151	-2.00135217	1.43246818	1.57224254	3.28819187	0.12064732
1.00000000	24.76323278	-19.16978610	-2.11235557	1.55187762	1.67014175	3.85124150	-3.12079310
1.00000000	17.12383220	4.35119930	-1.38711021	1.94969845	1.85590010	4.69296167	-3.08326530
1.00000000	37.15940526	-0.76531862	-1.35615156	1.55240834	1.56319330	3.16949424	0.02013012
1.00000000	24.48441857	-13.84647018	-2.10345296	1.57375181	1.70035300	3.50578898	0.04758446
2.00000000	3.38636825	-0.29062472	-1.66590236	1.72868490	0.59049878	1.56442256	3.01506329
2.00000000	4.05422637	-1.26295592	-1.67353306	1.75090170	0.63203765	1.20034398	2.90452838

600	274
568	279
519	273
552	269
600	167
568	166
519	167
552	168

226	197
242	197
240	198
224	198
226	154
242	154
240	154
224	153

558	277
524	282
474	275
509	271
558	153
524	152
474	154
509	155

871	290
855	299
771	291
792	283
871	156
855	154
771	156
792	157

1119	303
1110	312
1011	302
1025	294
1119	155
1110	154
1011	156
1025	157

944	541
794	525
789	433
897	442
944	139
794	141
789	152
897	151

1033	225
1073	224
1155	231
1110	231
1033	185
1073	185
1155	185
1110	185

1232	232
1181	233
1095	225
1139	225
1232	184
1181	184
1095	183
1139	183

445	243
353	243
404	228
473	228
445	148
353	148
404	156
473	156

603	200
631	200
635	202
604	202
603	171
631	171
635	171
604	171

957	227
1002	227
1069	235
1017	235
957	184
1002	184
1069	185
1017	185

773	676
589	660
631	468
740	474
773	134
589	136
631	153
740	153

944	541
794	525
789	433
897	442
944	139
794	141
789	152
897	151

