0.00000000	10.64224243	-0.24382692	-1.57819245	1.70714152	0.75837836	1.03660234	-2.59076023
0.00000000	10.72028687	-1.62173070	-1.59319077	1.81952477	0.83675306	1.06956825	-2.50543523
0.00000000	11.46821223	-2.07392040	-1.59057067	1.73609281	0.80343477	1.10859581	-2.27941227
0.00000000	31.29711904	16.17735813	-0.84378145	1.93330216	0.65824993	0.63876439	-0.12689379
0.00000000	3.04675604	-1.58025842	-1.70255659	1.77900338	0.67130092	0.92363318	0.45855060
0.00000000	9.51553018	0.67604466	-1.59133432	1.79345059	0.71217739	0.99205853	-2.89307070
0.00000000	10.09201941	0.39774493	-1.60132311	1.73278213	0.71397832	1.05698658	-2.56839848
0.00000000	8.01199612	-6.79068063	-1.62524746	1.79706657	0.76838175	1.01213753	-2.23845816
1.00000000	13.18139779	4.25313146	-1.47570465	1.94719660	1.83129515	4.77491429	-3.10619473
1.00000000	24.79056559	-19.14899412	-2.09424166	1.56439602	1.69807829	3.81973009	-3.13346910
1.00000000	24.32814397	-13.77576527	-2.00414030	1.52484632	1.59352908	3.39844007	0.09910040
1.00000000	37.37504357	-0.76845320	-1.28479681	1.36298180	1.50766404	3.37394445	0.10335808
1.00000000	24.05100120	-16.36618752	-2.02896510	1.42177558	1.64717342	3.53301826	0.12898968
2.00000000	25.06991939	-3.82648769	-1.60071276	1.78345096	0.65500544	1.69910600	3.10115433
2.00000000	20.44514480	-14.36380964	-2.04754839	1.63600338	0.75543021	1.95257789	0.87504578

665	282
621	286
583	278
625	274
665	162
621	162
583	163
625	164

764	281
723	286
671	277
711	273
764	155
723	153
671	156
711	157

782	272
757	277
694	271
721	266
782	161
757	160
694	161
721	162

232	199
246	199
236	199
222	199
232	155
246	155
236	154
222	154

870	559
975	525
1218	640
1105	703
870	139
975	143
1218	130
1105	123

590	300
533	302
522	290
574	288
590	155
533	155
522	158
574	158

621	291
575	295
537	285
580	281
621	162
575	161
537	163
580	164

1290	312
1301	323
1172	311
1171	302
1290	147
1301	144
1172	147
1171	149

387	274
262	275
361	245
447	245
387	143
262	143
361	155
447	155

1230	232
1178	232
1094	224
1139	224
1230	183
1178	183
1094	182
1139	182

958	225
999	225
1069	232
1022	232
958	183
999	183
1069	184
1022	184

601	199
628	199
637	200
607	200
601	174
628	174
637	173
607	173

1031	225
1072	225
1161	232
1114	233
1031	186
1072	186
1161	187
1114	187

726	220
707	220
702	217
720	218
726	167
707	167
702	168
720	168

1066	238
1070	237
1153	240
1151	242
1066	182
1070	182
1153	182
1151	182

