0.00000000	11.08891337	-3.83910380	-1.55823825	1.67872691	0.69262691	0.83227612	-2.84427404
0.00000000	21.32300076	9.02909229	-1.21755038	1.77270722	0.74035047	1.19193792	3.12113714
0.00000000	11.36089752	-4.35853004	-1.56158255	1.70871115	0.65387236	0.80010624	3.10094881
0.00000000	30.56138691	17.22918059	-0.72416995	2.01534200	0.73986877	0.47580976	0.56516999
0.00000000	17.92812222	4.44843644	-1.42713902	1.78161573	0.70224538	0.98594435	0.32120582
0.00000000	21.65963524	8.51084057	-1.25609766	1.79030240	0.77908925	1.16033970	0.33127657
0.00000000	27.99700436	13.58468407	-0.89164494	1.87076378	0.75124486	0.92839889	-3.13563085
1.00000000	37.15013956	-0.79572326	-1.38191102	1.48562229	1.51398715	3.03037606	0.01234272
1.00000000	24.77617264	-19.19130777	-2.07703684	1.55088282	1.66871124	3.93006425	-3.12510443
1.00000000	24.05314696	-16.40553035	-1.91729371	1.42838585	1.60142936	3.34879630	0.07508306
1.00000000	24.30499729	-13.77949464	-1.91466532	1.48525977	1.58524576	3.40600265	0.06206446
2.00000000	21.65958756	-2.26227861	-1.49720285	1.80970645	0.68847176	1.96194570	0.75958800

896	274
856	276
822	269
860	267
896	160
856	160
822	161
860	162

304	220
278	220
297	218
321	218
304	159
278	159
297	160
321	160

917	272
873	272
856	265
897	266
917	158
873	158
856	160
897	160

190	197
210	197
211	197
191	197
190	150
210	150
211	150
191	149

410	232
439	232
442	234
413	235
410	162
439	162
442	161
413	161

309	219
336	218
335	220
307	221
309	160
336	161
335	160
307	159

260	202
241	202
253	202
272	202
260	154
241	154
253	155
272	155

604	201
632	201
635	202
605	202
604	173
632	173
635	173
605	173

1234	231
1182	231
1094	224
1138	224
1234	183
1182	183
1094	182
1138	182

1036	222
1078	222
1157	228
1109	229
1036	183
1078	182
1157	183
1109	183

959	223
1001	222
1068	229
1020	229
959	182
1001	182
1068	182
1020	182

648	222
663	221
712	224
698	225
648	163
663	164
712	162
698	162

