0.00000000	30.86723277	15.96993898	-0.81987379	1.89316940	0.63946377	0.61970353	2.96106339
0.00000000	16.89385364	5.69303663	-1.44897888	1.75979924	0.77391541	1.02231534	-2.53167224
0.00000000	17.59933672	5.21191547	-1.43931613	1.76686752	0.78959716	0.97295007	-2.40437698
0.00000000	30.06466564	16.82570608	-0.77777527	1.92038190	0.67305612	0.51374330	0.32254255
0.00000000	12.27508972	-0.37365211	-1.55783151	1.79010677	0.80327548	0.97535511	-2.36094093
0.00000000	16.61472572	-4.20338731	-1.57354281	1.75552058	0.64703250	0.89336328	2.68492413
0.00000000	16.47773793	-3.47799502	-1.55589006	1.78733397	0.67007526	0.91038487	2.90712976
0.00000000	36.59121363	-3.90761275	-1.45812665	1.82540441	0.72863212	0.81057698	-0.42366615
1.00000000	24.12003467	-16.38137228	-1.95235316	1.43437362	1.57312123	3.30580096	0.06423133
1.00000000	24.78704202	-19.19510365	-2.08044348	1.53274548	1.66228084	3.87890464	-3.12112188
1.00000000	24.31595702	-13.79024731	-1.94805489	1.49887860	1.61207005	3.40438548	0.06034105
1.00000000	37.63560747	-0.58276528	-1.31415651	1.38613272	1.60881595	3.80079370	0.01941798
2.00000000	40.24726717	9.47910861	-1.07362817	1.67920375	0.73791852	1.77843492	-0.14338997

235	199
222	199
232	198
245	198
235	154
222	154
232	155
245	155

385	239
351	241
339	238
372	236
385	163
351	163
339	164
372	164

416	236
385	237
367	235
397	233
416	163
385	162
367	163
397	164

196	198
214	198
211	199
193	199
196	153
214	153
211	153
193	152

665	265
633	269
591	264
623	260
665	158
633	157
591	159
623	160

798	241
769	240
777	238
805	239
798	163
769	163
777	164
805	164

772	242
741	241
743	238
772	238
772	161
741	161
743	162
772	162

675	202
689	202
684	203
670	203
675	167
689	167
684	167
670	167

1035	223
1077	223
1154	229
1106	230
1035	183
1077	183
1154	184
1106	184

1233	231
1182	231
1095	224
1138	224
1233	183
1182	183
1095	183
1138	183

959	224
1002	223
1069	230
1020	230
959	182
1002	182
1069	183
1020	183

599	199
628	199
632	201
600	201
599	174
628	174
632	173
600	173

435	196
447	196
436	197
423	197
435	167
447	167
436	166
423	166

