0.00000000	8.12066041	-4.42474641	-1.63412617	1.74737275	0.71052329	0.97061694	-2.30930805
0.00000000	11.79871434	3.05417211	-1.55391417	1.85581398	0.66652478	1.03961190	0.02378651
0.00000000	31.26346939	16.22663046	-0.70408009	2.01344919	0.66422483	0.69825171	0.92392927
0.00000000	4.49309537	0.55478749	-1.69059597	1.78984785	0.67829403	0.93549733	2.55688000
0.00000000	12.77093134	2.11002199	-1.57921288	1.74119318	0.67827615	1.00371932	-2.43518376
0.00000000	8.81061491	-4.75407400	-1.61154650	1.67755067	0.68728492	0.94263444	-2.22771573
0.00000000	3.58648237	1.52957063	-1.66606842	1.78964019	0.68349885	0.94613700	2.48945808
0.00000000	10.40462695	-4.56407698	-1.60566924	1.77279806	0.74563513	0.92721581	-2.22508073
0.00000000	12.43274839	2.72773442	-1.57634733	1.81356204	0.65308554	1.04591329	-1.27788782
0.00000000	28.67221581	-3.70837011	-1.56801484	1.76284051	0.72320111	1.01558645	2.50446439
1.00000000	24.75164062	-19.22171932	-2.16107039	1.53491831	1.66769451	3.92109689	-3.10316658
1.00000000	24.03969012	-16.35581067	-2.00861857	1.43553209	1.56420689	3.28992072	0.07091913
1.00000000	24.47590828	-13.79014818	-2.03759323	1.61740601	1.64761010	3.39985427	0.03926789
1.00000000	21.46125844	4.25385676	-1.43741200	1.85679913	1.75496952	4.30197684	-3.02722692
1.00000000	37.15198667	-0.70690858	-1.39208041	1.56892300	1.55540626	3.17797253	0.05708918
2.00000000	22.48020674	0.36570900	-1.49381910	1.78249097	0.64691203	1.84934578	-0.04659215

1066	314
1053	324
951	312
970	304
1066	155
1053	153
951	155
970	157

405	267
445	267
431	275
388	275
405	157
445	157
431	155
388	155

221	196
236	195
244	196
228	196
221	150
236	150
244	150
228	149

510	497
418	467
525	420
610	441
510	145
418	148
525	154
610	151

518	265
484	268
455	263
488	260
518	165
484	164
455	165
488	166

1052	300
1045	308
954	300
965	293
1052	160
1045	159
954	160
965	162

210	603
139	547
335	475
415	511
210	131
139	138
335	146
415	142

967	280
956	286
885	280
899	275
967	156
956	155
885	156
899	157

475	263
480	268
416	270
414	266
475	161
480	161
416	160
414	161

698	213
682	213
695	212
710	212
698	168
682	169
695	169
710	169

1236	234
1185	234
1095	226
1138	226
1236	186
1185	186
1095	185
1138	185

1036	225
1077	225
1155	231
1108	232
1036	185
1077	185
1155	186
1108	186

957	226
1001	226
1065	232
1015	233
957	181
1001	181
1065	182
1015	182

488	229
422	229
440	220
495	220
488	160
422	160
440	164
495	164

601	201
629	201
635	203
604	203
601	172
629	172
635	171
604	171

584	220
604	220
601	224
580	224
584	166
604	166
601	165
580	165

