0.00000000	31.30629690	16.20025133	-0.76298306	1.95480990	0.59181448	0.46258996	2.12868834
0.00000000	14.56238722	5.77872427	-1.44212435	1.76324511	0.63880215	0.90408215	-1.47032154
0.00000000	15.39649587	5.07966594	-1.47451232	1.69955468	0.65596151	0.84961739	2.84640932
0.00000000	15.17804798	5.71404005	-1.43595884	1.75503540	0.66207647	0.93749205	-2.46302676
0.00000000	14.24393026	-4.21608624	-1.54340361	1.75404716	0.59538052	0.80010899	-3.08244920
0.00000000	35.46128022	-21.12211773	-1.97521232	1.86188269	0.77641928	0.84486815	1.55999923
1.00000000	24.78767696	-19.20325254	-2.06799016	1.53773701	1.65013232	3.89222283	-3.11148906
1.00000000	24.05315198	-16.38089920	-1.95688091	1.44158244	1.59046854	3.40034648	0.05285808
1.00000000	36.56333873	4.72975530	-1.23693893	1.65310085	1.72832451	4.22315629	3.10819769
1.00000000	24.43637095	-13.79581251	-1.99614285	1.54966927	1.66737531	3.62833080	0.06734192
1.00000000	37.25721962	-0.78038165	-1.35720680	1.39296198	1.55638958	3.33846149	0.02886895
1.00000000	45.62436154	2.42853918	-1.14348326	1.48961759	1.65635457	4.26182088	0.18727043
2.00000000	6.09695284	1.88933423	-1.58491920	1.65259778	0.57688450	1.60251636	0.19980472

228	197
227	197
239	197
240	197
228	152
227	152
239	153
240	152

346	247
337	250
289	250
300	247
346	161
337	160
289	160
300	161

368	248
341	247
366	243
392	244
368	165
341	166
366	166
392	166

357	246
324	248
310	244
341	243
357	161
324	161
310	162
341	162

842	251
812	251
798	247
827	247
842	159
812	159
798	160
827	160

1024	210
1015	209
1032	209
1042	210
1024	172
1015	172
1032	172
1042	172

1233	231
1183	231
1094	224
1138	224
1233	183
1183	183
1094	182
1138	182

1035	223
1078	223
1157	230
1108	230
1035	183
1078	183
1157	184
1108	184

522	202
486	202
502	199
533	199
522	167
486	167
502	169
533	169

955	224
999	224
1070	231
1020	232
955	182
999	182
1070	182
1020	183

603	200
631	200
636	202
605	202
603	174
631	174
636	174
605	174

549	193
573	193
583	194
557	194
549	171
573	171
583	170
557	170

355	345
420	342
408	392
322	397
355	165
420	165
408	161
322	160

