0.00000000	37.94115468	13.05598209	-0.79027842	1.86263299	0.74118391	0.83460714	0.01147314
0.00000000	14.71300627	3.04411085	-1.53263877	1.77778733	0.83747153	0.93290053	0.68254632
0.00000000	37.66250861	13.93510417	-0.75567673	1.93094635	0.69298187	0.76084270	-2.88541317
0.00000000	39.24227514	12.12340405	-0.78770588	1.84651256	0.78137548	0.87609589	0.22891788
1.00000000	24.77489522	-19.21459499	-2.06542430	1.51992571	1.64474845	3.83441385	-3.11053610
1.00000000	24.06157192	-16.34625134	-1.94205986	1.42856073	1.57461590	3.32555959	0.05821874
1.00000000	24.31911920	-13.77479026	-1.91569231	1.52089357	1.60127878	3.45748130	0.05403949
1.00000000	37.25843931	-0.79485994	-1.30908857	1.41333079	1.52080875	3.25886356	0.04171446

354	193
367	193
362	193
348	193
354	158
367	158
362	158
348	158

426	250
463	247
485	251
447	254
426	163
463	164
485	163
447	162

346	193
331	193
333	193
347	193
346	156
331	156
333	156
347	156

376	192
391	192
390	192
375	192
376	159
391	159
390	159
375	158

1233	231
1183	231
1096	224
1139	224
1233	183
1183	183
1096	183
1139	183

1035	223
1077	223
1154	229
1106	229
1035	183
1077	183
1154	184
1106	184

959	223
1001	222
1069	229
1020	229
959	181
1001	181
1069	181
1020	181

603	199
631	199
636	201
606	201
603	173
631	173
636	173
606	173

