0.00000000	24.28442303	10.40709144	-1.13774536	1.89156365	0.73158561	1.04302458	-3.08298278
0.00000000	31.28187280	16.21669217	-0.78445790	1.94242239	0.61823506	0.48411975	0.81298321
0.00000000	23.67153670	10.89626362	-1.12350319	1.91837549	0.72412005	1.07904626	-3.11599874
0.00000000	24.29448931	9.57450114	-1.18298624	1.86777627	0.77956852	1.10519473	-3.11929369
1.00000000	24.06722370	-16.32298545	-1.94641886	1.44172096	1.57073470	3.34999185	0.09031706
1.00000000	24.76928360	-19.22591172	-2.07807408	1.52148771	1.65540686	3.88251763	-3.12994027
1.00000000	24.41371366	-13.78968013	-2.00900064	1.56615043	1.63049682	3.49597115	0.05871049
1.00000000	37.38717280	-0.78990334	-1.29953287	1.43050981	1.58541642	3.55536467	0.04408800
2.00000000	14.82800057	-0.02195961	-1.52767513	1.72530174	0.70983399	1.91753271	0.30650204

302	213
280	213
292	211
313	211
302	156
280	156
292	157
313	157

223	198
238	197
242	197
227	198
223	153
238	153
242	153
227	153

278	213
255	213
270	212
292	212
278	154
255	154
270	155
292	155

327	214
303	214
316	212
339	212
327	157
303	157
316	158
339	158

1033	223
1074	223
1154	229
1108	230
1033	183
1074	183
1154	183
1108	183

1234	231
1182	231
1096	224
1140	224
1234	184
1182	184
1096	183
1140	183

957	225
1000	225
1068	232
1019	232
957	182
1000	182
1068	182
1019	182

602	199
631	199
637	201
605	201
602	173
631	173
637	172
605	172

577	244
608	243
639	252
604	253
577	164
608	165
639	163
604	162

