0.00000000	30.47369154	16.96734428	-0.77051399	1.93260288	0.69944184	0.46455558	0.59733033
0.00000000	26.09150033	10.93841352	-1.04374240	1.79026961	0.63946145	0.85763900	-3.04655838
0.00000000	23.94785379	11.08392916	-1.08857022	1.83200598	0.71062955	1.04150913	-3.11747026
0.00000000	26.33914697	10.17245744	-1.10625504	1.75842524	0.66977308	0.90292229	-3.08180428
0.00000000	26.99906199	13.11717786	-0.94525383	1.84335029	0.66909351	0.97868654	-3.09488940
1.00000000	24.77058109	-19.22183915	-2.11014579	1.54468775	1.67783609	3.90658943	-3.10884833
1.00000000	24.05603057	-16.35715836	-1.95800308	1.46424913	1.59000221	3.33879716	0.08429694
1.00000000	24.31478751	-13.78415635	-1.92226789	1.53406918	1.59287892	3.39889056	0.04160282
1.00000000	37.26726331	-0.75614327	-1.28730665	1.45795488	1.58018407	3.35055590	0.01919083
2.00000000	40.00739549	4.84314718	-1.30502425	1.75052428	0.65296273	1.68960596	2.95804453
2.00000000	26.13932208	2.79521189	-1.38095675	1.87472928	0.70539776	1.62090643	0.04293147
2.00000000	25.21466205	-0.40608958	-1.41563402	1.92662811	0.61754259	2.09542199	0.08117642

195	198
214	198
215	198
196	198
195	153
214	153
215	153
196	152

309	207
290	208
298	207
316	207
309	158
290	158
298	158
316	158

276	212
254	212
268	211
289	211
276	156
254	156
268	157
289	157

333	209
314	209
322	208
340	208
333	160
314	160
322	161
340	161

259	205
241	205
253	204
270	204
259	155
241	155
253	156
270	156

1235	232
1184	233
1095	225
1138	225
1235	184
1184	184
1095	183
1138	183

1034	223
1076	223
1156	230
1108	230
1034	183
1076	183
1156	183
1108	183

960	223
1003	223
1068	229
1019	229
960	181
1003	181
1068	181
1019	181

602	199
631	199
635	200
603	200
602	172
631	172
635	171
603	171

518	200
507	200
516	199
527	199
518	168
507	168
516	169
527	169

519	212
538	212
536	214
516	214
519	163
538	163
536	161
516	161

604	213
621	213
628	216
609	216
604	161
621	161
628	159
609	159

