0.00000000	30.54881849	17.00615883	-0.69002817	1.95468211	0.68849137	0.44918449	0.80015260
0.00000000	27.70750146	11.45468260	-1.04182671	1.88671517	0.71621874	0.96006903	-3.03804088
0.00000000	32.84269634	13.03112381	-0.86447165	1.83843422	0.77199599	0.89046092	0.07456046
0.00000000	27.92575234	10.71792151	-1.08521042	1.87176454	0.72817591	0.93455879	-3.07505369
0.00000000	22.68519903	10.04263978	-1.13702164	1.84871042	0.71830750	1.19954316	-3.11127734
0.00000000	25.54148122	8.81844822	-1.21976731	1.80100322	0.80057861	0.98619116	0.20293498
1.00000000	24.09160765	-16.36976568	-1.95093904	1.42741275	1.57667163	3.33855623	0.07744483
1.00000000	24.79955021	-19.20020518	-2.07216285	1.53243923	1.66411478	3.83132131	-3.12449527
1.00000000	24.30189785	-13.77963643	-1.92226938	1.50975275	1.58162776	3.39163134	0.05397332
1.00000000	37.31428448	-0.76316783	-1.30862735	1.45960617	1.58223588	3.45752051	0.02401712
2.00000000	40.03339065	6.53973379	-1.19219730	1.69585526	0.69949972	1.72162291	3.05720973
2.00000000	28.68104483	3.99226891	-1.39093254	1.92166591	0.79875251	1.89157364	-2.97281504

195	196
212	196
216	196
198	196
195	150
212	151
216	150
198	150

314	206
294	206
302	205
321	205
314	156
294	156
302	157
321	157

315	197
332	197
326	198
308	198
315	158
332	158
326	157
308	157

335	206
315	206
323	206
342	206
335	158
315	158
323	158
342	158

290	215
266	215
283	213
305	213
290	155
266	155
283	156
305	156

347	211
370	211
367	212
343	213
347	162
370	162
367	161
343	161

1034	223
1076	223
1155	229
1108	230
1034	183
1076	183
1155	184
1108	184

1232	231
1180	231
1095	224
1139	224
1232	183
1180	183
1095	183
1139	183

960	223
1002	223
1068	229
1020	229
960	181
1002	181
1068	181
1020	181

602	199
631	199
635	201
604	201
602	172
631	172
635	172
604	172

489	198
477	198
485	197
497	198
489	167
477	167
485	168
497	168

515	212
495	212
494	210
513	210
515	162
495	162
494	163
513	163

