0.00000000	40.27629902	10.40810535	-0.97359667	1.71755850	0.69732941	1.13999295	-0.37061921
0.00000000	31.69326029	11.65920559	-0.85938786	1.79036224	0.90725563	1.44126274	0.10164151
0.00000000	30.69742102	10.40572618	-0.95703993	1.75238180	0.71875218	1.07224913	-0.04942535
0.00000000	30.72991371	17.46009525	-0.60174344	1.99416518	0.66843103	0.50220933	0.55716622
0.00000000	19.44751990	7.55526392	-1.31105516	1.83140564	0.75896367	1.23209710	3.12405038
1.00000000	24.07704153	-16.35691869	-1.92950092	1.43409610	1.58251430	3.33133810	0.07510360
1.00000000	24.78242171	-19.22069600	-2.06571517	1.51829147	1.66324816	3.89572727	-3.13866997
1.00000000	24.32003523	-13.77231071	-1.91054414	1.50332880	1.59637740	3.35986050	0.07534753
1.00000000	37.28001494	-0.83331058	-1.34116886	1.45942795	1.55066550	3.33340890	0.09165498
2.00000000	35.73337103	6.07288762	-1.34484694	1.77857137	0.64879785	1.82850926	0.23714364

420	195
430	195
418	195
408	195
420	165
430	165
418	164
408	164

335	197
355	197
347	198
325	198
335	158
355	158
347	157
325	157

358	200
374	200
365	201
348	201
358	160
374	160
365	159
348	159

188	194
206	194
206	194
188	194
188	148
206	148
206	148
188	147

330	228
301	228
321	225
348	225
330	158
301	158
321	159
348	159

1034	223
1076	222
1155	229
1107	229
1034	183
1076	183
1155	183
1107	183

1233	231
1181	231
1096	224
1140	223
1233	183
1181	183
1096	183
1140	183

959	223
1001	222
1068	229
1020	229
959	181
1001	181
1068	181
1020	181

602	200
630	200
639	201
608	202
602	173
630	173
639	172
608	172

475	203
487	203
490	204
477	204
475	168
487	168
490	168
477	168

