0.00000000	6.45986482	-3.78579090	-1.69272898	1.84634805	0.73739400	1.05199845	-2.28714466
0.00000000	29.95867478	16.94561808	-0.70538590	1.90827346	0.65764463	0.54987943	0.67768407
0.00000000	9.70237255	-3.45367130	-1.59637115	1.81590796	0.91961952	0.97329907	3.05040002
0.00000000	5.66177870	-3.64012718	-1.72549496	1.87269711	0.74591841	1.07331817	-2.17749095
0.00000000	31.26973604	16.21403694	-0.72980760	1.89452910	0.57800318	0.56704189	1.81496072
0.00000000	15.81788941	2.92188494	-1.50115488	1.78295767	0.73231663	0.85509263	0.40296483
0.00000000	15.14813147	3.32172544	-1.52288328	1.72697330	0.73659859	0.89169490	0.44851646
0.00000000	19.68297707	-3.51140876	-1.58145557	1.79478729	0.71297547	1.00186279	0.48686191
0.00000000	19.70807628	-4.21045077	-1.63148842	1.78105330	0.72538759	1.05147205	0.51769787
0.00000000	6.97886818	-4.30452573	-1.68619285	1.75228047	0.68459699	0.93063461	-2.28946567
1.00000000	24.08589313	-16.31916510	-2.00969837	1.54146934	1.66336878	3.45533114	0.09597414
1.00000000	24.76081095	-19.17656346	-2.14419995	1.56957328	1.69976887	3.90455566	-3.10345316
1.00000000	24.53091521	-13.85575847	-2.06491570	1.61416721	1.71767536	3.50973637	0.05905988
1.00000000	37.32103549	-0.77083487	-1.30692349	1.35718513	1.51259272	3.45356339	0.03558745
2.00000000	33.50257121	5.07416223	-1.35184811	1.73368096	0.70501707	1.62549897	-3.07267618

1124	360
1114	378
967	356
988	342
1124	145
1114	142
967	146
988	149

189	197
207	197
209	197
191	197
189	151
207	152
209	151
191	151

916	295
840	294
823	283
891	284
916	150
840	150
823	153
891	153

1178	390
1189	417
1005	390
1014	368
1178	142
1189	137
1005	142
1014	146

224	196
227	196
242	196
238	196
224	153
227	153
242	153
238	153

451	243
484	241
493	245
459	246
451	163
484	163
493	162
459	162

425	247
459	245
470	249
434	251
425	166
459	166
470	165
434	165

711	229
732	229
755	231
734	232
711	165
732	165
755	164
734	164

735	231
755	230
782	232
761	233
735	167
755	167
782	166
761	166

1130	344
1122	358
1001	341
1017	330
1130	157
1122	155
1001	157
1017	159

1030	225
1073	225
1157	231
1108	232
1030	182
1073	182
1157	182
1108	182

1234	233
1183	234
1093	226
1137	226
1234	184
1183	184
1093	184
1137	184

956	226
1001	226
1069	233
1017	233
956	182
1001	182
1069	183
1017	183

603	199
630	199
635	201
605	201
603	174
630	174
635	174
605	174

502	206
486	206
490	205
504	205
502	168
486	168
490	168
504	168

