0.00000000	13.65659237	1.79612511	-1.52479527	1.76552153	0.80095788	1.00870164	-2.49916220
0.00000000	31.27701408	16.25409126	-0.73511169	1.92203391	0.59275113	0.50538806	1.74416578
0.00000000	8.13869301	-2.99360376	-1.66277717	1.73522067	0.82682481	0.98937444	-2.44976568
0.00000000	14.38745323	1.29204800	-1.50626586	1.72296572	0.76980834	0.98788534	-2.52964592
0.00000000	30.63949786	17.08788621	-0.68753217	1.91600072	0.64340963	0.54387642	0.81077093
0.00000000	7.91816084	-5.64061842	-1.68141339	1.87726307	0.84069583	1.07610037	-2.34467340
0.00000000	7.75702125	-2.34183763	-1.66738079	1.77667093	0.80607753	1.03314778	-2.47351956
0.00000000	22.10283279	-3.71890068	-1.57245408	1.82793856	0.64473344	0.98119457	0.26975387
0.00000000	6.92444412	-2.25724170	-1.70026742	1.83947086	0.75654819	1.01552449	-2.37425137
1.00000000	24.78177924	-19.18897629	-2.08793281	1.55851388	1.65451342	3.86432096	-3.09469223
1.00000000	37.35108376	-0.75126196	-1.32822011	1.41285634	1.52115492	3.41729334	-0.05865469
1.00000000	24.31265680	-13.78625945	-2.02348779	1.55067468	1.64903167	3.41986104	0.06880246
1.00000000	24.06096709	-16.28796301	-1.99913559	1.45838428	1.58113304	3.24661983	0.07567389
2.00000000	28.05124584	2.67604778	-1.41301320	1.85139751	0.72252813	1.92230956	-2.92377949

543	256
504	259
479	254
515	252
543	161
504	160
479	162
515	162

223	197
228	196
240	196
236	197
223	152
228	153
240	153
236	152

941	319
903	330
818	315
858	307
941	160
903	159
818	161
858	162

570	251
536	253
511	249
545	247
570	163
536	162
511	163
545	164

194	196
211	196
215	196
198	196
194	151
211	152
215	151
198	151

1201	321
1193	334
1064	319
1081	309
1201	145
1193	142
1064	146
1081	148

897	329
853	340
767	323
812	314
897	157
853	155
767	157
812	159

709	223
728	223
742	224
722	225
709	165
728	165
742	164
722	164

922	351
886	366
781	346
821	334
922	151
886	149
781	152
821	154

1233	232
1184	232
1094	224
1137	224
1233	183
1184	183
1094	182
1137	182

605	199
633	199
632	201
601	201
605	174
633	174
632	173
601	173

958	226
1002	225
1070	232
1020	233
958	183
1002	183
1070	183
1020	183

1034	225
1075	225
1152	231
1104	231
1034	184
1075	184
1152	185
1104	185

548	213
529	213
524	211
542	210
548	164
529	164
524	165
542	165

