0.00000000	13.03511921	9.24840726	-1.28683064	1.92470360	0.69325911	1.25545702	3.06663394
0.00000000	9.80324557	-2.25250094	-1.58301137	1.72418308	0.83457192	0.97055341	-2.85932946
0.00000000	37.73117818	15.04171271	-0.80044458	1.78056848	0.62343968	0.79520478	3.01897264
0.00000000	30.83155030	17.52610960	-0.66734217	1.97946060	0.75168029	0.58437515	0.58858484
1.00000000	24.79347179	-19.23531357	-2.09284930	1.51184821	1.63340380	3.83869974	-3.11774206
1.00000000	24.07631121	-16.32795899	-1.93598936	1.42437828	1.56174679	3.30662100	0.07597271
1.00000000	24.27655521	-13.77698622	-1.93180941	1.49947798	1.55335022	3.36601766	0.04497960
1.00000000	37.15993229	-0.74952025	-1.34291349	1.47879124	1.54833558	3.21330585	0.05552045

80	255
42	255
100	248
135	248
80	142
42	142
100	146
135	145

823	291
765	294
730	284
783	281
823	158
765	158
730	160
783	160

321	194
309	194
317	194
328	194
321	160
309	160
317	160
328	160

186	195
206	195
208	196
187	196
186	150
206	150
208	150
187	149

1233	232
1183	232
1096	224
1139	224
1233	184
1183	184
1096	184
1139	184

1034	223
1075	223
1153	229
1106	229
1034	183
1075	183
1153	184
1106	184

961	223
1003	223
1067	230
1020	230
961	182
1003	182
1067	182
1020	182

601	200
630	200
636	202
605	202
601	173
630	173
636	172
605	172

