0.00000000	30.42762656	17.00744880	-0.71451877	1.95747328	0.65446076	0.41267723	0.70176208
0.00000000	25.17584751	10.67705907	-1.11020420	1.81896162	0.62225371	0.86916716	-2.99375749
0.00000000	24.71411605	11.57299845	-1.06526492	1.83249342	0.64553916	0.96480901	-3.02467227
0.00000000	7.92678908	-6.10079263	-1.67169486	1.70618820	0.69799439	1.05652950	-2.30149174
0.00000000	25.48973937	9.84011700	-1.19698594	1.77236772	0.67329156	0.95877742	-3.07494211
0.00000000	23.85873042	12.94005796	-0.97281049	1.83610249	0.68492576	1.13452704	-2.98195434
1.00000000	24.79318820	-19.22626370	-2.09926532	1.54835129	1.69539561	3.98591631	-3.11241317
1.00000000	24.05740085	-16.35801729	-1.97124712	1.44284272	1.58712080	3.31805944	0.06304891
1.00000000	24.31685548	-13.77213001	-1.97023789	1.51396370	1.60494509	3.43830397	0.04065403
1.00000000	37.15381622	-0.77657700	-1.32679365	1.47610343	1.54896975	3.14489289	0.02159507
2.00000000	40.05748849	3.89843740	-1.33588121	1.71413136	0.64801291	1.60067772	2.94374561
2.00000000	25.07335763	1.92262499	-1.43648241	1.72234309	0.66387983	2.06038685	0.49293205
2.00000000	22.94353435	-1.67856467	-1.48092983	1.81754541	0.61537419	1.99048049	0.48550570
2.00000000	23.85873042	12.94005796	-0.97281049	1.83610249	0.68492576	1.13452704	-2.98195434

194	197
211	197
213	197
196	197
194	151
211	151
213	151
196	150

306	210
287	211
294	210
313	209
306	158
287	158
294	159
313	159

273	210
253	210
263	209
283	209
273	156
253	156
263	157
283	157

1240	320
1240	330
1110	317
1118	308
1240	160
1240	158
1110	160
1118	161

333	212
313	212
322	211
341	211
333	162
313	162
322	162
341	162

220	209
197	209
211	208
232	208
220	153
197	153
211	154
232	154

1236	232
1184	232
1094	224
1138	224
1236	184
1184	184
1094	183
1138	183

1035	224
1077	224
1155	230
1107	230
1035	184
1077	184
1155	184
1107	184

959	224
1002	224
1068	231
1018	231
959	182
1002	182
1068	183
1018	183

603	200
631	200
635	201
604	201
603	172
631	172
635	172
604	172

535	200
524	200
533	199
544	199
535	169
524	169
533	170
544	170

529	215
546	215
570	217
553	218
529	167
546	168
570	167
553	166

633	219
649	218
682	221
665	222
633	164
649	164
682	163
665	162

220	209
197	209
211	208
232	208
220	153
197	153
211	154
232	154

