0.00000000	14.63095138	5.87779597	-1.43291054	1.73643994	0.64824773	0.82010705	-0.26681945
0.00000000	31.29024506	16.19138718	-0.76032899	1.96600032	0.59736002	0.47071968	1.07886744
0.00000000	15.50634284	5.14116287	-1.44957326	1.66900373	0.65574242	0.79116837	0.58850217
0.00000000	14.36868216	-4.21070174	-1.53913746	1.74279737	0.59568964	0.80518158	3.13310957
0.00000000	15.30620424	5.84648534	-1.39794825	1.73523259	0.65760969	0.86765470	-0.73063093
1.00000000	24.77312339	-19.22716028	-2.08257983	1.54871225	1.66699729	3.89695732	-3.12069297
1.00000000	24.05189966	-16.35894524	-1.96474187	1.46238446	1.59637050	3.37826202	0.06262171
1.00000000	24.50301773	-13.79622409	-2.00131933	1.59751248	1.68291848	3.62390907	0.08269474
1.00000000	37.23256462	4.72603848	-1.26964090	1.68091822	1.75933258	4.18746785	-3.12805414
1.00000000	37.24749465	-0.78469076	-1.34886311	1.39925802	1.55229161	3.27778741	0.04270448
1.00000000	44.81048584	2.21392230	-1.21479939	1.44142628	1.63296665	4.11670177	0.16396868
2.00000000	5.63047560	1.90661079	-1.56748198	1.70072222	0.58335603	1.65970137	0.16745992

314	246
341	246
315	250
287	249
314	162
341	162
315	161
287	161

224	197
236	197
243	197
231	197
224	152
236	152
243	152
231	152

345	243
376	242
386	245
355	246
345	166
376	167
386	166
355	166

839	250
808	250
797	246
826	246
839	160
808	160
797	161
826	161

341	241
356	242
317	245
302	243
341	162
356	161
317	160
302	161

1234	232
1183	232
1095	224
1139	224
1234	183
1183	183
1095	183
1139	183

1035	224
1077	223
1156	230
1107	230
1035	183
1077	183
1156	183
1107	183

953	225
997	224
1070	231
1019	232
953	181
997	181
1070	181
1019	181

526	202
490	202
501	199
533	199
526	168
490	168
501	169
533	169

602	200
631	200
636	202
605	202
602	174
631	174
636	174
605	174

552	194
577	194
585	196
558	196
552	172
577	172
585	172
558	172

338	355
408	352
381	414
284	419
338	157
408	157
381	149
284	148

