0.00000000	30.09132084	16.94356266	-0.71865557	1.99226880	0.66931161	0.49680040	0.42380995
0.00000000	30.42370897	15.61448951	-0.81087826	1.90849137	0.63392838	0.62030322	2.92664814
0.00000000	18.15704421	6.10136735	-1.42058681	1.75264633	0.79158458	1.07563169	-2.47832608
0.00000000	17.68431789	6.51263689	-1.40785549	1.74715924	0.83227448	1.02941135	-2.53938317
0.00000000	13.42305008	0.73884161	-1.50916098	1.90240765	0.82536285	1.02124324	-0.23970407
0.00000000	15.54789041	-4.13644816	-1.53534422	1.75971007	0.66382658	0.92311235	2.80925035
0.00000000	15.37000380	-3.47756838	-1.54142163	1.72049499	0.67528769	0.87881998	0.21012722
0.00000000	37.43990597	-3.25032786	-1.44540141	1.69221151	0.67162247	0.94758821	0.23607139
0.00000000	42.40671459	10.70987551	-0.86096452	1.79676938	0.69104402	1.12769635	0.05044436
1.00000000	24.77476471	-19.23358189	-2.12066821	1.53008521	1.66052203	3.85879466	-3.12117696
1.00000000	24.04496795	-16.37653614	-1.97287498	1.43958139	1.57093390	3.32763979	0.07387168
1.00000000	24.30574016	-13.79095504	-1.94990860	1.52565467	1.59095557	3.48639331	0.04037306
1.00000000	37.42366841	-0.78345349	-1.31268428	1.42082095	1.56120187	3.50462041	0.08660941

192	197
210	197
209	197
191	197
192	150
210	150
209	150
191	149

238	199
225	199
235	198
248	198
238	153
225	153
235	154
248	154

386	234
354	235
340	233
371	231
386	164
354	163
340	164
371	164

363	235
327	237
317	234
351	232
363	163
327	163
317	163
351	164

553	252
594	253
580	258
535	257
553	153
594	153
580	151
535	151

812	244
779	244
783	240
814	241
812	160
779	160
783	161
814	161

745	242
774	242
793	245
763	246
745	163
774	163
793	162
763	162

657	202
669	201
674	202
662	202
657	170
669	170
674	169
662	169

419	192
431	192
427	192
415	192
419	162
431	162
427	162
415	162

1234	233
1183	233
1096	225
1140	225
1234	185
1183	185
1096	184
1140	184

1036	224
1077	224
1156	230
1109	231
1036	184
1077	184
1156	184
1109	184

960	224
1002	223
1069	230
1020	230
960	182
1002	182
1069	182
1020	182

601	199
629	199
638	201
607	201
601	173
629	173
638	172
607	172

