1.00000000	5.61128667	3.44241795	-1.69673322	1.42050242	1.60785223	4.50549471	-3.13740587
1.00000000	30.69624148	5.17414244	-1.79505793	1.42185211	1.60768722	4.17116880	-3.02524400
1.00000000	33.69977349	23.07356784	-1.05999849	1.61907613	1.62725919	3.93635223	0.16437857
1.00000000	43.83736661	24.56190712	-1.05677078	1.65350842	1.58471700	3.70128531	0.16815624
1.00000000	42.82446911	3.13037320	-1.65953837	1.49359167	1.57316358	3.64593644	3.13779593

10	575
-368	576
211	336
364	336
10	242
-368	242
211	201
364	200

506	226
465	226
472	219
509	219
506	189
465	190
472	187
509	187

115	205
151	204
110	208
69	209
115	172
151	172
110	171
69	171

201	199
228	199
206	202
176	202
201	173
228	173
206	173
176	173

569	209
541	209
547	206
572	206
569	182
541	182
547	182
572	182

