0.00000000	25.28300787	7.01967792	-1.34698341	1.77901435	0.66732349	1.12577418	2.86434603
0.00000000	15.48363786	10.44234477	-1.25436268	1.77017522	0.59463492	1.08712229	-3.08878422
0.00000000	15.40230701	11.44861422	-1.23220287	1.84270573	0.59409247	1.04051640	-2.83518696
0.00000000	49.65795718	12.01305640	-0.90899036	1.73105741	0.77686357	1.31498928	0.52504009
0.00000000	16.98072584	-3.00833050	-1.61356972	1.77386761	0.65770506	0.86675914	0.38908637
0.00000000	45.02141852	-23.31855517	-1.99074314	2.12220335	0.87025903	0.78517002	1.98092318
1.00000000	32.37319746	-16.54473418	-2.00151906	1.46620691	1.62025267	3.39989254	0.14053859
1.00000000	45.54334942	-1.05184003	-1.47153781	1.52351165	1.55578758	3.43555777	0.03168974
1.00000000	32.93637476	-19.52765804	-2.19876281	1.52920699	1.69353171	3.91706824	-3.11322165
1.00000000	32.76751669	-13.88692228	-2.01211939	1.59819007	1.64597097	3.59170751	0.06994483
2.00000000	8.34779865	1.80336551	-1.60988329	1.79643166	0.69889418	1.75848164	-0.04474455
2.00000000	13.28416247	1.26014258	-1.50212918	1.70955312	0.57365341	1.81954895	0.11805744

405	216
388	216
405	214
422	215
405	164
388	165
405	165
422	165

116	240
86	240
119	236
147	236
116	155
86	155
119	156
147	156

74	240
40	240
62	237
93	236
74	151
40	150
62	152
93	153

423	191
434	190
439	191
428	191
423	166
434	166
439	166
428	166

711	239
734	239
755	241
731	242
711	165
734	166
755	165
731	165

974	202
962	202
970	202
982	202
974	168
962	169
970	169
982	168

930	213
961	212
1011	216
977	216
930	182
961	182
1011	182
977	182

607	197
630	197
634	199
609	199
607	174
630	174
634	174
609	174

1074	219
1036	219
985	215
1019	215
1074	184
1036	184
985	184
1019	184

871	213
904	213
945	217
908	217
871	180
904	180
945	180
908	180

440	301
495	302
460	331
392	331
440	159
495	159
460	153
392	153

521	251
550	251
555	261
521	262
521	164
550	164
555	161
521	161

