0.00000000	26.53252702	2.47266418	-1.47213600	1.85388899	0.66963568	0.91870074	0.62733817
0.00000000	26.58039143	6.87088966	-1.32802091	1.79935348	0.78511058	1.24649954	2.99321771
0.00000000	12.58284795	-8.63866555	-1.79644309	1.81880522	0.68777274	1.07662474	-1.23407483
0.00000000	19.01210735	13.19940718	-1.11137245	1.70670807	0.72179946	0.61616254	2.46461058
0.00000000	12.18802929	-7.67172638	-1.79254423	1.82080960	0.69498828	1.02404732	-0.73839700
0.00000000	45.03787693	-23.25473585	-1.95045410	2.17496562	0.89530161	1.05351468	1.84721220
0.00000000	13.89721946	-7.16125338	-1.68910287	1.79417503	0.75893559	1.29290404	-2.35133338
1.00000000	32.83127484	-19.61684729	-2.10912130	1.56308758	1.73526767	4.01273150	3.11743999
1.00000000	32.80241866	-13.86758026	-1.99701665	1.60035944	1.68032474	3.63041006	0.07491902
1.00000000	32.29249653	-16.57097779	-1.96294032	1.45326006	1.57455284	3.30445390	0.17417374
2.00000000	42.98956018	1.44525578	-1.46408461	1.70087481	0.66808603	1.73965394	-3.13898087

523	215
539	214
552	215
536	216
523	165
539	165
552	165
536	165

422	214
402	213
416	212
435	212
422	164
402	164
416	165
435	165

1106	266
1146	271
1101	274
1062	269
1106	166
1146	165
1101	164
1062	165

95	223
86	222
113	221
123	222
95	157
86	158
113	158
123	158

1045	269
1092	272
1082	278
1032	274
1045	166
1092	165
1082	164
1032	165

969	202
959	201
972	201
983	202
969	167
959	167
972	167
983	167

1022	257
1010	260
936	255
950	252
1022	162
1010	162
936	163
950	164

1077	218
1037	218
988	213
1024	213
1077	181
1037	181
988	181
1024	181

870	213
903	213
945	216
908	217
870	180
903	180
945	180
908	180

931	212
961	212
1012	215
980	216
931	181
961	181
1012	182
980	182

585	200
573	200
574	199
585	199
585	171
573	171
574	172
585	172

