0.00000000	27.22602894	3.74039600	-1.52908192	1.81818247	0.82914492	0.93004006	3.13883734
0.00000000	18.93767432	0.24024813	-1.55677031	1.72685003	0.72300936	0.95683587	-2.81162357
0.00000000	28.02412886	4.52798542	-1.49680481	1.78131521	0.74717340	0.98814627	-3.04097152
0.00000000	7.01620328	-5.63273932	-1.74462686	1.76891112	0.70168054	1.28615789	-1.09033954
0.00000000	15.08792702	-4.73462155	-1.67921911	1.85277367	0.77256851	1.03823386	-2.48274970
0.00000000	19.35436600	1.58553876	-1.53461764	1.81722999	0.71397518	1.04174779	-2.35352135
0.00000000	21.32788959	0.94509376	-1.53234051	1.70544744	0.70838340	1.06048529	-2.38324451
0.00000000	20.10760558	1.23391151	-1.52838502	1.76204562	0.67457627	1.02865233	-2.23985338
0.00000000	45.04096383	-23.27297628	-2.00050811	2.15798092	0.88628201	0.90039757	1.87080896
0.00000000	43.85737871	-16.19875180	-1.76391445	1.79395640	0.77256427	0.68095672	1.65026522
0.00000000	16.03248872	-6.81676739	-1.69972585	1.82601392	0.77417328	1.31055274	-2.49039459
1.00000000	32.38490255	-16.54497071	-2.01251255	1.47096407	1.59939637	3.41402167	0.13736157
1.00000000	32.94723410	-19.48619014	-2.21882931	1.53199339	1.64947149	3.99712795	-3.10287142
1.00000000	32.85088037	-14.08656145	-2.05600594	1.63680863	1.68805326	3.60418150	0.05341370
1.00000000	45.52954122	-0.93891997	-1.38461946	1.42305565	1.51382010	3.55039176	-0.00259181
2.00000000	21.50473846	-1.05985842	-1.55370174	1.80729973	0.73213946	1.46674875	3.00930953
2.00000000	7.62851364	-6.03766567	-1.74301932	1.73536885	0.62721305	1.41321342	0.67914104

515	217
493	217
497	215
518	215
515	168
493	168
497	168
518	168

615	234
588	235
577	232
603	232
615	167
588	167
577	168
603	168

497	215
478	215
480	214
499	214
497	169
478	169
480	169
499	169

1192	332
1281	346
1215	362
1124	346
1192	161
1281	159
1215	157
1124	159

865	252
843	254
800	250
822	248
865	162
843	161
800	162
822	163

569	232
548	233
523	231
543	230
569	164
548	164
523	164
543	165

593	226
575	228
552	226
570	225
593	169
575	168
552	169
570	169

582	229
566	231
539	229
555	228
582	166
566	166
539	166
555	167

971	202
960	202
971	202
982	202
971	168
960	168
971	168
982	168

864	201
858	200
869	200
875	201
864	171
858	171
869	171
875	171

950	247
931	249
875	245
894	243
950	164
931	163
875	164
894	165

930	213
961	213
1011	216
977	217
930	182
961	182
1011	182
977	182

1073	220
1036	220
983	215
1016	215
1073	185
1036	185
983	184
1016	184

875	214
909	214
949	218
911	218
875	180
909	180
949	180
911	180

606	196
629	196
631	197
606	197
606	175
629	175
631	174
606	174

650	227
625	227
630	224
653	224
650	165
625	165
630	166
653	166

1101	324
1119	317
1291	339
1280	348
1101	164
1119	165
1291	163
1280	162

