0.00000000	27.46977053	11.65318238	-1.17955707	1.85556686	0.65263714	0.83181748	-3.07106185
0.00000000	27.66079903	10.75235919	-1.22508536	1.83400893	0.65418678	0.82441427	3.11864448
0.00000000	16.59884076	-2.39097947	-1.61608682	1.77568316	0.70423225	1.01262598	2.58813524
0.00000000	27.25287488	11.06336493	-1.20980285	1.79028106	0.67030474	0.82965909	3.13110447
0.00000000	45.04676618	-23.25744190	-1.94404433	2.21806097	0.87911440	0.99614568	1.86478865
1.00000000	32.37795077	-16.54831108	-1.99535034	1.46353877	1.61899093	3.43898880	0.12412155
1.00000000	32.94208677	-19.47397433	-2.20384804	1.53939807	1.68958071	3.94950446	-3.10452080
1.00000000	32.72672954	-14.00203077	-2.01574306	1.60997772	1.65358750	3.59860972	0.09453705
1.00000000	45.56142405	-1.03761271	-1.42226551	1.42722011	1.51841217	3.31686547	0.01895109
2.00000000	17.13652862	4.24912854	-1.49706910	1.73108900	0.68551851	1.84071048	3.14011240
2.00000000	27.69315368	4.30817353	-1.41553448	1.78283381	0.61055504	1.75248290	2.99547482

305	210
287	210
295	209
313	209
305	161
287	161
295	161
313	161

330	210
313	210
322	209
338	209
330	162
313	162
322	163
338	163

714	245
685	243
704	240
731	241
714	165
685	165
704	166
731	165

317	211
300	211
309	210
326	210
317	163
300	163
309	163
326	163

970	202
959	201
972	201
983	201
970	166
959	166
972	166
983	166

930	213
961	212
1011	216
976	216
930	182
961	182
1011	182
976	182

1073	220
1035	220
983	215
1017	215
1073	184
1035	184
983	184
1017	184

873	213
906	213
949	217
913	217
873	180
906	180
949	180
913	180

607	197
630	197
633	198
608	198
607	175
630	175
633	175
608	175

431	242
401	242
422	236
449	236
431	165
401	165
422	167
449	167

493	214
478	214
492	212
507	212
493	166
478	166
492	167
507	167

