0.00000000	18.51112215	-1.58245689	-1.56912778	1.82618475	0.72841456	1.16440897	-0.84080648
0.00000000	16.58865653	-1.85933364	-1.58813868	1.83446229	0.69252833	1.06317809	-2.50007319
0.00000000	16.19101198	-3.10153710	-1.63160441	1.85806537	0.70944570	1.00471189	-2.46179652
0.00000000	17.35467785	-2.51053760	-1.59227274	1.79860747	0.68334663	1.03961825	-2.52696919
0.00000000	12.00946507	12.67666566	-1.15526317	1.71672165	0.58700850	0.91914323	3.09052730
0.00000000	45.03357034	-23.27371867	-1.91628752	2.15573788	0.88134973	0.92237043	1.92872286
0.00000000	18.28160537	-2.85695478	-1.61495421	1.82612991	0.69461551	1.04218463	-3.06029510
0.00000000	31.62219650	1.83674411	-1.50032018	1.75664282	0.72758888	0.92729965	0.96768641
1.00000000	32.31348740	-16.54422095	-2.01442502	1.44744718	1.60480738	3.42002542	0.14558382
1.00000000	32.93401568	-19.51395650	-2.19968758	1.55751991	1.68835191	3.96761455	-3.12306094
1.00000000	45.63284924	-1.05009581	-1.43436597	1.49427891	1.52353738	3.48103360	-0.05543061
1.00000000	32.84831549	-14.01193644	-2.03855751	1.65790033	1.66489890	3.61501543	0.11376414
2.00000000	17.00399298	1.99048143	-1.51152668	1.76829982	0.63402543	1.89751308	0.43936235
2.00000000	35.04986763	10.32753493	-1.24503134	1.74150002	0.64085271	1.64161011	-3.02518344

671	232
692	234
661	236
640	234
671	164
692	163
661	162
640	163

713	242
691	244
659	241
681	239
713	162
691	161
659	162
681	162

771	245
751	247
716	244
736	242
771	161
751	161
716	162
736	162

735	239
714	241
684	238
704	236
735	164
714	163
684	164
704	164

-177	255
-212	255
-147	249
-115	250
-177	147
-212	147
-147	150
-115	149

971	201
960	201
971	201
983	201
971	167
960	167
971	167
983	167

736	237
708	238
699	234
725	234
736	164
708	164
699	164
725	165

549	209
559	209
576	209
566	210
549	170
559	170
576	170
566	169

930	213
961	213
1012	216
978	217
930	183
961	183
1012	183
978	183

1074	220
1035	220
984	215
1019	215
1074	184
1035	184
984	183
1019	183

609	197
632	197
631	198
606	198
609	174
632	174
631	174
606	174

872	214
904	213
949	217
913	217
872	179
904	179
949	179
913	179

496	236
521	235
547	241
521	242
496	164
521	165
547	163
521	163

397	204
383	204
390	203
403	203
397	167
383	167
390	168
403	168

