0.00000000	26.45283749	6.76000746	-1.33207200	1.76024103	0.75846526	1.18499359	2.40966105
0.00000000	19.15994318	13.18909996	-1.11380313	1.66844130	0.70332932	0.69437215	2.67999148
0.00000000	26.67641891	2.51306986	-1.47531054	1.85573888	0.68918012	0.97777451	0.61365145
0.00000000	12.06048037	-7.78853517	-1.80613593	1.79509032	0.69905535	1.06980393	-0.77378881
1.00000000	32.30166184	-16.57276530	-1.98260425	1.42543554	1.56898326	3.36737256	0.20110035
1.00000000	32.69151386	-19.60480276	-2.15543197	1.54074776	1.69598178	3.92451318	3.11086226
1.00000000	32.78764173	-13.93927649	-1.99595521	1.59030819	1.67987017	3.60220294	0.05636671
1.00000000	44.56413169	0.24975225	-1.46767877	1.54673934	1.53374201	2.50376479	0.31242210
2.00000000	35.33154287	9.98683729	-1.29704175	1.71974540	0.75244676	1.78705234	-3.07568836

413	214
401	213
429	212
440	213
413	165
401	165
429	166
440	165

102	223
87	222
115	221
130	222
102	159
87	159
115	160
130	160

522	215
538	214
551	215
535	216
522	165
538	166
551	165
535	165

1058	270
1106	274
1093	280
1042	276
1058	168
1106	167
1093	166
1042	167

930	212
959	212
1013	216
982	216
930	182
959	182
1013	183
982	183

1078	219
1038	219
991	214
1026	214
1078	183
1038	183
991	183
1026	183

872	213
906	213
946	216
908	217
872	180
906	180
946	180
908	180

582	198
605	198
617	199
594	199
582	174
605	174
617	174
594	174

406	204
390	204
398	203
413	203
406	169
390	169
398	169
413	169

