0.00000000	18.88195841	0.14764886	-1.56135307	1.73113513	0.70748047	0.97487083	-2.97039175
0.00000000	19.29319783	1.49979089	-1.54711531	1.77331400	0.68436281	1.07164305	-2.51234508
0.00000000	28.10375565	4.42010478	-1.50170050	1.80268145	0.74529397	0.93813931	3.05650640
0.00000000	21.25431362	0.82788718	-1.53607963	1.72944522	0.73744388	1.04350855	-2.46156836
0.00000000	14.99300505	-4.80135993	-1.66965459	1.89903128	0.78796305	1.06731912	-2.45047307
0.00000000	6.95760125	-5.75102003	-1.75578372	1.75081706	0.68493078	1.02541055	-1.02275324
0.00000000	19.97830993	1.11949569	-1.56070207	1.68251002	0.64222322	1.05657868	-2.48155284
0.00000000	27.38717230	3.65252495	-1.53946982	1.78386235	0.81064489	0.86805789	3.01940536
0.00000000	21.65796129	-0.87446414	-1.54524253	1.77188039	0.76313544	1.09579947	-2.64181519
0.00000000	7.66315397	-6.16090925	-1.74647246	1.71709836	0.66042919	1.07322280	-0.79219395
0.00000000	43.96744276	-16.40745401	-1.69791613	1.76786828	0.76209746	0.59608005	1.57105875
0.00000000	16.09292909	-6.77445688	-1.74075733	1.77676606	0.79388752	1.12535091	-2.36830068
0.00000000	45.04368431	-23.27778716	-1.95697550	2.15303278	0.90936877	0.88736054	1.80116343
1.00000000	32.42715534	-16.55229016	-2.02037368	1.48915827	1.61023014	3.46889872	0.14347154
1.00000000	32.85966170	-14.00770137	-2.03521089	1.60424566	1.68731369	3.59715192	0.07179507
1.00000000	32.94094487	-19.49732868	-2.22087453	1.53555095	1.67228642	3.98028367	-3.10507798
1.00000000	45.52320179	-0.81304249	-1.34440706	1.46553934	1.47760275	3.45585911	0.09012373
2.00000000	46.59994025	12.98586946	-1.02750550	1.82352090	0.72481820	1.52124559	2.96409965

616	235
588	235
583	232
609	232
616	167
588	167
583	168
609	168

570	233
548	234
528	232
549	231
570	166
548	166
528	166
549	167

498	215
479	215
485	214
503	214
498	168
479	168
485	169
503	169

597	227
577	228
556	226
576	225
597	168
577	168
556	168
576	168

870	251
849	254
803	250
825	248
870	159
849	158
803	159
825	160

1198	335
1289	349
1247	364
1153	348
1198	164
1289	162
1247	161
1153	162

585	231
566	232
544	230
563	229
585	170
566	170
544	170
563	170

516	217
495	217
501	215
522	216
516	169
495	169
501	170
522	170

654	226
632	226
613	224
635	224
654	166
632	166
613	166
635	167

1168	319
1247	328
1239	344
1152	333
1168	167
1247	166
1239	164
1152	165

866	200
862	199
872	199
876	200
866	171
862	171
872	171
876	171

942	248
927	251
876	247
891	245
942	168
927	167
876	168
891	168

970	202
960	201
972	201
982	202
970	167
960	168
972	168
982	167

929	213
960	213
1011	216
977	217
929	182
960	182
1011	182
977	182

873	213
906	213
947	217
910	217
873	180
906	180
947	180
910	180

1074	220
1036	220
984	215
1017	215
1074	185
1036	185
984	184
1017	184

602	196
624	196
631	197
607	197
602	173
624	173
631	173
607	173

405	194
394	194
405	193
415	193
405	165
394	165
405	166
415	166

