0.00000000	14.19907746	8.99497584	-1.34758304	1.83324146	0.58825894	1.00381712	-2.36157656
0.00000000	43.80485133	-16.74775199	-1.73054556	1.73125362	0.76008282	0.80389349	1.55389369
0.00000000	27.44510048	8.29658257	-1.32719276	1.91691196	0.71324988	1.26981618	-2.52961922
0.00000000	14.19346834	8.28053324	-1.37921784	1.84152734	0.62311609	0.99326294	-1.22543609
0.00000000	45.02406371	-23.31625505	-1.89803122	2.11868024	0.84288920	0.75357125	2.00610185
0.00000000	45.01535516	-24.62184292	-1.80504952	2.02736259	0.69076670	0.47749967	2.66830301
1.00000000	32.38851899	-16.56197309	-2.01112829	1.46844792	1.61498079	3.42699101	0.14622886
1.00000000	32.93780277	-19.52985337	-2.22391115	1.55202293	1.68802832	3.95534195	-3.11497450
1.00000000	45.50444452	-0.89507856	-1.41549073	1.45130157	1.53187451	3.49400608	0.24218917
1.00000000	32.83110669	-13.87184043	-1.99952982	1.58511090	1.63326185	3.47306007	0.06015838
2.00000000	24.93321519	0.83027137	-1.55387340	1.81453443	0.64095486	1.83428102	0.34105548
2.00000000	5.62390340	2.04744590	-1.60446105	1.72067571	0.61913980	1.85989251	0.31640163
2.00000000	24.75784201	2.01969398	-1.49893616	1.84132051	0.68400259	1.51383014	0.34873667
2.00000000	16.71440978	1.89246378	-1.56851886	1.78533340	0.55227174	1.72396114	0.50122648
2.00000000	16.90781869	0.90063246	-1.59532450	1.85466313	0.59484749	1.89640742	0.57209599

171	248
135	251
123	247
157	245
171	154
135	153
123	154
157	155

871	200
867	200
880	200
884	200
871	172
867	172
880	172
884	172

402	212
384	213
373	212
391	211
402	162
384	162
373	162
391	162

214	247
209	249
149	251
158	248
214	156
209	155
149	154
158	155

974	201
962	200
970	200
982	201
974	167
962	167
970	167
982	167

999	199
986	199
986	199
999	199
999	167
986	167
986	167
999	167

930	213
961	213
1012	216
978	217
930	182
961	182
1012	182
978	182

1074	220
1036	220
985	216
1018	215
1074	184
1036	184
985	184
1018	184

599	197
622	197
637	198
613	198
599	175
622	175
637	174
613	174

871	213
904	213
943	216
906	216
871	180
904	180
943	180
906	180

564	218
581	218
598	221
579	221
564	168
581	168
598	167
579	167

304	359
379	353
382	421
276	432
304	159
379	160
382	152
276	150

531	218
549	217
561	220
542	220
531	166
549	166
561	165
542	165

499	240
520	239
550	245
527	246
499	166
520	166
550	165
527	164

537	240
558	239
599	245
576	246
537	164
558	164
599	162
576	162

