0.00000000	24.52591846	6.38119045	-1.29184065	1.73570061	0.73046457	1.24264352	2.94764233
0.00000000	16.28919652	10.44431737	-1.27246831	1.80044484	0.63596348	1.05038426	2.99584270
0.00000000	16.27551380	11.52934526	-1.23874519	1.80831075	0.63920550	0.99343469	3.11059260
0.00000000	16.07026928	-3.88265911	-1.65007279	1.78057885	0.67739463	0.90172236	0.39822161
0.00000000	45.03962366	-23.29731364	-1.96160338	2.10109544	0.86371161	0.81469330	1.89304745
1.00000000	32.40327082	-16.52245898	-2.00160323	1.48103189	1.62631195	3.47024171	0.16516753
1.00000000	32.94692039	-19.53430113	-2.23098932	1.53452981	1.69347901	3.98674137	-3.10948801
1.00000000	32.82100025	-13.89371094	-1.99788604	1.61237669	1.66924157	3.64075460	0.05141921
1.00000000	45.57081524	-1.01395657	-1.43125842	1.48992300	1.51465033	3.52651445	0.01873430
2.00000000	11.59452388	1.53176408	-1.54386495	1.78391409	0.68074026	1.77129084	0.07796154
2.00000000	16.47190044	1.12255498	-1.52078460	1.73220897	0.61272512	1.85329898	0.11695376

419	216
399	215
416	214
435	214
419	163
399	163
416	164
435	164

136	238
110	238
148	234
172	234
136	155
110	155
148	157
172	157

91	237
62	237
96	233
123	233
91	154
62	154
96	156
123	156

755	244
779	243
805	246
779	248
755	166
779	166
805	165
779	165

972	202
961	201
971	201
982	202
972	168
961	168
971	168
982	168

928	213
959	212
1012	216
978	216
928	182
959	182
1012	182
978	182

1075	220
1037	220
984	216
1018	216
1075	185
1037	185
984	184
1018	184

871	213
905	213
945	216
907	217
871	179
905	179
945	179
907	179

607	197
629	197
633	198
608	198
607	174
629	174
633	174
608	174

493	264
533	264
530	278
483	278
493	160
533	160
530	157
483	157

541	238
567	237
572	244
544	245
541	166
567	166
572	164
544	164

