0.00000000	19.96562230	0.47189060	-1.54416810	1.79795837	0.77485724	0.99513327	0.41116783
0.00000000	45.03963370	-23.26686712	-2.00859473	2.15145063	0.90396467	0.89875601	1.92280197
0.00000000	28.70628457	8.47647316	-1.26314292	1.79379690	0.77133359	1.07866573	2.71377802
1.00000000	32.31698588	-16.53218834	-1.99857662	1.46610427	1.61653161	3.44782315	0.14964071
1.00000000	32.69665618	-13.87938826	-2.01029704	1.60572255	1.65522883	3.54883985	0.06818586
1.00000000	32.93556665	-19.51442894	-2.19593648	1.55595303	1.68432029	4.00148065	-3.12073803
1.00000000	45.84029850	-0.90305429	-1.38731180	1.51604140	1.68769328	3.82717126	0.10696858

568	229
593	228
608	231
581	231
568	165
593	166
608	165
581	165

972	203
960	202
970	202
982	202
972	168
960	168
970	168
982	168

391	210
376	209
394	208
409	209
391	164
376	164
394	165
409	164

929	213
960	212
1012	216
978	216
929	182
960	182
1012	182
978	182

872	213
905	213
945	217
909	217
872	180
905	180
945	180
909	180

1074	219
1036	219
984	215
1018	215
1074	184
1036	184
984	183
1018	183

601	196
626	196
635	197
608	197
601	173
626	173
635	173
608	173

