0.00000000	13.09672029	8.39565177	-1.38280795	1.75182211	0.64990493	1.04137110	0.51063871
0.00000000	12.38400811	2.27816230	-1.57514976	1.77762008	0.73920967	1.21008966	-0.40518183
0.00000000	13.11581762	9.00973521	-1.35021184	1.76118469	0.60426275	1.04863761	-0.02412480
0.00000000	28.59393923	8.84832834	-1.22708164	1.91015840	0.76290298	1.33764524	2.96557212
0.00000000	45.01391461	-23.29880281	-1.96402691	2.14298654	0.86548415	0.79401520	1.99853921
0.00000000	20.36125534	2.08146447	-1.52908466	1.83739090	0.75848126	1.10891006	1.08429420
0.00000000	12.30606280	1.44343125	-1.60730348	1.75693595	0.72050949	1.54868051	0.22293223
1.00000000	32.34442661	-16.56719195	-2.00700508	1.45180321	1.60085888	3.40182028	0.13004863
1.00000000	32.95733552	-19.54437369	-2.18032001	1.56584907	1.72095910	4.00977574	-3.11672258
1.00000000	32.83675595	-13.88570258	-2.00182811	1.58415496	1.66935168	3.53071878	0.10322199
1.00000000	45.35616323	-0.95137797	-1.47706113	1.52195907	1.55412367	3.12145854	0.09675112
2.00000000	12.30606280	1.44343125	-1.60730348	1.75693595	0.72050949	1.54868051	0.22293223
2.00000000	20.65304204	3.16209542	-1.53487728	1.80800617	0.68588594	1.64739207	0.23454560
2.00000000	20.15852426	0.48985732	-1.57878218	1.85297894	0.73733244	1.76044420	0.45035303

122	254
163	252
160	257
115	259
122	159
163	159
160	158
115	157

474	262
509	264
470	272
433	270
474	163
509	163
470	161
433	162

112	251
143	251
102	257
68	257
112	157
143	157
102	155
68	155

383	209
365	209
382	208
399	208
383	160
365	160
382	161
399	161

973	202
961	201
970	201
982	202
973	168
961	168
970	168
982	168

507	229
522	228
555	229
540	230
507	164
522	165
555	164
540	164

496	264
536	263
548	274
503	275
496	166
536	166
548	164
503	164

931	213
962	213
1012	216
978	217
931	182
962	182
1012	183
978	183

1075	219
1036	219
984	215
1019	215
1075	183
1036	183
984	183
1019	183

870	213
903	213
945	216
909	217
870	180
903	180
945	180
909	180

604	198
627	198
634	199
609	199
604	175
627	175
634	174
609	174

496	264
536	263
548	274
503	275
496	166
536	166
548	164
503	164

481	227
504	227
509	231
484	231
481	166
504	167
509	165
484	165

563	229
586	228
613	232
588	233
563	165
586	165
613	164
588	164

