0.00000000	21.00395905	11.61525877	-1.19740377	1.86179805	0.62486635	0.86791233	3.00126290
0.00000000	21.56273691	2.19833474	-1.53563605	1.70190120	0.73523192	0.95268410	0.73749405
0.00000000	45.02736644	-23.25631459	-1.89541171	2.25915861	0.89406073	0.89431060	1.72103703
1.00000000	32.40013875	-16.49802296	-2.01701735	1.47671831	1.62463706	3.45456381	0.19017603
1.00000000	32.95288839	-19.48226565	-2.21956335	1.52654934	1.68884459	3.94771946	-3.11046672
1.00000000	45.36978069	-1.02774469	-1.44081996	1.51826978	1.53558976	3.06621539	0.01264728
1.00000000	32.85735532	-13.86750874	-1.99512408	1.63262796	1.65015224	3.58532322	0.05890953
2.00000000	33.74789138	0.84140426	-1.54231236	1.72188663	0.66598858	1.85521261	-2.97627807

206	221
186	221
207	219
227	219
206	156
186	156
207	157
227	157

512	226
532	225
551	226
531	228
512	170
532	170
551	170
531	169

969	201
960	200
973	200
982	201
969	165
960	165
973	165
982	165

927	213
957	213
1011	216
978	217
927	182
957	182
1011	182
978	182

1073	220
1035	220
983	215
1017	215
1073	185
1035	185
983	184
1017	184

607	197
630	197
633	198
608	198
607	174
630	174
633	174
608	174

870	213
904	213
943	216
906	216
870	179
904	179
943	179
906	179

596	209
582	209
576	207
590	207
596	171
582	171
576	172
590	172

