0.00000000	20.65625693	11.61070874	-1.20311783	1.84383225	0.64113532	0.85288616	2.99254656
0.00000000	21.82849332	2.49325853	-1.50474606	1.72106862	0.71295139	0.91117126	0.62878132
0.00000000	20.50929948	11.12745687	-1.25005577	1.79353118	0.63337111	0.91382532	2.99390697
0.00000000	45.01279530	-23.23898297	-1.91314248	2.20730853	0.87546785	0.86983740	1.84852719
1.00000000	32.39982254	-16.52691992	-2.01900146	1.46596766	1.62350520	3.42592628	0.17117764
1.00000000	32.88188985	-19.51870918	-2.19754169	1.53818488	1.70485973	3.97205666	-3.11522555
1.00000000	45.51403146	-1.02214562	-1.41485451	1.49598479	1.51292729	3.29800625	0.03889022
2.00000000	46.95610247	4.07311038	-1.44017575	1.71590769	0.57874526	1.70258644	2.93280983
2.00000000	27.21151553	0.80066229	-1.47523175	1.80371869	0.61370730	1.87097004	0.12793835
2.00000000	32.29803286	0.82679548	-1.51926849	1.78352964	0.63397790	1.83943871	-3.03965688

200	222
179	222
201	220
221	220
200	156
179	157
201	157
221	157

505	224
525	224
540	225
519	226
505	168
525	168
540	168
519	168

213	224
193	224
215	222
235	222
213	160
193	160
215	161
235	160

970	201
960	201
971	201
982	201
970	166
960	166
971	166
982	166

928	213
959	213
1011	216
978	217
928	182
959	182
1011	183
978	183

1075	220
1037	220
985	215
1019	215
1075	184
1037	184
985	184
1019	184

606	197
629	197
633	198
609	198
606	174
629	174
633	174
609	174

542	198
533	198
541	198
549	198
542	172
533	172
541	172
549	172

573	213
588	213
594	215
577	215
573	167
588	167
594	166
577	166

594	210
580	210
577	208
591	208
594	169
580	169
577	170
591	170

