0.00000000	16.71243341	10.97930607	-1.27903984	1.76875579	0.63114084	0.97104256	3.12787795
0.00000000	24.10022585	5.97924935	-1.30404256	1.72707057	0.72684468	1.28254639	0.16295226
0.00000000	15.49402036	-4.46029337	-1.66679690	1.73794484	0.66587721	1.00740085	-2.72704697
0.00000000	45.02418920	-23.31484964	-1.95300512	2.20743704	0.94727442	0.98775625	1.88993645
0.00000000	16.82279486	10.48205777	-1.29379032	1.77866161	0.61714175	1.00171221	3.02477217
0.00000000	36.22628764	11.34306757	-1.12182448	1.82169390	0.66421581	1.10970171	-3.03276110
1.00000000	32.80629108	-13.89843790	-2.02174256	1.64723015	1.73325868	3.71568862	0.02418613
1.00000000	32.34338258	-16.49068155	-1.99746297	1.46546841	1.60768816	3.38693010	0.15747026
1.00000000	32.93474097	-19.51151145	-2.19815580	1.52526248	1.69839263	3.98009639	-3.12006235
1.00000000	45.52191684	-0.91999957	-1.43235324	1.51775968	1.56171934	3.36085934	0.03514880
2.00000000	13.38038445	1.45072184	-1.55319307	1.77936268	0.63369364	1.71115336	0.07860810
2.00000000	18.27323939	1.03238758	-1.51040648	1.73414063	0.68934270	1.85603060	0.11570460

130	237
102	237
132	233
158	233
130	158
102	158
132	159
158	159

417	215
439	214
436	216
413	217
417	164
439	165
436	164
413	164

842	250
817	251
785	247
810	246
842	167
817	167
785	168
810	168

972	202
960	201
972	201
984	202
972	166
960	167
972	167
984	166

151	237
126	236
159	233
183	233
151	158
126	158
159	159
183	159

385	200
371	200
376	200
389	200
385	164
371	164
376	164
389	164

871	213
906	213
945	217
906	217
871	179
906	179
945	179
906	179

929	213
959	212
1011	216
977	216
929	182
959	182
1011	182
977	182

1074	219
1036	220
984	215
1018	215
1074	184
1036	184
984	184
1018	184

605	197
628	197
632	198
607	198
605	174
628	174
632	174
607	174

512	253
544	253
544	263
507	264
512	163
544	163
544	160
507	160

549	231
575	231
581	237
552	237
549	166
575	166
581	165
552	165

