0.00000000	15.39533013	-4.37167946	-1.66071330	1.84412193	0.74011268	1.03666320	-2.46793747
0.00000000	14.53063363	12.73340175	-1.17924974	1.78737116	0.64028274	0.90805700	2.96697259
0.00000000	17.48937682	-4.02859387	-1.59400187	1.84512293	0.75269655	0.95900815	-2.62378740
0.00000000	15.82150961	-4.73632938	-1.65968047	1.76031518	0.74851082	1.01358130	-2.48597908
0.00000000	16.83486637	-3.55412333	-1.61461351	1.79632401	0.73998531	1.01396653	-2.57381582
0.00000000	14.69453009	-4.66830730	-1.71178518	1.78846371	0.71499363	1.02260497	-2.43840575
0.00000000	45.01502890	-23.28206614	-1.93388758	2.13547897	0.87356787	0.83098427	1.89722574
0.00000000	21.91473308	-0.71955229	-1.48633848	1.81939697	0.80664072	1.02159169	-2.86711097
0.00000000	31.97924714	9.24237402	-1.23310898	1.81382895	0.76384960	1.12747511	0.16605221
0.00000000	29.73243061	4.42585443	-1.41404794	1.73145199	0.77656194	1.34569610	1.27775812
0.00000000	33.60939026	0.52990411	-1.48049305	1.77659106	0.73157714	1.14060782	-3.07499003
1.00000000	32.38960818	-16.50982719	-1.97637485	1.42442083	1.60213034	3.40435097	0.16446875
1.00000000	32.94673970	-19.51809871	-2.17750041	1.54631639	1.69720163	3.97196538	-3.11054063
1.00000000	32.82895339	-13.94044726	-2.00480030	1.60613298	1.69870963	3.68370853	-0.02297237
2.00000000	26.22520296	1.73469343	-1.43348656	1.80756724	0.69811054	1.89965179	0.17260770
2.00000000	29.73243061	4.42585443	-1.41404794	1.73145199	0.77656194	1.34569610	1.27775812

842	249
821	252
779	248
800	246
842	162
821	161
779	162
800	163

-39	242
-67	242
-18	238
7	238
-39	150
-67	150
-18	152
7	152

796	238
773	239
746	236
769	235
796	161
773	161
746	161
769	162

851	247
831	249
791	246
812	244
851	166
831	165
791	166
812	167

785	242
761	243
730	240
753	239
785	164
761	163
730	164
753	164

867	255
848	258
803	254
823	251
867	166
848	166
803	167
823	167

972	201
961	201
971	201
982	201
972	167
961	167
971	168
982	167

646	223
620	224
610	222
635	221
646	163
620	163
610	163
635	163

390	205
407	205
405	205
387	206
390	165
407	165
405	164
387	164

478	210
487	210
516	210
508	211
478	168
487	169
516	169
508	168

601	207
585	207
584	206
599	206
601	169
585	169
584	169
599	169

928	212
959	212
1011	215
977	216
928	182
959	182
1011	182
977	183

1074	219
1036	219
984	215
1018	214
1074	183
1036	183
984	183
1018	183

874	213
909	213
944	217
904	217
874	180
909	180
944	180
904	180

545	213
563	213
569	215
550	216
545	165
563	166
569	164
550	164

478	210
487	210
516	210
508	211
478	168
487	169
516	169
508	168

