0.00000000	23.83828163	11.59582389	-1.22314678	1.85028577	0.64246858	0.86401787	3.01502490
0.00000000	23.59659295	11.10770577	-1.24174831	1.82074094	0.63211879	0.91954705	2.97732997
0.00000000	19.58877162	0.06403421	-1.52838991	1.75551963	0.80832533	0.96721610	2.91980934
0.00000000	23.85550549	10.48791283	-1.25162004	1.78526449	0.64916807	0.98388854	2.98501444
0.00000000	44.95932930	-23.26817983	-1.82948325	2.20566201	0.77446260	0.96672342	2.00149488
0.00000000	29.62978514	8.43086494	-1.30663739	1.80636597	0.68078551	1.05337344	0.22764878
1.00000000	32.43119591	-16.52888875	-2.01811085	1.45686316	1.62276845	3.42733923	0.14134006
1.00000000	32.94334663	-19.52709650	-2.22394208	1.52510405	1.71788413	3.94637020	-3.10619068
1.00000000	32.82461166	-13.89742901	-2.02020214	1.58034539	1.63562219	3.52329047	0.06673377
1.00000000	44.70433687	-0.39719280	-1.46963773	1.57671642	1.56338340	3.26738922	0.76509881
1.00000000	45.47030800	-1.05976556	-1.44447432	1.48556256	1.51861592	3.42181388	0.15559991
2.00000000	32.76400566	4.15615032	-1.46840857	1.74796951	0.67149879	1.72255620	-2.94336367
2.00000000	37.55568203	5.22187384	-1.42663692	1.69723511	0.67360934	1.78512052	-3.08928871
2.00000000	38.72082861	1.22117745	-1.51347945	1.75256968	0.66004678	1.76618460	-3.11529469
2.00000000	48.87324383	11.66865700	-0.93548058	1.74682224	0.69679555	1.44301449	0.22831921

256	216
238	216
254	215
272	215
256	160
238	160
254	160
272	160

266	217
249	217
267	216
284	216
266	161
249	161
267	161
284	161

613	232
583	231
592	229
620	229
613	165
583	165
592	166
620	166

289	217
271	217
289	215
306	215
289	162
271	162
289	163
306	163

972	200
961	199
971	199
982	200
972	164
961	165
971	165
982	165

393	208
409	208
408	209
391	209
393	166
409	166
408	165
391	165

928	213
960	213
1010	216
976	217
928	182
960	182
1010	183
976	183

1075	220
1036	220
984	216
1018	215
1075	185
1036	185
984	184
1018	184

872	213
904	213
944	217
908	217
872	181
904	181
944	181
908	181

583	198
601	198
637	199
619	199
583	174
601	174
637	173
619	173

604	197
627	197
637	198
613	198
604	175
627	175
637	174
613	174

522	209
507	209
505	207
519	207
522	170
507	170
505	170
519	170

509	204
496	204
500	203
512	203
509	171
496	171
500	171
512	171

587	204
575	204
575	203
587	203
587	171
575	171
575	171
587	171

428	191
438	191
438	191
428	191
428	166
438	166
438	166
428	165

