0.00000000	15.65382104	11.47685302	-1.23723469	1.78529859	0.55608953	0.98145447	-3.00773001
0.00000000	25.09434098	6.85776158	-1.31767772	1.77701581	0.68531868	1.18062088	2.98639178
0.00000000	15.71417608	10.41553899	-1.25976727	1.77681458	0.57569503	1.03335788	-3.11607361
0.00000000	45.02051002	-23.30670482	-2.00237546	2.27150178	0.98243466	1.26695068	1.88835609
0.00000000	16.70938542	-3.24893249	-1.63099335	1.81044102	0.63854174	0.90789230	0.52864492
0.00000000	37.31090646	11.70798603	-1.05949185	1.82261586	0.70236208	1.20394073	-3.09072924
1.00000000	32.35560969	-16.53341933	-2.00892190	1.45895803	1.61033696	3.38487468	0.15619598
1.00000000	45.60054980	-1.06597700	-1.48201201	1.51070166	1.52461435	3.50427596	0.00529816
1.00000000	32.77431789	-13.93836047	-2.02939115	1.58592844	1.64004156	3.56746159	0.05767867
1.00000000	32.88329777	-19.54378015	-2.21457348	1.54224360	1.71166847	3.96171432	-3.11821532
2.00000000	9.31378854	1.74920433	-1.57365010	1.76766598	0.64385110	1.81097075	-0.00182244
2.00000000	14.17327429	1.21900910	-1.49622343	1.73336244	0.56823994	1.77889388	0.21217281

75	239
46	239
75	236
102	235
75	154
46	154
75	156
102	156

410	216
391	215
406	214
424	214
410	163
391	164
406	164
424	164

124	239
96	239
128	236
154	236
124	155
96	155
128	157
154	157

970	203
958	202
973	202
986	202
970	166
958	166
973	166
986	166

722	241
742	240
769	243
748	244
722	164
742	165
769	164
748	163

383	198
369	199
376	198
389	198
383	163
369	163
376	164
389	164

929	213
960	213
1011	216
978	217
929	182
960	182
1011	182
978	182

608	198
631	198
633	199
608	199
608	175
631	175
633	174
608	174

873	213
906	213
946	217
909	217
873	181
906	181
946	181
909	181

1076	220
1037	220
985	215
1020	215
1076	184
1037	184
985	184
1020	184

459	286
505	286
482	310
426	310
459	160
505	160
482	155
426	155

524	246
551	246
565	255
534	255
524	163
551	163
565	161
534	160

