0.00000000	14.27167842	12.66826078	-1.19387100	1.75818908	0.59045890	0.87818417	3.00487828
0.00000000	16.00468410	-4.43528075	-1.64841638	1.73830032	0.71873516	1.02989532	-2.44514298
0.00000000	14.88581457	-4.39291126	-1.68206904	1.80789721	0.70286362	1.05886326	-2.44724560
0.00000000	17.02262351	-3.34396111	-1.60193513	1.82016635	0.73956604	1.03269635	-2.48038507
0.00000000	17.68414849	-3.81653434	-1.57378278	1.83175445	0.71922768	1.03573360	-2.58923578
0.00000000	21.75473665	-0.91950015	-1.49669633	1.78045177	0.76086239	0.99348520	3.07110238
0.00000000	32.35256044	9.28567083	-1.25407074	1.78822410	0.75878493	1.09250796	0.14924008
0.00000000	45.02086137	-23.26263032	-1.94024233	2.09332657	0.81204239	0.74210481	1.96299374
0.00000000	25.18297246	1.72538506	-1.41073153	1.79507267	0.68948151	1.58940993	0.27675769
1.00000000	32.29925005	-16.54467081	-1.98437665	1.42744720	1.58770790	3.40632232	0.14171197
1.00000000	32.72110788	-13.87844337	-2.02307699	1.60792994	1.70340475	3.70225028	0.09574263
1.00000000	32.92636620	-19.49819640	-2.18726639	1.55752504	1.64617473	3.89817483	-3.11137319
1.00000000	45.50074527	-0.91026457	-1.43986545	1.43653035	1.50352042	3.30743005	0.07178595
2.00000000	25.18297246	1.72538506	-1.41073153	1.79507267	0.68948151	1.58940993	0.27675769
2.00000000	33.08202091	0.08164205	-1.49523209	1.76596701	0.65166778	1.78532193	0.21837221
2.00000000	17.68414849	-3.81653434	-1.57378278	1.83175445	0.71922768	1.03573360	-2.58923578

-47	244
-74	244
-27	240
-2	240
-47	152
-74	152
-27	154
-2	153

835	246
816	248
776	244
795	243
835	167
816	166
776	167
795	167

851	253
832	255
787	251
806	249
851	164
832	164
787	165
806	165

774	240
753	242
719	239
740	237
774	162
753	162
719	163
740	163

786	237
765	238
735	235
756	234
786	161
765	161
735	161
756	162

647	224
621	224
623	222
647	222
647	164
621	164
623	165
647	165

392	205
409	205
406	206
388	206
392	166
409	166
406	166
388	165

972	201
961	201
970	201
981	201
972	168
961	168
970	168
981	168

541	214
560	214
570	216
550	216
541	165
560	165
570	164
550	164

931	212
961	212
1012	216
978	216
931	182
961	182
1012	183
978	183

870	213
903	213
947	217
910	217
870	180
903	180
947	180
910	180

1073	219
1036	219
985	215
1018	215
1073	183
1036	183
985	183
1018	183

604	197
627	197
632	198
608	198
604	175
627	175
632	175
608	175

541	214
560	214
570	216
550	216
541	165
560	165
570	164
550	164

591	207
605	206
613	208
599	208
591	169
605	169
613	169
599	169

786	237
765	238
735	235
756	234
786	161
765	161
735	161
756	162

