0.00000000	25.87028554	10.61587585	-1.23420165	1.77549982	0.63346671	0.82221392	3.04358244
0.00000000	28.00672180	7.62606671	-1.28328679	1.82974041	0.79467893	1.06218293	0.05411265
0.00000000	25.63801063	11.80600869	-1.19256042	1.76646149	0.60984684	0.81626938	3.10223150
0.00000000	43.91736984	-17.20262264	-1.86326007	1.73870993	0.74866759	0.74019550	1.53639436
0.00000000	45.00847867	-23.44806633	-1.97445188	2.18309879	0.89799056	0.92599698	1.83436775
1.00000000	32.41076971	-16.53952348	-1.99989311	1.46701193	1.61122397	3.41566142	0.11512306
1.00000000	45.50165879	-0.84012935	-1.44192598	1.46062601	1.51890469	3.33451629	0.21915568
1.00000000	32.92663725	-19.51771033	-2.19642226	1.54648554	1.67822352	3.96422336	-3.10653758
1.00000000	32.83237909	-13.88343510	-2.01869998	1.59219623	1.66204885	3.60144000	0.11197113
2.00000000	32.62664895	4.89351122	-1.48047898	1.78297901	0.75082936	1.73761092	3.02334905
2.00000000	45.29770801	0.90788038	-1.39726339	1.72695172	0.59704334	1.76457543	0.31257510
2.00000000	25.04770128	4.24970075	-1.39442752	1.81641757	0.74658410	1.80745046	3.05402803

313	213
296	213
307	212
324	212
313	163
296	163
307	164
324	164

402	209
422	209
416	211
395	211
402	164
422	164
416	163
395	163

277	213
260	213
271	212
288	212
277	162
260	162
271	163
288	163

878	202
874	202
886	202
891	202
878	174
874	174
886	174
891	174

973	202
963	202
975	201
986	202
973	167
963	167
975	167
986	167

930	213
961	212
1010	216
975	216
930	182
961	182
1010	182
975	182

599	197
622	197
635	198
611	198
599	175
622	175
635	175
611	175

1074	219
1037	219
984	215
1018	215
1074	184
1037	184
984	183
1018	183

869	213
902	213
946	217
910	217
869	180
902	180
946	180
910	180

500	210
483	209
494	208
509	208
500	169
483	169
494	170
509	170

581	197
590	197
598	198
589	198
581	170
590	170
598	170
589	170

486	217
465	217
479	215
499	215
486	163
465	163
479	165
499	165

