0.00000000	19.61816863	11.65566946	-1.20307312	1.76971710	0.59027821	0.87098809	2.93562102
0.00000000	22.45351139	3.44246061	-1.45695494	1.65976644	0.64804997	1.07762359	0.64177060
0.00000000	19.66341546	10.50375135	-1.24936340	1.78858733	0.58731986	0.99585770	2.93770170
0.00000000	19.47253880	11.09271802	-1.23957203	1.71146715	0.59000909	0.94721372	2.92730141
0.00000000	12.54742271	-7.20175442	-1.78184710	1.79819751	0.74913831	1.21000762	-1.15323615
0.00000000	33.36700891	9.98471160	-1.24250577	1.80048537	0.72179052	1.14660859	3.13068175
1.00000000	32.38359752	-16.53840354	-1.99779008	1.46046233	1.62110611	3.48976631	0.11494061
1.00000000	32.74444530	-19.17658856	-2.20999024	1.53505945	1.67095379	3.77191933	0.13153839
1.00000000	32.82232034	-13.89050735	-2.00683759	1.61599994	1.64104041	3.64350049	0.09364351
1.00000000	45.54746527	-1.04695370	-1.41686581	1.42645741	1.51935251	3.38725730	0.05119573
2.00000000	28.69670015	0.83361927	-1.51667891	1.87623858	0.69525171	1.93261692	0.21868160
2.00000000	23.70710122	1.04544037	-1.54094921	1.81985819	0.69663438	2.00861159	0.31906375
2.00000000	49.75339990	5.32988749	-1.33678375	1.69302654	0.72283635	1.75097804	2.26585102

173	225
155	224
180	222
199	223
173	158
155	158
180	159
199	159

477	222
495	221
512	223
493	223
477	169
495	169
512	169
493	169

216	226
197	226
224	223
242	224
216	159
197	159
224	160
242	160

190	226
171	226
199	224
217	224
190	161
171	161
199	162
217	162

1025	266
1066	271
1019	275
978	270
1025	167
1066	166
1019	166
978	166

394	205
378	205
386	204
401	204
394	165
378	165
386	166
401	166

929	213
961	212
1011	216
976	216
929	182
961	182
1011	182
976	182

978	216
1009	216
1070	220
1035	220
978	184
1009	184
1070	184
1035	185

870	213
902	213
945	217
909	217
870	180
902	180
945	179
909	179

606	197
629	197
634	198
609	198
606	175
629	175
634	175
609	175

570	212
587	212
597	214
579	214
570	166
587	166
597	166
579	165

555	220
574	220
592	223
571	223
555	167
574	167
592	166
571	166

519	196
514	196
534	195
540	195
519	171
514	171
534	171
540	171

