0.00000000	24.61040396	7.16991425	-1.36752580	1.85906434	0.75640820	1.09091856	-2.51897049
0.00000000	21.51239546	3.39506551	-1.51044426	1.74782991	0.79968611	1.00669610	-2.48741341
0.00000000	6.97660383	-1.53745350	-1.75265882	1.83014870	0.69757088	0.99149684	-2.09967804
0.00000000	24.47408124	6.00312885	-1.37373732	1.77970147	0.75119522	1.04556923	-2.54943657
0.00000000	22.53114048	4.98441144	-1.43764089	1.81726909	0.79918457	1.08090074	-2.48200583
0.00000000	23.17338743	4.66831358	-1.41452930	1.80861545	0.73675976	1.05864029	-2.42507100
0.00000000	17.32126412	-5.48668159	-1.64461813	1.82555795	0.70124135	0.84023178	-2.56673622
0.00000000	23.66389726	4.23222341	-1.44696901	1.76442313	0.75620130	1.06610240	-2.47225165
0.00000000	45.02886220	-23.29602336	-1.91641049	2.10938835	0.86435683	0.83871045	1.96185601
0.00000000	7.94884657	-2.12245489	-1.72645996	1.77156794	0.67907384	0.92547889	-1.49287581
0.00000000	18.03403528	-0.76050005	-1.59808038	1.88998830	0.81188043	1.18158977	-2.24386001
1.00000000	32.32636452	-16.51363310	-1.99899254	1.45727301	1.58103783	3.39424767	0.19933921
1.00000000	32.75606256	-14.08357118	-2.04615341	1.61130691	1.72119721	3.67071817	0.07853483
1.00000000	32.88382229	-19.54226243	-2.18590144	1.55008352	1.66692655	3.96681459	-3.11863041
1.00000000	45.50390244	-0.92344535	-1.41886185	1.52540123	1.58091203	3.30226453	0.09610464

412	217
390	218
379	217
401	216
412	163
390	162
379	163
401	163

511	226
487	227
471	226
495	225
511	168
487	167
471	168
495	168

834	352
816	369
709	355
734	340
834	159
816	157
709	159
734	161

444	217
423	218
412	217
433	216
444	165
423	164
412	165
433	165

465	222
441	223
426	222
450	221
465	164
441	164
426	164
450	165

478	220
458	221
441	220
462	219
478	164
458	164
441	164
462	164

857	240
838	241
809	239
828	237
857	163
838	163
809	163
828	164

494	220
473	221
458	220
478	219
494	166
473	166
458	166
478	167

973	201
961	201
970	201
982	201
973	167
961	168
970	168
982	167

834	321
860	334
773	335
753	322
834	164
860	163
773	163
753	164

664	237
645	239
607	237
626	235
664	162
645	161
607	162
626	162

928	213
958	212
1012	216
980	216
928	182
958	182
1012	182
980	182

874	214
908	214
951	218
913	218
874	180
908	180
951	180
913	180

1075	219
1037	219
986	215
1019	215
1075	183
1037	183
986	183
1019	183

603	197
627	197
634	198
608	198
603	174
627	174
634	173
608	173

