0.00000000	24.58010473	6.40315006	-1.38971506	1.79884148	0.75466319	1.04949090	-2.69811201
0.00000000	6.99251326	-2.03391627	-1.73052905	1.80763102	0.72841205	1.00033503	-1.47876143
0.00000000	21.22832599	3.01163573	-1.50176881	1.80599880	0.85628621	1.05018286	-2.46772981
0.00000000	25.06709350	6.87833083	-1.38730512	1.85448527	0.74810150	1.01418236	-2.62773919
0.00000000	22.00968642	4.56620016	-1.46799336	1.76437950	0.76671541	1.05505797	-2.34878492
0.00000000	24.36331950	5.40172928	-1.40032039	1.84774852	0.79224408	1.08126269	-2.61794233
0.00000000	22.65268376	4.24209143	-1.44429002	1.80361152	0.75180248	1.10400531	-2.34341478
0.00000000	7.81730288	-2.65078294	-1.75183425	1.82178164	0.71120443	0.97211011	-1.23696387
0.00000000	23.39808313	3.86693854	-1.45778308	1.82736564	0.76738063	1.12849333	-2.43265891
0.00000000	17.83393182	-4.83282365	-1.66558693	1.82261229	0.66052158	0.95516310	-1.95304167
0.00000000	17.64674187	-1.24888420	-1.66332720	1.89841247	0.73119018	1.13040844	-2.37538910
0.00000000	45.02648805	-23.29868800	-2.01368497	2.20769215	0.93683679	1.00886320	1.86713147
0.00000000	24.25201567	4.73642349	-1.41431938	1.84761667	0.78566231	1.09773121	-2.58759236
1.00000000	32.38644349	-16.54670866	-1.99292467	1.48017657	1.58469975	3.40982832	0.14464375
1.00000000	32.84586354	-13.90824694	-2.00767551	1.62897205	1.68442318	3.68615859	0.08330553
1.00000000	32.95131483	-19.49951021	-2.23645745	1.55143917	1.65723939	3.98215087	-3.10944128
1.00000000	45.37892593	-1.08060837	-1.48307071	1.49443734	1.51536543	3.18165421	0.05583118

432	218
409	218
403	217
425	216
432	165
409	164
403	165
425	165

858	340
894	359
786	361
760	342
858	160
894	158
786	157
760	160

524	227
499	228
481	226
506	225
524	165
499	165
481	165
506	166

422	217
400	218
393	216
414	216
422	163
400	163
393	164
414	164

476	224
454	225
435	224
456	223
476	166
454	166
435	167
456	167

462	218
438	219
429	217
452	217
462	163
438	163
429	163
452	164

490	222
470	223
450	222
470	221
490	165
470	164
450	165
470	165

872	323
920	336
841	343
799	329
872	162
920	160
841	159
799	161

505	221
485	222
467	220
487	219
505	164
485	164
467	165
487	165

821	238
819	240
778	239
782	237
821	165
819	164
778	165
782	165

683	241
663	243
629	240
649	239
683	163
663	163
629	164
649	164

971	203
959	202
972	202
984	203
971	167
959	168
972	168
984	167

481	218
459	219
447	218
469	217
481	163
459	163
447	164
469	164

930	213
960	212
1011	216
977	216
930	181
960	181
1011	182
977	182

870	213
903	213
946	217
909	217
870	179
903	179
946	179
909	179

1073	220
1036	220
984	216
1017	216
1073	185
1036	185
984	184
1017	184

607	198
630	198
635	199
610	199
607	175
630	175
635	175
610	175

