0.00000000	21.53460603	11.73627000	-1.16800020	1.83271635	0.60773147	0.88802584	3.08127069
0.00000000	21.23291367	1.82927533	-1.50662563	1.71497595	0.78536335	1.25059438	0.60694259
0.00000000	21.55293665	10.50332220	-1.22356318	1.78578901	0.61768254	0.98764347	3.08964062
0.00000000	21.34859185	11.15893314	-1.21579502	1.76418447	0.61628415	0.91053577	3.08559871
0.00000000	45.01638914	-23.26314292	-1.84954284	2.19989872	0.84311656	0.83977282	1.94446099
0.00000000	31.65487490	9.45879786	-1.21054814	1.74385309	0.68172279	1.12325118	0.56973231
1.00000000	32.42000781	-16.50614613	-2.01099120	1.46096969	1.61630339	3.43167719	0.14252919
1.00000000	32.96161200	-19.53048832	-2.20627550	1.52164030	1.68110164	3.99199505	-3.10916376
1.00000000	45.53843046	-0.92410539	-1.39212440	1.46815109	1.53757506	3.23861681	0.06960912
1.00000000	32.84316063	-13.89941918	-2.00871656	1.59363973	1.65067001	3.54347982	0.07785283
2.00000000	21.23291367	1.82927533	-1.50662563	1.71497595	0.78536335	1.25059438	0.60694259

213	219
193	219
212	217
231	217
213	157
193	157
212	158
231	157

521	225
543	224
565	227
541	228
521	168
543	168
565	168
541	167

255	220
235	220
253	219
273	219
255	159
235	159
253	160
273	160

230	221
209	221
228	219
247	219
230	160
209	160
228	161
247	161

972	200
961	200
970	200
982	200
972	165
961	165
970	165
982	165

379	205
394	204
402	205
386	205
379	166
394	166
402	165
386	165

928	213
959	213
1010	216
976	217
928	182
959	182
1010	182
976	182

1074	220
1036	220
984	215
1018	215
1074	185
1036	185
984	184
1018	184

604	196
627	196
633	197
608	198
604	174
627	174
633	174
608	174

871	213
904	213
944	217
908	217
871	180
904	180
944	180
908	180

521	225
543	224
565	227
541	228
521	168
543	168
565	168
541	167

