0.00000000	24.88360154	7.06886241	-1.41206418	1.80838633	0.75936843	1.05061115	-2.54611158
0.00000000	22.87483968	4.45999095	-1.44868587	1.81680727	0.77183356	1.06884076	-2.36226773
0.00000000	24.40100720	5.68197903	-1.40379689	1.79233694	0.77881248	1.03634800	-2.61202002
0.00000000	23.50211143	4.04630711	-1.44584535	1.81811404	0.74274226	1.05110109	-2.41862535
0.00000000	22.28362184	4.78917925	-1.46062217	1.78506970	0.79811874	1.04804415	-2.39301157
0.00000000	7.92087505	-2.40158031	-1.70667694	1.81711650	0.73229051	0.88587568	-1.78207302
0.00000000	6.95525910	-1.78828992	-1.73839657	1.81705523	0.68350348	1.01911167	-1.74421942
0.00000000	17.85645234	-0.96570567	-1.59944544	1.86565256	0.77770619	1.04358008	-2.29090452
0.00000000	21.40324241	3.22254582	-1.50066994	1.79575992	0.85086407	0.99348096	-2.44076014
0.00000000	44.98838124	-23.43550591	-1.95922707	2.12606049	0.82308305	0.77314808	1.88088942
0.00000000	17.63562654	-5.11243594	-1.63957570	1.83303738	0.66300199	0.99424555	-2.25302434
1.00000000	32.43606467	-16.55094247	-1.99645386	1.46469045	1.61233482	3.42478752	0.14078939
1.00000000	32.85433117	-13.94491572	-2.00461278	1.63213980	1.71581083	3.73919167	0.08820600
1.00000000	32.88222363	-19.54423942	-2.18311487	1.54119408	1.67609971	3.95309172	-3.11274409
1.00000000	45.38140046	-1.05180489	-1.45984803	1.49043679	1.51459026	3.14354677	0.03023560

416	218
394	219
385	217
406	217
416	166
394	165
385	166
406	166

484	222
463	223
445	221
465	220
484	164
463	164
445	165
465	165

453	218
430	219
422	217
444	217
453	165
430	165
422	165
444	166

499	220
479	221
463	220
482	219
499	164
479	164
463	165
482	165

470	223
447	225
430	223
452	222
470	166
447	165
430	166
452	166

869	321
881	335
790	331
787	318
869	158
881	156
790	156
787	159

850	346
863	364
745	359
743	342
850	159
863	157
745	158
743	160

670	238
651	240
618	238
637	236
670	162
651	162
618	163
637	163

517	226
493	227
475	226
500	225
517	166
493	165
475	166
500	166

974	202
964	201
974	201
984	202
974	168
964	168
974	168
984	168

839	238
828	240
789	238
800	236
839	163
828	163
789	163
800	164

929	213
960	212
1011	216
977	216
929	182
960	182
1011	182
977	182

870	213
904	213
948	217
910	217
870	179
904	179
948	179
910	179

1075	219
1037	219
986	215
1019	215
1075	184
1037	184
986	183
1019	183

607	197
630	197
633	199
609	199
607	175
630	175
633	174
609	174

