0.00000000	17.90704100	-3.47524693	-1.56873248	1.76671338	0.71783701	1.01151137	-2.68356848
0.00000000	16.33886287	-4.05207433	-1.64337872	1.83022070	0.72823481	0.99650723	-2.51669168
0.00000000	17.29933212	-3.02212113	-1.61487530	1.77897549	0.73918708	1.06719442	-2.52103281
0.00000000	15.08983687	-4.13179649	-1.68029521	1.80025864	0.72484424	1.00714235	-2.50960159
0.00000000	21.31205609	-1.27920352	-1.48971889	1.80060720	0.76190320	1.04287651	-2.93739295
0.00000000	13.85115824	12.64434865	-1.18789135	1.73340726	0.60388767	0.95647134	3.06075811
0.00000000	15.76507092	-3.56831049	-1.63070009	1.87791848	0.71769012	1.03879179	-2.51072907
0.00000000	45.00093460	-23.24832443	-1.96179281	2.20845890	0.87402581	0.88820293	1.81337762
1.00000000	32.44272533	-16.55389823	-1.97534512	1.48748755	1.61556664	3.48705053	0.13502789
1.00000000	32.80703645	-13.98015399	-2.00062261	1.64276230	1.69086456	3.69235716	0.09683941
1.00000000	32.94948277	-19.52214178	-2.19427375	1.53626990	1.67298835	3.97687805	-3.11142659
1.00000000	45.50882139	-1.02570935	-1.43699704	1.42564368	1.48731188	3.27007018	0.04877153
2.00000000	23.63295304	1.72043851	-1.43974243	1.84567499	0.66311187	1.91561737	0.26583847
2.00000000	28.69414530	4.10089744	-1.43882785	1.77460146	0.71931403	1.60493192	2.45008659

769	236
745	237
721	234
744	233
769	164
745	163
721	164
744	165

812	244
791	246
756	243
777	241
812	163
791	162
756	163
777	164

758	240
736	242
704	239
726	237
758	165
736	165
704	165
726	166

834	252
812	254
773	250
795	248
834	165
812	164
773	165
795	166

665	225
639	225
631	223
655	223
665	163
639	163
631	163
655	164

-67	246
-97	246
-45	241
-17	242
-67	152
-97	152
-45	154
-17	154

798	247
776	249
739	245
761	243
798	160
776	159
739	160
761	161

970	202
960	201
972	201
982	202
970	166
960	167
972	167
982	167

929	212
960	212
1011	215
977	216
929	181
960	181
1011	181
977	181

871	213
904	213
949	216
912	217
871	179
904	179
949	179
912	179

1074	219
1036	219
984	215
1018	215
1074	184
1036	184
984	184
1018	184

606	197
629	197
633	198
609	198
606	175
629	175
633	175
609	175

537	217
556	217
568	220
547	220
537	163
556	163
568	162
547	162

492	213
480	212
510	211
522	211
492	167
480	167
510	168
522	168

