0.00000000	30.07440818	9.09191182	-1.28561674	1.82539272	0.68834471	1.10913821	0.64065331
0.00000000	21.23709478	2.05273126	-1.48546432	1.76150131	0.76164862	1.43302867	0.57649136
0.00000000	45.03393173	-23.26411981	-2.01634244	2.21846938	0.92959780	0.95177559	1.86390567
1.00000000	32.39998817	-16.55948915	-1.98998145	1.48237681	1.62452867	3.45729966	0.11968297
1.00000000	32.80471250	-13.90399431	-2.00706730	1.63083982	1.69652340	3.62937325	0.07582628
1.00000000	45.47647175	-1.09047890	-1.43805812	1.57221985	1.57938772	3.22992362	0.01486899
1.00000000	32.93021604	-19.50958654	-2.21225272	1.53706598	1.68168560	3.96065932	-3.11157465
2.00000000	21.23709478	2.05273126	-1.48546432	1.76150131	0.76164862	1.43302867	0.57649136

375	208
391	208
400	208
384	209
375	165
391	165
400	165
384	164

513	224
535	224
558	226
535	227
513	166
535	166
558	165
535	165

971	203
959	202
971	202
983	203
971	167
959	167
971	168
983	167

930	212
961	212
1011	216
976	216
930	181
961	181
1011	181
976	181

870	213
904	213
946	217
908	217
870	179
904	179
946	179
908	179

608	197
631	197
634	198
609	198
608	173
631	173
634	173
609	173

1074	220
1036	220
984	215
1018	215
1074	184
1036	184
984	184
1018	184

513	224
535	224
558	226
535	227
513	166
535	166
558	165
535	165

