0.00000000	23.15369907	5.50583538	-1.38527451	1.77657342	0.77748479	1.06418211	-2.45650530
0.00000000	23.80621308	5.11215612	-1.36783538	1.76851296	0.77917168	1.05981341	-2.48286486
0.00000000	23.95370383	7.45292463	-1.31373570	1.86575019	0.76714417	1.10290396	-2.58525276
0.00000000	21.93035076	3.99185733	-1.48262475	1.74195588	0.79014513	0.99349783	-2.50368714
0.00000000	24.71231912	6.53525152	-1.35022209	1.81187499	0.71952649	1.06386252	-2.52232790
0.00000000	23.65650629	6.87037769	-1.34861062	1.82422018	0.78094523	1.05561159	-2.57010126
0.00000000	45.03441359	-23.29464131	-1.98115883	2.17448902	0.88468312	0.87685389	1.88155675
0.00000000	6.90105463	-0.85646479	-1.73370932	1.70560789	0.75508819	1.03548506	-1.16459537
0.00000000	18.56076341	-0.14236099	-1.56761775	1.81236196	0.78993024	1.19202278	-2.20951748
0.00000000	16.71688557	-6.31504184	-1.68270240	1.83436358	0.70780900	0.82292847	-2.19176555
1.00000000	32.32660796	-16.51863738	-1.99214850	1.45014203	1.59086067	3.38545473	0.16533685
1.00000000	32.75660967	-13.86992931	-2.02345119	1.61369467	1.67932824	3.55583555	0.07626393
1.00000000	32.93604600	-19.50078826	-2.19301728	1.56066382	1.65260105	3.93945292	-3.12168670
1.00000000	45.48301195	-1.05875166	-1.42791865	1.53720272	1.51688457	3.12816689	0.12270665

452	220
430	221
415	219
437	218
452	164
430	164
415	165
437	165

468	218
446	219
432	217
454	217
468	164
446	164
432	164
454	165

397	217
373	218
365	216
388	216
397	161
373	160
365	161
388	161

493	225
469	226
455	224
478	223
493	167
469	167
455	167
478	168

430	216
410	217
399	216
419	215
430	163
410	163
399	164
419	164

413	218
389	219
380	218
403	217
413	162
389	162
380	163
403	163

972	202
960	202
971	202
983	202
972	167
960	168
971	168
983	167

726	341
772	358
671	370
633	351
726	172
772	171
671	171
633	172

638	235
620	237
583	234
601	233
638	164
620	164
583	164
601	165

900	242
892	245
855	243
863	241
900	164
892	163
855	163
863	164

929	213
960	212
1011	216
978	216
929	182
960	182
1011	182
978	182

871	213
904	213
945	217
908	217
871	180
904	180
945	180
908	180

1073	219
1035	219
985	215
1018	215
1073	183
1035	183
985	183
1018	183

605	197
628	197
636	198
611	198
605	174
628	174
636	173
611	173

