0.00000000	18.27679935	7.77806232	-1.37061928	1.79835582	0.61122371	0.93236205	2.85524988
0.00000000	23.53104039	5.18632186	-1.44262455	1.76737988	0.66015705	1.05224503	0.52820569
0.00000000	26.45055118	7.60410208	-1.25833009	1.71251929	0.72043554	1.14285907	2.76241922
0.00000000	18.36270533	8.62651373	-1.34208653	1.80730629	0.59133788	1.04529301	2.94685912
0.00000000	44.95645322	-23.25274536	-1.78818510	2.11040187	0.81714172	0.93874673	1.92694354
1.00000000	32.39287577	-16.52889189	-2.00983278	1.49665439	1.63897464	3.51245560	0.20242618
1.00000000	32.80007965	-13.99115638	-1.99305974	1.66094768	1.71196523	3.69853848	0.11152961
1.00000000	32.95155324	-19.53110946	-2.21286247	1.51027238	1.68345586	3.93275493	-3.11432672
1.00000000	45.34770564	-0.92073240	-1.42738054	1.56220746	1.55006239	3.15057761	0.16028544
2.00000000	22.56379880	0.75132470	-1.52130721	1.88575065	0.67151769	1.93758921	0.44594097

295	233
275	233
301	230
321	231
295	160
275	160
301	161
321	161

432	220
451	219
461	221
441	221
432	167
451	167
461	166
441	166

396	212
380	212
400	211
416	211
396	165
380	165
400	165
416	165

263	232
242	232
269	229
290	230
263	159
242	159
269	161
290	160

971	199
960	199
972	199
982	199
971	165
960	166
972	166
982	165

927	213
957	213
1013	216
980	217
927	181
957	181
1013	182
980	182

871	213
904	212
950	216
912	217
871	178
904	178
950	178
912	178

1074	220
1036	220
985	215
1018	215
1074	185
1036	185
985	184
1018	184

602	197
625	197
635	198
610	198
602	173
625	173
635	173
610	173

559	222
578	221
603	224
583	225
559	164
578	164
603	162
583	162

