0.00000000	11.97312757	8.46214294	-1.34805034	1.67951322	0.60646259	0.96913090	1.25839210
0.00000000	11.99548370	9.14152296	-1.31625853	1.75139976	0.57956878	1.00424258	-2.41647291
0.00000000	45.03770627	-23.28969162	-2.04666577	2.20604372	0.91812171	0.98227223	1.86625302
1.00000000	32.41127667	-16.60653604	-2.03272371	1.48979795	1.65036760	3.47593144	0.11854014
1.00000000	32.88049196	-19.51791550	-2.23170398	1.55388272	1.70668442	3.99488838	-3.11364460
1.00000000	32.81511006	-13.86072887	-1.98263548	1.63311207	1.69645266	3.54634053	0.07832345
1.00000000	45.37841897	-1.05191030	-1.47729681	1.47026944	1.51107876	3.12642330	0.04008859
2.00000000	16.38363537	3.12929655	-1.51265500	1.83951902	0.64478458	1.77701602	0.27966663
2.00000000	15.85956749	2.32663406	-1.54423116	1.84882379	0.66441588	1.93524941	0.89801544
2.00000000	15.43424004	0.60155015	-1.59081040	1.84357727	0.66135565	1.93147848	0.48095965
2.00000000	7.93963984	2.58379986	-1.58643411	1.69321895	0.65951583	1.79661136	0.19638987

51	262
89	258
131	260
95	264
51	159
89	160
131	159
95	158

77	261
31	263
27	258
70	256
77	153
31	152
27	154
70	154

971	203
959	203
972	203
983	203
971	168
959	168
972	168
983	168

930	213
963	213
1013	217
977	217
930	182
963	182
1013	182
977	182

1076	220
1037	220
984	216
1019	216
1076	184
1037	184
984	184
1019	184

870	212
904	212
944	216
907	216
870	179
904	179
944	179
907	179

607	198
630	198
634	199
609	199
607	175
630	175
634	175
609	175

450	239
477	238
486	245
456	246
450	162
477	162
486	160
456	160

459	244
481	242
542	247
520	249
459	161
481	162
542	160
520	160

545	245
572	244
612	251
583	253
545	163
572	163
612	161
583	161

349	307
406	305
392	338
319	341
349	165
406	165
392	162
319	161

