0.00000000	17.59998673	-2.17359693	-1.57819603	1.75471616	0.65677417	0.95843665	0.02603198
0.00000000	16.84268901	-1.52297522	-1.56159137	1.76096904	0.66105472	1.01258786	-1.06751728
0.00000000	16.47978958	-2.75596067	-1.59523390	1.77391171	0.70160196	0.95005428	0.38252765
0.00000000	18.80034146	-1.24802589	-1.53905604	1.74392307	0.73720287	1.05507805	-0.52929682
0.00000000	18.57233173	-2.57866508	-1.56328676	1.76167369	0.68285583	0.95582957	0.40911943
0.00000000	25.73763697	2.67732520	-1.47627399	1.89134622	0.65585645	1.00460837	2.90492463
0.00000000	45.03831863	-23.29306414	-1.92577163	2.14703608	0.91203749	0.93942285	1.91398704
1.00000000	32.37214088	-16.52346285	-2.00247858	1.44395852	1.61936377	3.39707293	0.17538944
1.00000000	32.75712415	-13.96461788	-2.03009353	1.66511595	1.68049869	3.55529315	0.04150309
1.00000000	32.94661672	-19.48390634	-2.22706459	1.51708710	1.70359784	3.94780604	-3.12053752
1.00000000	45.63016891	-1.11943044	-1.40043054	1.48656034	1.50664386	3.62669794	-0.03250069
2.00000000	15.52545648	2.04269761	-1.51332388	1.73448253	0.68267247	1.81079491	0.23465155
2.00000000	35.61935425	10.44033201	-1.23606275	1.77167320	0.65508485	1.79628824	-3.05887866

678	236
704	236
711	239
683	239
678	166
704	166
711	165
683	165

680	238
696	240
660	242
644	239
680	165
696	164
660	164
644	164

702	241
728	240
750	243
723	244
702	164
728	165
750	164
723	164

649	230
674	231
656	234
630	233
649	166
674	166
656	165
630	165

684	232
706	231
726	234
703	235
684	165
706	165
726	165
703	164

534	217
516	217
526	216
543	216
534	164
516	164
526	164
543	164

972	201
960	201
971	201
983	201
972	167
960	167
971	167
983	167

928	213
959	213
1012	216
978	216
928	182
959	182
1012	183
978	183

874	213
908	213
946	217
908	217
874	179
908	179
946	179
908	179

1073	220
1034	220
984	216
1018	216
1073	185
1034	185
984	185
1018	185

610	196
632	196
633	198
608	198
610	174
632	174
633	173
608	173

491	242
521	241
532	249
498	249
491	165
521	165
532	163
498	163

397	203
384	203
392	202
405	202
397	167
384	167
392	167
405	167

