0.00000000	33.01049785	9.99493850	-1.27579258	1.78411567	0.72423675	1.07049166	-3.11842155
0.00000000	21.27544252	13.38401092	-1.12262712	1.75564265	0.67608443	0.70550105	2.87475109
0.00000000	24.10884907	4.96615360	-1.44170938	1.70057845	0.72867259	0.86604576	0.50444961
0.00000000	29.11194249	4.01415072	-1.53294955	1.77938271	0.72365293	0.90304197	0.43183094
0.00000000	45.00481957	-23.29532630	-1.93153886	2.16592956	0.84326259	0.78787090	2.04406548
0.00000000	44.66504549	13.96634704	-0.83870647	1.85373914	0.74215398	0.87796889	-3.03537202
1.00000000	32.38040021	-16.50774918	-2.03583537	1.48582458	1.60699722	3.39772231	0.16128431
1.00000000	32.94308562	-19.51281021	-2.19573687	1.52035522	1.69313770	3.93605075	-3.10917234
1.00000000	32.85950109	-13.93860265	-2.02523712	1.60632384	1.62042819	3.56230328	0.06247646
1.00000000	45.54892590	-1.09743821	-1.45011065	1.45232701	1.63048914	3.52335917	0.05425496

392	206
376	206
383	205
398	205
392	166
376	166
383	167
398	167

151	219
132	218
154	217
172	217
151	158
132	158
154	159
172	159

442	219
463	218
471	219
450	220
442	169
463	169
471	169
450	168

494	213
511	213
517	214
500	214
494	170
511	170
517	170
500	170

974	201
962	201
970	201
982	201
974	167
962	167
970	167
982	167

385	192
373	192
376	191
388	191
385	162
373	162
376	162
388	162

928	213
959	213
1011	217
977	217
928	182
959	182
1011	182
977	182

1074	219
1036	219
984	215
1018	215
1074	184
1036	184
984	184
1018	184

872	213
905	213
945	217
908	217
872	180
905	180
945	180
908	180

606	197
631	197
636	198
609	198
606	175
631	175
636	175
609	175

