0.00000000	17.66151378	8.62953286	-1.31596754	1.84187150	0.62056956	0.96315875	-3.09856248
0.00000000	30.01044173	9.79629316	-1.18967364	1.79609716	0.74650190	0.97728325	-0.79438150
0.00000000	27.01983703	7.87015714	-1.21561478	1.75757074	0.74488058	1.13814716	0.14274047
0.00000000	17.57457005	7.80020764	-1.36408566	1.72054327	0.63153611	0.89633582	2.91152906
0.00000000	30.46501310	8.29028832	-1.21457265	1.80001545	0.74688588	1.01686073	0.47971365
0.00000000	30.66992760	9.26525969	-1.20953176	1.76971817	0.69381485	0.89374428	-1.67136753
0.00000000	43.66002334	-21.29966993	-2.04757748	1.87884343	0.79067357	0.87012304	1.58265471
0.00000000	44.94786513	-23.26538908	-1.85228703	2.16803265	0.86812918	1.17270092	1.96157444
0.00000000	31.85797491	10.00302465	-1.21578191	1.73453915	0.67562422	0.86767838	-2.64883709
0.00000000	24.16701568	5.87125828	-1.36635528	1.75544882	0.71029765	1.43926928	2.96330953
1.00000000	32.85969935	-13.89734745	-2.00318972	1.61870396	1.71633049	3.72265326	0.09787240
1.00000000	32.41324425	-16.48913371	-1.99721621	1.50268865	1.63711215	3.53988566	0.20067643
1.00000000	32.95720000	-19.52873970	-2.19487534	1.54054523	1.69495156	3.91304964	-3.11233401
1.00000000	45.35352807	-1.04548555	-1.50659500	1.59062052	1.55125543	3.03825924	0.03965235
2.00000000	39.49792762	3.52658222	-1.42026136	1.87820053	0.72078368	1.92770974	-3.07378721
2.00000000	24.16701568	5.87125828	-1.36635528	1.75544882	0.71029765	1.43926928	2.96330953
2.00000000	19.78904323	0.63660270	-1.54874561	1.79144049	0.71643050	1.88774639	0.55650949
2.00000000	30.99386818	2.00306240	-1.42483054	1.84941125	0.71124474	1.89025371	0.30121630

257	233
230	233
249	231
274	230
257	156
230	156
249	157
274	157

377	206
385	206
363	207
355	206
377	164
385	163
363	163
355	163

388	209
408	209
403	210
383	210
388	163
408	163
403	163
383	163

284	235
261	235
286	232
308	233
284	163
261	163
286	164
308	164

398	206
415	205
421	206
403	206
398	164
415	164
421	163
403	163

401	206
395	206
374	206
381	205
401	165
395	164
374	164
381	165

947	204
940	204
954	204
961	204
947	173
940	174
954	174
961	173

971	200
959	200
972	200
984	200
971	165
959	166
972	166
984	165

389	205
373	205
370	205
385	205
389	166
373	166
370	166
385	166

431	218
411	218
429	216
448	216
431	165
411	165
429	166
448	165

869	213
902	213
947	217
909	217
869	179
902	179
947	179
909	179

926	213
956	212
1012	216
979	216
926	181
956	181
1012	181
979	181

1074	219
1036	219
984	215
1018	215
1074	184
1036	184
984	183
1018	183

607	198
630	198
634	199
609	199
607	174
630	174
634	174
609	174

546	202
533	202
534	201
547	201
546	167
533	167
534	168
547	168

431	218
411	218
429	216
448	216
431	165
411	165
429	166
448	165

554	229
576	228
611	232
588	233
554	166
576	166
611	165
588	165

545	208
560	207
571	209
555	209
545	166
560	166
571	165
555	165

