0.00000000	31.34117628	16.38980414	-0.73746059	1.99942374	0.64571759	0.47377713	0.84859914	35.367994152363174	1.0889593396389647
0.00000000	4.86805941	-3.76916434	-1.76471613	1.77841818	0.69666324	0.97975645	-2.96426940	6.156671360501321	2.229646563556437
0.00000000	8.83514003	-4.76314645	-1.63751898	1.84854269	0.90025256	0.94741865	-2.16732597	10.037293631943623	2.0652432572344996
0.00000000	5.48935940	-4.64605532	-1.74481003	1.82568669	0.78939254	0.99437276	-2.52398324	7.191585128389197	2.2731819917181415
0.00000000	13.96157616	2.27181786	-1.54374180	1.76282024	0.78290364	0.94195683	-3.06305552	14.14520290630344	1.409490774354179
0.00000000	13.51881404	2.98819793	-1.53752051	1.89047885	0.88967006	1.00263004	0.13296486	13.845131271207126	1.353254301953681
0.00000000	14.91273202	1.67649169	-1.53456173	1.79615438	0.80024263	1.03156684	-0.07805921	15.006671872436351	1.4588462091904706
1.00000000	24.08502980	-16.37661645	-1.98141501	1.46652675	1.60650611	3.40277270	0.07547556	29.12528500834453	2.1679388061421965
1.00000000	24.23429991	-13.78541369	-1.96187953	1.54619956	1.59936108	3.38610411	0.07096992	27.880798459374606	2.087988086461383
1.00000000	37.14564223	-0.80299126	-1.37505625	1.51043677	1.55464458	3.22361557	0.02556575	37.154320497659434	1.5924103349174101
1.00000000	24.80791493	-19.26376694	-2.11802636	1.52493119	1.68558077	3.88557911	-3.11015487	31.409001255894047	2.231053435452781
2.00000000	27.49046275	9.42894283	-1.18648491	1.77896190	0.77231017	1.64199597	-3.10341978	29.06252750709315	1.2403804520659176
2.00000000	13.56629823	5.89170456	-1.47316859	1.77116299	0.64228503	1.88854258	-3.02527761	14.790423600682502	1.161083545539276
2.00000000	14.83861898	4.74597780	-1.48502801	1.78478932	0.65697969	1.97987117	-3.09171271	15.579118027401586	1.261238899479898
