0.00000000	8.14826426	-1.70047158	-1.62478397	1.78208447	0.74476764	1.06560855	-2.51598358	8.32381006782237	-0.2057384077974987
0.00000000	11.33246673	-1.78723586	-1.54576478	1.80645919	0.74853560	1.03109526	-2.94729662	11.472533033546988	-0.15642098561327603
0.00000000	31.31854409	16.39814879	-0.68737696	1.93742132	0.60972642	0.50501098	1.17552221	35.351810245817006	0.4823428312683605
0.00000000	12.21584395	-4.12953778	-1.60393761	1.83451438	0.74773658	1.03016739	2.38013339	12.894957374384722	-0.3259874541482324
0.00000000	10.54629778	-1.13578847	-1.55983303	1.76361728	0.73381317	1.03875689	-2.39172769	10.60728109899129	-0.10728197924657781
0.00000000	10.21491854	-0.38822074	-1.59171436	1.80553710	0.77298684	1.07599152	-2.48319530	10.222293095083993	-0.03798698784359047
1.00000000	24.79662895	-19.22116844	-2.05676256	1.51878095	1.64649094	3.82818862	-3.10819602	31.37397207053691	-0.6594053244347672
1.00000000	24.07562607	-16.32864224	-1.95253126	1.42709112	1.57339181	3.33715207	0.06953216	29.09055393189301	-0.5959604967039535
1.00000000	24.28661648	-13.77306612	-1.93901954	1.51519251	1.56963970	3.39345461	0.05721208	27.92019144620071	-0.515880876107866
1.00000000	37.26476368	-0.83097910	-1.33009742	1.40218639	1.53768784	3.36927709	0.00593318	37.27402766526424	-0.022295630550087122
2.00000000	31.19286738	5.46531928	-1.31522654	1.79322374	0.66357686	1.73292913	-3.11685181	31.668038938630346	0.1734499473780871
2.00000000	23.06952727	-1.92230375	-1.48077176	1.90812600	0.70341182	1.79484565	0.31053948	23.149478183504215	-0.08313447951095236
2.00000000	31.28304983	4.34636317	-1.29423020	1.78163099	0.71309444	1.71071605	-3.07222414	31.583541275034303	0.138052912721637
