0.00000000	9.04117132	-0.47004599	-1.64007018	1.80742407	0.77529895	1.06661610	-2.58002543	9.053381802967642	-0.05194273637731491
0.00000000	9.55511959	-2.56016129	-1.58690963	1.78902841	0.72739360	1.02911160	-2.45552969	9.89215528638811	-0.26178715399931995
0.00000000	9.13933892	-1.76123067	-1.62272845	1.77975821	0.77125414	1.03678311	-2.42799163	9.307494258261748	-0.19037502336251505
0.00000000	31.33475153	16.37449014	-0.70191286	1.95913434	0.62328130	0.48633116	1.20604455	35.35520585135652	0.4815373665648624
0.00000000	10.24347920	-3.15689539	-1.58685492	1.79333735	0.77459742	1.02390357	-2.15010643	10.718901745245914	-0.2989497306689666
0.00000000	20.48823081	7.32785024	-1.34009479	1.85756159	0.82613794	1.32674998	-3.14143157	21.75925069628321	0.3434837890565126
1.00000000	24.80845451	-19.22148090	-2.04792080	1.51052070	1.63282391	3.81858004	-3.12687945	31.38351068895582	-0.6591823430547331
1.00000000	24.07335984	-16.34025323	-1.94052825	1.41380620	1.55090172	3.32226941	0.08754142	29.095197706952433	-0.5963344901272087
1.00000000	37.16159620	-0.81874446	-1.35793386	1.51338553	1.58395955	3.10201770	-0.00475506	37.170614396625666	-0.02202844083423005
1.00000000	24.32210822	-13.78783552	-1.92819933	1.52181268	1.54700373	3.39562077	0.04973319	27.95835039110794	-0.5157141698397499
2.00000000	37.64413031	4.33783782	-1.32803224	1.73738289	0.64536313	1.80904677	3.02212429	37.893236649155256	0.11472676324358898
2.00000000	37.59744544	5.65209891	-1.30441878	1.73775983	0.72604810	1.80665176	3.09212303	38.01991748678842	0.14921461945387135
2.00000000	20.48823081	7.32785024	-1.34009479	1.85756159	0.82613794	1.32674998	-3.14143157	21.75925069628321	0.3434837890565126
