0.00000000	8.73329702	-4.77654307	-1.64158509	1.81758833	0.91145886	0.93971052	-2.19365883	9.954187085799921	2.071283084467411
0.00000000	13.60511905	3.05100240	-1.54151938	1.87463069	0.85735399	1.02470870	0.21688393	13.943022628163476	1.350192049046294
0.00000000	5.42631839	-4.69952508	-1.75145857	1.79719198	0.74569418	0.98026771	-2.55048895	7.178472487040763	2.2845412934159777
0.00000000	14.10121039	2.49954274	-1.55806242	1.73925090	0.80572061	0.97344235	0.27443078	14.321028188371486	1.3953612607855717
0.00000000	31.30577238	16.37578512	-0.78652809	2.00326657	0.65166711	0.52824534	0.83535343	35.33012485973952	1.0888465872296897
0.00000000	14.98408067	1.77805800	-1.55144594	1.75203168	0.80725260	0.98043696	0.10406225	15.089206863729839	1.4526854950570494
0.00000000	4.91963750	-3.65393287	-1.75885783	1.79811931	0.68230307	0.94741442	-2.80522990	6.12813662950433	2.2096245129774044
1.00000000	24.04515116	-16.30688843	-2.01858745	1.43561816	1.58419938	3.21606837	0.08456092	29.053122114081255	2.166725915339879
1.00000000	24.24706911	-13.78681409	-1.99408827	1.56292129	1.58281938	3.32357287	0.05647963	27.89259047089995	2.087805372182665
1.00000000	37.25432095	-0.88850072	-1.35585568	1.52617145	1.56804558	3.22267350	0.02994208	37.264914637968104	1.5946414082254956
1.00000000	24.71855816	-19.19891019	-2.15209905	1.52368212	1.68510079	3.90344984	-3.13211036	31.298646456244533	2.2311677594451145
2.00000000	14.31390863	4.73298776	-1.46888612	1.76688290	0.66694555	1.96748486	-3.08410478	15.076112012196589	1.2514568016100003
2.00000000	13.09699259	5.86810363	-1.48354064	1.71074653	0.62355956	1.88149826	-3.09431577	14.351510551678317	1.1495654530593271
2.00000000	27.67303868	9.49021390	-1.17467854	1.72652912	0.73289816	1.77609936	3.13591313	29.255106044116975	1.2404241203150723
