0.00000000	31.32437405	16.37371465	-0.72191189	1.97308755	0.62961896	0.48875064	0.97327763	35.345649535182375	1.0891424269276018
0.00000000	20.93219506	8.48347764	-1.24843882	1.78969848	0.72361192	1.17773751	0.17137200	22.585973144814204	1.1857433437598517
0.00000000	37.23646214	11.63221660	-0.87138401	1.80794895	0.64020471	0.63801027	-0.56077927	39.011057095815396	1.2680136767306438
0.00000000	6.49491988	0.03121527	-1.61792384	1.68772399	0.66678140	0.88442258	3.11390162	6.494994891506875	1.5659902583234562
0.00000000	36.46934409	12.69799283	-0.79618798	1.89620352	0.62791219	0.75923055	-0.60703564	38.616733164077324	1.2357414449391373
0.00000000	20.86465233	9.23053591	-1.18800519	1.82174456	0.73648926	1.16805097	0.10892510	22.815269230004144	1.1542799584974501
0.00000000	36.32847635	3.03741003	-1.31974004	1.71063673	0.59522351	1.03508187	0.53522336	36.45523355573043	1.4873807219356674
0.00000000	36.28316428	13.75362999	-0.77544187	1.93170214	0.68275442	0.76271390	-2.88940096	38.80245286153048	1.208467741379712
0.00000000	37.20355787	3.18536758	-1.29901860	1.67899966	0.63277957	0.97358141	1.27072096	37.33967440680427	1.4853846598021838
0.00000000	21.31910324	7.82742500	-1.29914747	1.80885172	0.74418760	1.15237879	0.22999492	22.710630662498204	1.218920741543478
0.00000000	35.59322859	3.53295929	-1.33966253	1.73116469	0.62538625	1.18314483	-0.05023732	35.76813837488318	1.4718610849637597
1.00000000	24.80692362	-19.21372476	-2.03777901	1.52524197	1.63505234	3.81596308	-3.10641694	31.377550551971883	2.22981315178797
1.00000000	24.07777184	-16.32575863	-1.95350878	1.42551696	1.56241012	3.34875960	0.08750044	29.09071143207255	2.1666333843419117
1.00000000	4.67395814	2.75431683	-1.61734984	1.53650308	1.66915467	3.63326261	-0.00117095	5.425140172796783	1.0382890414502608
1.00000000	24.29547812	-13.78211724	-1.92926000	1.48964787	1.56067986	3.36537047	0.05301504	27.932364967838005	2.0868025677097597
1.00000000	37.16202284	-0.73762944	-1.32889257	1.48237681	1.54628236	3.27123655	0.04317195	37.16934272692263	1.5906427327574093
