0.00000000	11.91009597	1.52034258	-1.57709561	1.88147283	0.88926860	1.04359553	-2.71529293	12.006740922297412	0.1269649242827221
0.00000000	12.53379019	0.85218831	-1.55307386	1.76808834	0.80745628	1.04005258	-2.48222351	12.56272746829449	0.0678867891068234
0.00000000	31.32969204	16.38652902	-0.73080848	1.94703746	0.64911882	0.61887134	0.56424123	35.356299815514376	0.4819054234643445
0.00000000	6.61931791	-3.53386528	-1.71401034	1.87554789	0.79579416	1.01888297	-2.40065098	7.5035707107240786	-0.4903762320820167
0.00000000	13.44185252	0.18790647	-1.52215407	1.73522198	0.82161881	1.05057986	-2.51767993	13.443165847779243	0.01397829882710384
0.00000000	10.26866687	-4.24593122	-1.62972436	1.72627068	0.83640500	0.98545457	-2.46018434	11.111860834801986	-0.3920763477060363
0.00000000	25.26661471	9.00695198	-1.27479158	1.83946824	0.76912579	1.15646673	3.12242842	26.824000500924807	0.3424327541233019
1.00000000	24.13072837	-16.34877606	-1.95077769	1.45569086	1.57741198	3.36269548	0.09041484	29.147461816198543	-0.5954710478302274
1.00000000	24.79190074	-19.21126027	-2.06968031	1.53684068	1.65164628	3.92980419	-3.11128354	31.36416527605498	-0.6592480026939013
1.00000000	37.30255679	-0.75992032	-1.31752799	1.47952116	1.53005751	3.43398609	0.08078682	37.31029646041323	-0.02036898504081121
1.00000000	24.31198421	-13.78710646	-1.94662724	1.53214312	1.56375389	3.38190386	0.04493261	27.94918390162158	-0.5158701128519627
2.00000000	20.67778863	5.50990356	-1.44769261	1.79044414	0.79685489	1.79159061	-2.81738520	21.399298583539085	0.2604139513349165
2.00000000	21.77272094	4.62164126	-1.43147645	1.80144322	0.77794869	1.80389520	-2.70797372	22.257828848907273	0.2091629372394308
2.00000000	31.21420459	2.83612452	-1.40461967	1.96701980	0.67596773	1.81429276	-0.24592723	31.342784982820564	0.09061125854453556
