0.00000000	8.75982109	-0.85532038	-1.60796760	1.76820421	0.71862387	1.03890355	-2.73056126	8.801479334819355	1.6681290983865789
0.00000000	31.32170376	16.35329347	-0.70111011	1.94392443	0.61494543	0.47197550	1.19779444	35.33382704640332	1.0896196144817138
0.00000000	9.89827608	-2.07716289	-1.57270501	1.74638677	0.67622920	1.03350721	-2.54141426	10.113875371364497	1.7776457865230904
0.00000000	12.98743047	-4.18231613	-1.61291061	1.80259705	0.80437056	0.95026297	-0.08289693	13.644233889242098	1.8823378005699183
0.00000000	9.43366603	-1.33839657	-1.56185601	1.80013895	0.70925778	1.05500017	-2.52778101	9.528135187126793	1.7117302507652443
0.00000000	10.57064910	-2.65788028	-1.56109391	1.76564574	0.72148105	1.03299155	3.07366347	10.899676599704401	1.817129492305138
0.00000000	21.03752588	7.59037419	-1.28844092	1.83821166	0.78211466	1.24327431	0.48737782	22.364956416141034	1.2245312456922495
1.00000000	24.80177628	-19.22966493	-2.06076048	1.52624643	1.66005853	3.90643634	-3.13974237	31.383245848115237	2.2303151436884234
1.00000000	24.08608386	-16.33333783	-1.93864612	1.43034697	1.56780481	3.35344829	0.09095974	29.101844621601934	2.1666886531617418
1.00000000	37.16327266	-0.81061313	-1.36866329	1.47294426	1.53745429	3.20192356	0.02833980	37.172112240872615	1.5926050791693231
1.00000000	24.32003774	-13.78626572	-1.93924926	1.49685121	1.55979583	3.40678566	0.05776258	27.955775041616562	2.08649817135265
2.00000000	35.63630204	4.39392391	-1.35485909	1.77223039	0.64563132	1.81783061	3.08289576	35.90616368275756	1.4481164152805268
2.00000000	35.59993192	5.57311209	-1.33355783	1.79935336	0.65555443	1.79773569	3.06352639	36.0335223240296	1.415508317682162
