0.00000000	12.92755980	10.66120800	-1.26640592	1.83876622	0.67951867	1.07831696	3.08936763	16.756585523364837	0.8811817456019443
0.00000000	31.34632863	16.36723217	-0.76703332	1.89813614	0.56872540	0.44793161	1.30785775	35.36210694354397	1.0895924942835553
0.00000000	17.56327027	7.31724438	-1.33733747	1.83790100	0.68348881	1.16943411	-0.02831413	19.026574255333184	1.1760432865884871
0.00000000	39.31064606	13.66426066	-0.74956892	1.89460337	0.72483875	0.66823724	-0.34551939	41.61777160107227	1.2362639114709075
0.00000000	39.75613494	12.47853480	-0.81113086	1.88774514	0.73136460	0.76328704	-0.16697048	41.66850244635989	1.2666574954479244
0.00000000	18.30708228	6.10935563	-1.41462336	1.74532318	0.73349343	1.06369163	0.48462856	19.29957221858823	1.248701934908147
0.00000000	17.88728363	6.66772943	-1.35667871	1.77180576	0.70030258	1.17547324	0.09659152	19.0896184197525	1.2139877177136345
0.00000000	32.97690592	11.74615057	-0.87299631	1.77888203	0.82217141	1.07760249	-0.08352998	35.00640480354477	1.2286148445832383
1.00000000	24.79741197	-19.20255485	-2.03868548	1.53516257	1.65907756	3.86210304	-3.12506485	31.363191055394182	2.229717290728698
1.00000000	24.06421712	-16.33639273	-1.93440364	1.41904378	1.56251867	3.35971650	0.08401786	29.085464978701953	2.167197534004442
1.00000000	24.30850581	-13.78370461	-1.92387442	1.52608275	1.58970560	3.42271861	0.03511579	27.944480089823443	2.0866219485819024
1.00000000	37.27819794	-0.73192245	-1.24445913	1.39723778	1.53037702	3.17090781	0.16557623	37.285382553041266	1.590427866435611
