0.00000000	8.93765123	-0.57201887	-1.62829111	1.81864560	0.77169538	1.07846503	-2.55500221	8.955937421440405	-0.06391385697117934
0.00000000	9.64546706	-2.40645911	-1.58902214	1.80656457	0.78020410	1.03072257	-2.43798065	9.941130733153399	-0.24449973120238128
0.00000000	10.26842469	-2.99867329	-1.57503150	1.80146420	0.76762940	1.05766089	-2.82090378	10.697316818453169	-0.28412759893539397
0.00000000	31.33275885	16.41666011	-0.66999481	1.97175455	0.62710125	0.48922453	1.21683717	35.37299119836374	0.48262004202258113
0.00000000	9.21677727	-1.61466348	-1.62454138	1.80273676	0.74824408	1.01738823	-2.48441553	9.357142801006852	-0.1734275166773791
0.00000000	13.22833739	-4.22399922	-1.62562488	1.86885476	0.74784897	1.08722009	-3.11264420	13.886363077286747	-0.30908094639642103
1.00000000	24.78722522	-19.22363043	-2.04016904	1.52211308	1.64280534	3.82463681	-3.12059903	31.368049047019582	-0.6596510208405904
1.00000000	24.06267869	-16.33368291	-1.94524441	1.40730083	1.56644896	3.30570873	0.09693255	29.08267015152849	-0.5963538279609574
1.00000000	24.28373036	-13.78206077	-1.94057993	1.49126387	1.54888395	3.37008269	0.05216376	27.92211953389568	-0.5162120758866537
1.00000000	37.33210815	-0.80950135	-1.36011253	1.42788815	1.56935453	3.40863843	-0.00927432	37.34088364459187	-0.021680385965214617
2.00000000	20.64577780	7.39624626	-1.32390926	1.79702139	0.78974162	1.61130930	0.10922599	21.930631539140336	0.3440010475511379
2.00000000	37.08228312	5.62890956	-1.31204222	1.74201250	0.73293808	1.82168170	3.08742738	37.50707058977675	0.150645100703237
2.00000000	37.11313448	4.30864033	-1.31726215	1.74867940	0.65261420	1.81069813	3.08583498	37.36240265860679	0.11557735995232289
