0.00000000	8.76189596	-2.19712006	-1.60942469	1.86058199	0.80006515	1.07853703	-2.40959167	9.033169840754613	1.8164887632291475
0.00000000	9.40374450	-0.09753077	-1.62531565	1.75519466	0.78059019	1.08203802	-2.45649147	9.404250255728899	1.5811674372790137
0.00000000	31.33278144	16.38703848	-0.69347976	1.96048522	0.63864020	0.48948605	1.06225181	35.35927350656132	1.088918630145771
0.00000000	19.81322765	7.10099622	-1.35135875	1.82534337	0.82155952	1.30942433	-3.04644108	21.047283369289705	1.2266607864516272
0.00000000	13.74133637	-4.17714119	-1.65860043	1.85064673	0.78906911	1.01974222	-3.12754536	14.362201563641955	1.8659038007537545
0.00000000	9.17020346	-2.99270028	-1.62796329	1.79826653	0.74689702	0.99880068	-2.40330815	9.646185073059092	1.8862492014908474
0.00000000	9.87818806	-3.56634040	-1.61916385	1.80374527	0.71623349	1.01508357	2.92788553	10.502256100352852	1.9172650619272782
1.00000000	24.07914212	-16.34118494	-1.95288013	1.43729484	1.58960537	3.34752924	0.07124646	29.100505330293508	2.167045714985511
1.00000000	24.77315853	-19.23099944	-2.05991689	1.51057768	1.64515000	3.86818898	-3.13445616	31.36145282052144	2.230907902945563
1.00000000	24.30881701	-13.79268420	-1.95080958	1.53680325	1.59908219	3.38890364	0.05774233	27.94918105896119	2.0868959357629517
1.00000000	37.11469550	-0.74332890	-1.36117290	1.55027187	1.59312251	3.17301593	0.00728861	37.12213840703813	1.5908215358611484
2.00000000	39.75430539	5.69771466	-1.27449248	1.79746902	0.66185641	1.83141420	3.06719232	40.16053721488499	1.4284425562183756
2.00000000	39.77845844	4.43385777	-1.31059359	1.70158029	0.61612643	1.82802411	3.06778741	40.02480294251799	1.4597907404003845
2.00000000	19.81322765	7.10099622	-1.35135875	1.82534337	0.82155952	1.30942433	-3.04644108	21.047283369289705	1.2266607864516272
