0.00000000	16.90280312	6.85507624	-1.35822032	1.71729755	0.69249853	1.23034457	0.20714217	18.239978716262097	0.3852890226399065
0.00000000	31.28624966	16.35698770	-0.75710772	1.90409636	0.58875613	0.48676533	0.84966588	35.30411398698176	0.48173425960491045
0.00000000	40.37013054	12.81208239	-0.75905822	1.86662936	0.70664075	0.80936049	-0.31560931	42.354420017098434	0.30731123805714866
0.00000000	12.19327450	10.67288047	-1.28096412	1.78020883	0.66224995	1.05235820	3.07468939	16.20451543734825	0.7190048684033469
0.00000000	17.88293813	5.55060788	-1.44824419	1.74651027	0.74153033	1.13028076	0.37725425	18.72454869947273	0.3009574957308624
0.00000000	17.45312967	6.05932537	-1.40350018	1.76780772	0.71746291	1.20302949	0.25143281	18.475041521397454	0.3341576957332986
0.00000000	34.95187257	0.38908155	-1.38361965	1.70745683	0.67941531	1.14002087	-0.62172121	34.954038115818165	0.011131463093765595
0.00000000	6.56902225	-1.00188757	-1.63427399	1.74737716	0.77216766	1.07573357	-2.43375731	6.64498547958651	-0.15135064825927147
1.00000000	24.78146051	-19.21458056	-2.06799750	1.52161312	1.66332533	3.85661439	-3.13703465	31.35794781399796	-0.6595356302674974
1.00000000	24.06596385	-16.36565359	-1.93203626	1.42696786	1.57208929	3.31497130	0.05530819	29.103354333433572	-0.5971993369073773
1.00000000	24.31458172	-13.77985101	-1.89101718	1.49024236	1.56178459	3.34446681	0.08969472	27.94786535813346	-0.5155984432908314
1.00000000	37.26771505	-0.59867156	-1.26047276	1.40158343	1.56518739	3.89656707	0.15404551	37.272523293771634	-0.016062698518137606
