0.00000000	12.57698661	2.15527384	-1.58011899	1.87332177	0.85603838	1.00190451	-2.41476130	12.760321215138264	0.1697179480337273
0.00000000	9.68033013	-4.37270340	-1.61013244	1.78738987	0.83646680	1.00384872	-2.46046448	10.622114970671207	-0.4242751799136394
0.00000000	6.13771614	-4.00203278	-1.71179924	1.90868425	0.78625334	1.05570665	-2.44420338	7.327197676288734	-0.5778075614543228
0.00000000	31.33256310	16.35813211	-0.75324724	1.95798111	0.65188777	0.60261617	0.63295472	35.34569275801077	0.48115586872720983
0.00000000	13.18591017	1.50203454	-1.56148825	1.78533161	0.79840555	0.98405049	-2.36129785	13.271184377087918	0.11342318095769564
0.00000000	14.09618980	0.77650923	-1.53667162	1.78315353	0.81167739	1.03577187	-2.36608887	14.11756117259278	0.0550308433800667
0.00000000	26.22210854	9.12493656	-1.28703831	1.87270021	0.86115991	1.17713668	-3.13546300	27.76442766396537	0.33487982122016785
1.00000000	24.77154230	-19.20421751	-2.11312840	1.56508887	1.70560479	3.92917708	-3.11006331	31.34375979508648	-0.6594682389888273
1.00000000	24.04216465	-16.33774168	-1.98903296	1.47548938	1.61818297	3.43150936	0.07377135	29.067980395275466	-0.596865713201301
1.00000000	24.30435231	-13.78702239	-1.99962876	1.56127024	1.61374400	3.44367341	0.05522625	27.942503960650406	-0.5160022278955011
1.00000000	37.35915485	-0.78133784	-1.35290454	1.43245935	1.49689693	3.27530660	0.04446103	37.3673244951588	-0.020911178336219992
2.00000000	18.87736697	4.81143249	-1.43445859	1.77095211	0.76361126	1.81555560	-2.92099738	19.48088463920144	0.2495647721692272
2.00000000	17.59627367	5.65371513	-1.44234071	1.73036444	0.81898790	1.76283890	-2.76646447	18.4822439611841	0.3108834134411333
2.00000000	33.68793287	4.31788344	-1.35308836	1.80140865	0.67480732	1.71472148	-1.33146513	33.963523646039036	0.12747795001112025
