0.00000000	17.18973361	5.83126921	-1.37131093	1.75798440	0.75942717	1.11860884	0.40845177	18.151877098037485	0.32704791825913193
0.00000000	16.71164161	6.66571667	-1.34577523	1.80370665	0.68335949	1.24199547	0.12049075	17.991963317709363	0.37952897809957525
0.00000000	31.29282249	16.37795097	-0.78554199	1.90429652	0.58379279	0.46344721	1.08468497	35.319654830793205	0.4821740203004214
0.00000000	40.71622397	12.81141231	-0.79179202	1.92716372	0.68351258	0.68215798	-0.40539828	42.68422635766077	0.30484355840324096
0.00000000	6.56716196	-1.09507661	-1.65180121	1.74688148	0.77630877	1.05246556	-1.93801343	6.657838161944171	-0.16523010602971916
0.00000000	32.06785855	11.29241492	-0.91797982	1.81788003	0.83262215	1.08652632	-0.06991039	33.9980321005238	0.33858109245397344
0.00000000	11.87484139	10.63643506	-1.28668998	1.84942603	0.68436077	1.01126017	3.06158066	15.941944951079662	0.7304408493247614
0.00000000	17.70447304	5.24996205	-1.39882110	1.77060163	0.79775907	1.07413483	0.40940306	18.466468724434755	0.28827311353699175
0.00000000	34.97706463	0.26920469	-1.36799882	1.74986005	0.65446374	1.07758077	-0.55679452	34.97810059589164	0.007696454157706101
1.00000000	24.13404866	-16.35941392	-1.92248021	1.42415941	1.57237869	3.31923021	0.07356733	29.15617822227628	-0.5957092330788607
1.00000000	24.77722419	-19.20816396	-2.06061767	1.52294397	1.66006559	3.86181693	3.13853359	31.35066827478744	-0.6594566818488883
1.00000000	24.32085338	-13.78518406	-1.89996956	1.47315073	1.58363502	3.34382496	0.08905015	27.955951221511594	-0.5156537969739239
1.00000000	37.06699422	-0.78054980	-1.31027029	1.42351770	1.53689479	3.90528974	0.22226200	37.07521164465273	-0.02105470037874877
