0.00000000	19.25479362	8.52055048	-1.26077865	1.94164288	0.71854929	1.32097225	-2.85013437	21.055803424021153	0.4166126631999383
0.00000000	31.35390282	16.37526060	-0.77281449	1.96364081	0.59265138	0.48565700	1.13388097	35.372537112340645	0.4813059179256356
0.00000000	19.37783768	7.71652272	-1.30028019	1.84088802	0.75140603	1.23674109	-2.93680120	20.857739955246924	0.37896561695173353
0.00000000	14.76101499	10.81232774	-1.22461651	1.85736513	0.65904087	1.07071886	3.06122327	18.297376716135517	0.6322016091546236
0.00000000	19.81562690	7.15727555	-1.34814809	1.90213907	0.77813064	1.23896293	-3.02369308	21.068594227869866	0.34661174337587064
0.00000000	38.04389301	13.06054718	-0.88045071	1.92157245	0.61760396	0.78327773	-0.15045908	40.22332268718402	0.33069542641993305
0.00000000	38.53928917	12.13701399	-0.94670437	1.87094951	0.63517674	0.65870881	0.12380649	40.405246173267344	0.30509326245546103
0.00000000	35.34282634	2.10312291	-1.32399927	1.68862343	0.62885865	1.05118320	0.27849099	35.405345636979234	0.059436270313434375
0.00000000	34.71348411	12.97247786	-0.76288102	1.84177399	0.80378393	1.16499059	-0.04485085	37.058213136677445	0.3576316921576499
0.00000000	6.74277356	-0.57533917	-1.64032398	1.72927129	0.77687063	1.08067825	0.57948971	6.767274964265259	-0.08512060355543535
1.00000000	24.79656119	-19.22398429	-2.05957268	1.53202009	1.66528648	3.90456382	-3.12805700	31.375643719796106	-0.6594775791711555
1.00000000	24.08983833	-16.34485910	-1.94051419	1.43380010	1.57837680	3.39403184	0.06730995	29.11141923308429	-0.5961474966592593
1.00000000	24.28285197	-13.78319765	-1.91447226	1.51615763	1.57227783	3.42321929	0.04337822	27.92191679050524	-0.516263014470722
1.00000000	37.34924919	-0.76011858	-1.31138895	1.44399023	1.55671160	3.45484771	0.08636913	37.35698322017421	-0.020348833730545694
