0.00000000	11.02458803	0.57181057	-1.59224067	1.86388707	0.86817781	1.07483746	-2.44021320	11.039407074620584	0.05182040714295644
0.00000000	12.41539528	-0.84887053	-1.54689477	1.84733653	0.86588640	1.09587751	-2.51783657	12.444381106963446	-0.06826616839824329
0.00000000	11.42988456	-0.07144526	-1.57995651	1.78691435	0.83141013	1.03090625	-2.42583942	11.430107850764264	-0.0062506606387001395
0.00000000	31.37654505	16.42329567	-0.68345879	1.97168875	0.62744112	0.49078257	1.26424038	35.4148587451499	0.4822122023563257
0.00000000	7.33377745	-2.64786921	-1.65522383	1.76602030	0.80712689	1.06047502	-2.42931342	7.79714710900048	-0.3464858709320192
1.00000000	24.79934943	-19.22331107	-2.04051707	1.52704406	1.64620892	3.86109289	-3.12178349	31.377434895880604	-0.6594061769003631
1.00000000	24.05783001	-16.33895008	-1.94001828	1.42593861	1.57557491	3.30908769	0.08175997	29.08161746716968	-0.5965973205866318
1.00000000	24.29558854	-13.76042366	-1.93513535	1.51477873	1.58466477	3.41186712	0.06356528	27.921763586988327	-0.5153285083830826
1.00000000	37.36050254	-0.82080992	-1.27418635	1.45841169	1.58890203	3.32694054	0.07565394	37.369518045676166	-0.02196645760767337
2.00000000	25.95682897	5.43004086	-1.46158360	1.72878540	0.72945450	1.64007466	-2.99726892	26.51871629470591	0.2062211452660144
2.00000000	26.40727947	4.24126073	-1.40858922	1.77995849	0.69500459	1.66054086	-2.89519238	26.74570435764449	0.1592495206044407
