0.00000000	14.22776799	0.83126269	-1.54590676	1.78939986	0.88004689	1.00972950	-2.39689374	14.252030719762523	0.058359032694336774
0.00000000	6.07523103	-4.11031497	-1.75831322	1.84821773	0.75466860	1.02380271	-2.58267069	7.335061091802914	-0.594826994520635
0.00000000	13.28507474	1.59537416	-1.55242513	1.76106560	0.83603812	0.97635184	-2.36538363	13.380524263188711	0.11951538685750847
0.00000000	12.75719843	2.24184739	-1.57719896	1.87644029	0.88670309	0.98245348	-2.49357867	12.952682791701658	0.17395578073461643
0.00000000	31.34274483	16.32518768	-0.78057096	1.95637918	0.66622354	0.66390571	0.56446213	35.33948791742341	0.48019614655523846
0.00000000	9.58466844	-4.44693565	-1.60561798	1.80764067	0.84659677	0.98320105	-2.57021117	10.56603548072658	-0.43440505086973874
1.00000000	24.76294668	-19.19400629	-2.09286980	1.53550363	1.67741258	3.83612294	-3.11730599	31.330710265442157	-0.6593787547520265
1.00000000	24.29805053	-13.78029271	-1.99528609	1.53008509	1.62535231	3.36897687	0.06468641	27.93370234558449	-0.5159039908176755
1.00000000	37.37246112	-0.74370033	-1.35840760	1.43128049	1.50994737	3.32231710	0.04852345	37.379860089983666	-0.019897062253469492
1.00000000	24.04326891	-16.29504530	-1.99793039	1.42007864	1.56877213	3.15566063	0.12829597	29.044918337079633	-0.595628495280502
2.00000000	18.34624316	4.82928376	-1.44985531	1.76074862	0.76282856	1.80930182	-2.86666703	18.971205014981166	0.257391259775806
2.00000000	17.07726152	5.72171211	-1.46928702	1.73791039	0.76883474	1.75613432	-2.80100632	18.010298456499644	0.32329347529537855
2.00000000	26.37530879	9.13029721	-1.28987394	1.80756092	0.79961498	1.44369775	3.04830408	27.910916160362508	0.33325725586130706
