0.00000000	30.54811829	17.27088627	-0.76563380	2.06103301	0.74913643	0.47818912	0.46413043	35.09232171873367	1.0562319264252003
0.00000000	20.79832052	8.89330663	-1.22129438	1.85005355	0.72768338	1.31134101	-3.09736729	22.619925713137413	1.166727763530586
0.00000000	11.52968658	-3.70341100	-1.56456600	1.70913887	0.67630167	0.83089392	-2.63341141	12.109868936861089	1.8815933752800005
0.00000000	17.39671105	4.13350808	-1.46681545	1.80708599	0.73708633	0.86660126	0.60209954	17.88103588734773	1.3375191725292501
0.00000000	11.78361617	-4.30166596	-1.56351135	1.73711801	0.64128767	0.81324468	3.08696532	12.54423931824119	1.9208195624819282
0.00000000	21.17649881	8.33993711	-1.25641439	1.78788614	0.76328798	1.45401280	3.09657741	22.759583758247565	1.1956203450695189
0.00000000	28.27807979	13.84926344	-0.86324881	1.94098568	0.76893505	0.95532082	-3.12727880	31.48732910934376	1.1153801834325012
1.00000000	24.76837008	-19.20374381	-2.11635719	1.54780078	1.68727150	3.87441861	-3.09382200	31.340962536909306	2.2303146355589303
1.00000000	37.14792352	-0.77143970	-1.36095021	1.46271563	1.52340657	3.07977921	0.03208464	37.155932784126215	1.5915600400705203
1.00000000	24.30682935	-13.79483374	-1.97514568	1.53289163	1.58257328	3.38880294	0.06353170	27.948513215630342	2.086997925341745
1.00000000	23.98162641	-16.32276899	-1.98143182	1.42198253	1.58344586	3.26047571	0.08711482	29.009501767002398	2.1684080632112472
2.00000000	21.44200676	-2.59425515	-1.50612913	1.86408687	0.64535380	1.86061342	0.70816839	21.598375255541498	1.691200475658836
