0.00000000	17.62695814	7.37145825	-1.31932233	1.73506534	0.63577334	1.09343646	0.52834129	19.106230659154235	1.1747059595977412
0.00000000	31.30177448	16.21160005	-0.78785561	1.94657016	0.63868557	0.49658253	0.70761317	35.2507739174325	1.092921123669334
0.00000000	17.41076896	8.00870343	-1.28140424	1.82273829	0.59854043	1.16931380	-1.34483218	19.164399453366475	1.1396694511767946
0.00000000	36.57540773	-3.12015885	-1.36505840	1.73001361	0.59231790	0.93854368	0.04536211	36.708253048394674	1.655897848845479
0.00000000	36.66591393	-3.86155530	-1.41205523	1.75796676	0.54516404	0.91302912	-0.14729434	36.868697477089235	1.675726820541295
1.00000000	24.05224850	-16.33113372	-1.96056066	1.45264649	1.57879371	3.37914668	0.07845356	29.072608869626293	2.167279098462446
1.00000000	24.76738880	-19.20185528	-2.07646130	1.54053569	1.65603726	3.84481832	-3.12161779	31.339029885502665	2.2302861976724184
1.00000000	24.31398693	-13.79134153	-1.95288078	1.55480766	1.61425111	3.48258458	0.02359639	27.953015251119396	2.0867628875117568
1.00000000	37.64360829	-0.74447331	-1.22970508	1.41707087	1.56881966	4.13384563	0.03550725	37.65096925180359	1.590570633930516
1.00000000	26.66327326	1.67082987	-1.38809131	1.64403820	1.67634769	4.03585403	-0.03307033	26.715572488567698	1.5082140626661487
2.00000000	39.70086198	0.87481549	-1.18424199	1.64258444	0.72021398	1.85001100	-0.03857546	39.710499167053456	1.5487647159174716
