0.00000000	22.60063824	10.68740142	-1.14290581	1.86418104	0.67576797	1.09495183	-2.99420738	25.000187958644794	1.129078720937962
0.00000000	31.27884112	16.23673439	-0.75127278	1.93330610	0.63357032	0.48365487	0.91079903	35.24198413060211	1.0919885555763098
0.00000000	23.31776368	10.18289265	-1.18095396	1.86972451	0.70147632	1.06183965	-2.95585346	25.44424111184594	1.159056648359609
0.00000000	24.14031531	-4.97431881	-1.61229537	1.81235385	0.65517641	1.18208716	0.16197039	24.647488125359555	1.7740105878750276
0.00000000	23.31719649	9.50306089	-1.23537300	1.81734991	0.76122072	1.06824817	-3.08283114	25.17935301854112	1.1837932655175358
1.00000000	24.10978267	-16.36527839	-1.93622772	1.44150090	1.57510795	3.35285256	0.06559592	29.139388414598432	2.1671394053586144
1.00000000	24.78801828	-19.21157021	-2.07407687	1.52766550	1.64925817	3.88115613	-3.13171005	31.361286328583105	2.2301279704313144
1.00000000	24.41664495	-13.78165797	-1.96971546	1.59089077	1.67411048	3.52028985	0.09232920	28.03759345978939	2.084656003931621
1.00000000	37.14354164	-0.85150317	-1.31461285	1.50934649	1.58705821	3.33580594	0.09724353	37.15330056954475	1.5937169749898528
2.00000000	18.14886896	-0.12107146	-1.53402648	1.80564404	0.64932202	1.93262790	0.18774490	18.14927279054668	1.5774672474082136
