0.00000000	13.24715614	4.52545819	-1.45053778	1.77868915	0.65409898	0.99229805	2.79232955	13.998818436817364	1.2416087898553003
0.00000000	31.31591395	16.20054998	-0.77118717	1.95586300	0.64444542	0.58732186	0.99852514	35.25825132048217	1.0933838473057915
0.00000000	13.98090689	4.32666979	-1.42884729	1.77469754	0.61634657	1.01031206	2.98008132	14.635088962440513	1.2706743573727985
0.00000000	12.52671041	-4.10344601	-1.55763767	1.78614712	0.71356736	0.96294370	-3.10037804	13.181682094975105	1.8873560974106456
0.00000000	14.35435948	3.64875041	-1.45973943	1.74553776	0.63373764	1.00582195	1.78933191	14.810841152194598	1.321877006473711
0.00000000	4.61641048	2.99517983	-1.63954435	1.72372723	0.59849263	0.80165902	2.54765129	5.50293993551562	0.9952571185208495
1.00000000	24.08933640	-16.34826723	-1.96017502	1.45972502	1.58489880	3.31462779	0.07228134	29.11291757306122	2.1670503760452107
1.00000000	24.77404946	-19.20018761	-2.07104866	1.53849173	1.63371375	3.87338274	-3.12240124	31.34327249834841	2.230113942336847
1.00000000	37.33214077	-0.78764464	-1.32043241	1.49567223	1.56621917	3.41166917	0.03709103	37.340448826306535	1.591891495320588
1.00000000	28.20237812	4.57769193	-1.34889064	1.85498047	1.83849539	4.46465643	-3.07657027	28.571478698685546	1.4098838760344152
1.00000000	24.41002946	-13.78785811	-1.99127374	1.58946848	1.67128977	3.47048985	0.06214998	28.03488129990139	2.0849645912053743
2.00000000	13.44865372	0.52205638	-1.51871655	1.75102949	0.67728523	1.84815887	0.30597886	13.45878262490217	1.5319973210992568
