0.00000000	32.86816446	12.76871280	-0.81583331	1.89633489	0.78025021	0.89989767	-3.12885761	35.261257231393365	1.2002579278568188
0.00000000	30.87459614	17.36707687	-0.64622186	1.93063760	0.65472467	0.49210744	0.95023710	35.42394734944981	1.0584039990876613
0.00000000	40.53202679	11.73329353	-0.88914845	1.78105736	0.74747471	1.01992700	-0.00629606	42.19615353046315	1.2890167559457588
0.00000000	18.34251504	6.62867396	-1.32125209	1.77338612	0.76365063	1.04047523	-0.01776333	19.503517027977498	1.224016918165324
0.00000000	40.84958779	19.24627706	-0.72185371	1.91715169	0.59816265	0.69606116	0.90844017	45.15648351325864	1.1304940532666248
0.00000000	32.55966839	10.66470899	-0.90455554	1.73900318	0.80724170	1.25594916	0.24595344	34.261757449204964	1.2542656071436382
1.00000000	24.08996130	-16.31489741	-1.95385490	1.45074332	1.56778505	3.32127182	0.07728848	29.094709363290132	2.1660892870937247
1.00000000	24.79463878	-19.22891956	-2.09492413	1.52231097	1.64553947	3.85142220	-3.12042189	31.377148686195667	2.230435752209787
1.00000000	24.31406222	-13.78280991	-1.92948673	1.53624117	1.57601018	3.41309717	0.04509663	27.948872439746573	2.086496039963875
1.00000000	37.28055201	-0.78828209	-1.31353376	1.39338148	1.54956516	3.34622484	0.03690985	37.28888503057888	1.5919377691912915
2.00000000	37.91765414	7.48862718	-1.10338805	1.69599390	0.68054631	1.71266010	0.85024977	38.650071572012564	1.3758085444578276
