0.00000000	9.76125378	-2.81862711	-1.64873717	1.78762674	0.68850078	1.01956160	-0.49605384
0.00000000	9.66584118	-4.31627098	-1.62301848	1.84977865	0.65917224	1.02301146	0.13954742
0.00000000	10.91771377	-4.01710335	-1.64289663	1.75482464	0.62676739	1.07890971	0.05957777
0.00000000	10.97761706	-1.98602425	-1.64014242	1.83193839	0.64873864	1.05901910	-1.20100915
0.00000000	11.37223369	-3.53472860	-1.64717172	1.82100224	0.63508475	1.08407524	-0.59683466
0.00000000	11.76093754	-4.83142326	-1.64583467	1.77926469	0.60503114	1.05629305	-0.10280164
0.00000000	12.65598473	-4.39625665	-1.63185261	1.82360148	0.63798655	1.07040288	-2.22743297
0.00000000	10.58377718	-5.71502761	-1.63361059	1.80272305	0.59095562	1.26998119	-3.02720499

801	285
851	289
837	300
782	296
801	160
851	159
837	157
782	158

889	285
933	284
982	296
933	297
889	152
933	152
982	149
933	148

840	274
878	273
912	283
869	284
840	162
878	162
912	160
869	160

756	275
780	280
718	284
697	278
756	159
780	157
718	157
697	158

822	270
862	272
843	280
801	277
822	159
862	159
843	157
801	158

876	266
913	266
936	275
895	274
876	161
913	161
936	159
895	159

895	263
884	267
821	262
834	259
895	158
884	157
821	159
834	159

1051	285
1011	286
954	274
990	273
1051	154
1011	154
954	157
990	157

