0.00000000	12.65833503	-1.49596616	-1.60450945	1.77348840	0.58331407	1.07609418	-1.07302129
0.00000000	11.44271775	-4.02445919	-1.57391844	1.79186654	0.59207584	1.01583012	0.07718159
0.00000000	13.07218451	-3.11362116	-1.58966384	1.82970691	0.58349026	1.07599536	-0.44305733
0.00000000	11.45305132	-2.32879488	-1.57467328	1.83980572	0.58727480	1.08810357	0.22474000
0.00000000	12.62310304	-3.64578649	-1.59538172	1.70624971	0.56268639	1.05787131	0.23507389
0.00000000	12.45186203	-5.52104021	-1.56590841	1.80890465	0.57747215	1.20139561	-0.39458206
2.00000000	14.35250609	-4.02676055	-1.60318087	1.68379509	0.62388825	1.81212911	-2.90195775

706	260
727	263
675	267
656	263
706	163
727	162
675	161
656	162

831	265
866	265
896	273
858	273
831	156
866	156
896	154
858	154

768	255
800	256
789	263
755	261
768	158
800	158
789	156
755	157

723	267
756	266
788	274
751	275
723	155
756	155
788	152
751	152

786	259
814	258
847	265
817	266
786	164
814	164
847	163
817	163

909	256
944	257
948	264
910	263
909	156
944	155
948	153
910	153

848	256
818	256
772	247
799	247
848	166
818	165
772	167
799	167

