0.00000000	22.12646133	0.18642074	-1.38290892	1.64641356	0.66462426	1.00569176	0.57479352
0.00000000	15.55350705	1.53796296	-1.48160885	1.71922994	0.72468433	0.92156326	2.99388051
0.00000000	7.48897477	-2.91538489	-1.70274935	1.63739431	0.59819923	0.87384095	-2.96255589
0.00000000	12.36181259	3.23498876	-1.48163543	1.61573720	0.62264294	0.89188351	0.14955774
0.00000000	14.70162868	2.36852545	-1.46644912	1.67588294	0.64940809	0.90649779	-2.61820245
0.00000000	9.48276018	3.67970467	-1.57476233	1.71959770	0.61355174	0.92366330	0.27773479
0.00000000	6.41582702	-3.70330309	-1.70851539	1.64570022	0.54905783	0.77877703	-3.03840733
0.00000000	36.44646092	0.77082985	-1.06373618	1.61328340	0.57535658	0.76020266	0.25773472
0.00000000	15.17351427	2.72847979	-1.46777127	1.70720172	0.64961185	0.88295011	-2.65704107
2.00000000	11.45008614	-2.45844941	-1.61471520	1.70462441	0.61963185	1.40192195	-3.04422903

581	219
599	218
616	220
598	220
581	166
599	166
616	166
598	165

545	245
511	245
523	241
555	241
545	163
511	163
523	164
555	164

950	343
894	345
846	326
897	324
950	172
894	172
846	173
897	173

400	259
437	259
432	265
393	265
400	168
437	168
432	167
393	167

512	248
481	249
466	246
496	244
512	164
481	164
466	165
496	165

302	292
350	290
345	301
292	304
302	164
350	165
345	163
292	163

1104	373
1041	375
980	351
1036	350
1104	170
1041	170
980	171
1036	171

581	196
592	196
596	196
585	196
581	165
592	165
596	164
585	164

497	246
466	247
454	244
484	243
497	163
466	163
454	164
484	164

798	279
757	279
731	268
767	267
798	164
757	163
731	165
767	165

