0.00000000	7.62631078	-3.84441677	-1.70067583	1.78615069	0.76605929	1.03865156	-0.89736891
0.00000000	5.95291978	-3.39693019	-1.71048663	1.83020890	0.72142247	1.09456142	-0.27424839
0.00000000	7.27478705	-2.58972770	-1.71069906	1.83952332	0.78535943	1.13556079	-1.10965943
0.00000000	5.85966989	-4.66927980	-1.69695268	1.74300241	0.71200179	0.98896827	-0.97847295
0.00000000	7.14539227	-4.54321159	-1.68382893	1.76256609	0.69859279	1.05830321	-0.88068312
0.00000000	20.50472937	-5.75440808	-1.61027120	1.79780006	0.57833305	0.98785899	-0.85671651

965	318
1041	329
997	344
919	330
965	159
1041	157
997	155
919	157

970	358
1063	363
1118	402
1004	394
970	151
1063	150
1118	144
1004	145

881	327
946	343
860	355
799	338
881	156
946	153
860	151
799	154

1173	358
1285	378
1244	399
1126	376
1173	157
1285	155
1244	152
1126	155

1058	325
1139	336
1104	353
1017	339
1058	158
1139	156
1104	153
1017	155

807	227
825	228
805	229
787	228
807	165
825	165
805	164
787	165

