0.00000000	5.07490917	2.74833127	-1.62884377	1.79275954	0.70270731	0.76932382	-3.04797959
0.00000000	13.76713326	0.67842634	-1.54948817	1.84482968	0.70489025	1.08550975	0.10466900
0.00000000	4.83874961	3.54542481	-1.63190136	1.73912215	0.68998674	0.78084367	-2.77154708
0.00000000	27.20977131	4.44403197	-1.33546017	1.81671786	0.62235249	1.03816312	-1.37384164
0.00000000	27.80625946	1.52739977	-1.39016495	1.72743106	0.67220197	0.92928755	-0.09964983
0.00000000	25.73153094	4.98886108	-1.34434793	1.82841849	0.67780410	0.99006217	0.84281147
0.00000000	12.20879806	-3.02814182	-1.56663726	1.72834516	0.68520033	0.96327741	-2.94972706
0.00000000	26.27579037	5.81115672	-1.29722009	1.84651625	0.68227672	0.99307408	-1.05634761
0.00000000	26.77501628	3.69293815	-1.38717793	1.79578710	0.63235544	1.13041534	0.97122437

232	433
113	437
176	398
277	396
232	145
113	145
176	150
277	150

550	252
586	252
591	258
552	258
550	159
586	159
591	157
552	157

102	443
-41	459
15	417
135	405
102	155
-41	154
15	158
135	159

500	211
501	211
473	212
473	211
500	164
501	163
473	163
473	164

558	210
575	210
571	211
554	211
558	167
575	167
571	166
554	166

449	214
464	213
481	214
466	215
449	163
464	163
481	163
466	162

819	266
779	267
755	261
792	260
819	160
779	160
755	161
792	161

456	211
462	212
435	213
430	212
456	162
462	162
435	161
430	162

488	213
500	212
522	213
511	214
488	165
500	165
522	165
511	165

