0.00000000	8.95836855	-3.69802525	-1.61060570	1.70474803	0.58398866	0.90209834	-3.04428029
0.00000000	11.87308462	-2.05699770	-1.62232230	1.76511168	0.63255559	1.01296141	-2.80468750
0.00000000	19.34701016	1.54593367	-1.50111220	1.75183606	0.66124428	0.88332978	2.97241259
0.00000000	12.44001138	-2.65624900	-1.62151812	1.71616721	0.60499648	0.98350189	-2.86044550
0.00000000	13.13318202	3.65294657	-1.52703808	1.74839711	0.65485490	0.73659302	-0.63926250
0.00000000	14.94965051	-1.75760420	-1.59323667	1.74550772	0.68566533	0.99461439	-3.03981829
0.00000000	19.01243611	2.79679800	-1.51185260	1.75793099	0.61097969	0.87734422	3.07536817
0.00000000	14.98619506	3.18956626	-1.53594277	1.64958632	0.64396521	0.87708729	-0.48847917
0.00000000	18.48010766	2.25574594	-1.51306139	1.72132194	0.59412267	0.89679572	0.26135531

954	305
906	306
869	293
913	293
954	158
906	158
869	160
913	161

766	273
730	275
700	267
733	266
766	161
730	161
700	163
733	163

555	232
531	231
539	229
563	229
555	165
531	165
539	166
563	166

792	268
759	269
732	263
762	261
792	165
759	164
732	166
762	166

409	257
432	259
398	263
376	260
409	164
432	163
398	162
376	163

713	251
679	252
669	247
701	247
713	164
679	164
669	165
701	165

507	234
483	234
491	231
513	231
507	166
483	166
491	166
513	166

453	247
477	248
450	252
425	250
453	170
477	170
450	169
425	170

503	233
526	232
531	235
507	235
503	167
526	167
531	167
507	166

