0.00000000	20.56258854	-0.86323588	-1.53415809	1.74244726	0.63547645	1.02049669	-0.22245298
0.00000000	6.80955962	5.52010034	-1.47146938	1.73645782	0.67583738	0.73650817	2.92240763
0.00000000	7.84272520	5.64928306	-1.46632455	1.72587669	0.62306547	0.76988747	2.95634484
0.00000000	20.16026723	-1.43508409	-1.54344867	1.76006949	0.63971222	1.02181270	0.81008548
0.00000000	19.95478429	0.80910984	-1.49267254	1.84101641	0.66675544	1.00395374	-0.47646493
0.00000000	19.29546406	0.39594048	-1.54130564	1.77667141	0.62438952	1.00214426	1.01920652
0.00000000	19.86614528	-3.20672989	-1.55814014	1.77604735	0.64555054	0.94970159	0.03327655
0.00000000	21.77044969	-2.69250117	-1.51209674	1.75066805	0.60345142	0.99124179	0.92490077
0.00000000	20.85333874	-3.75601116	-1.54202126	1.72473454	0.61054704	0.92834948	1.03994095
0.00000000	6.30469322	17.48974449	-1.23313580	1.83634567	0.67738953	1.10112985	-1.39709008

627	226
648	226
643	229
620	228
627	167
648	167
643	166
620	166

-6	349
-67	345
18	328
75	331
-6	146
-67	147
18	150
75	150

67	323
16	321
84	308
132	310
67	151
16	152
84	154
132	154

634	228
649	227
677	229
663	230
634	166
649	166
677	166
663	165

574	227
594	227
577	230
556	229
574	162
594	162
577	161
556	162

568	232
581	230
612	232
600	233
568	165
581	166
612	165
600	165

706	228
728	228
736	230
712	230
706	165
728	165
736	164
712	164

674	223
684	222
712	223
703	224
674	165
684	166
712	165
703	165

715	226
722	224
753	225
746	227
715	166
722	166
753	166
746	166

-1273	331
-1478	349
-1688	354
-1455	336
-1273	128
-1478	121
-1688	119
-1455	126

