0.00000000	12.32144958	-3.85040986	-1.57785914	1.87683034	0.54009600	0.98522949	0.18557724
0.00000000	13.90636846	-2.78263594	-1.59594844	1.82131934	0.53633114	1.14214985	-0.17803876
0.00000000	12.25292055	-2.03528404	-1.60354660	1.83423555	0.56770103	1.08667392	0.25359175
0.00000000	13.40613616	-3.44009148	-1.59669147	1.79075933	0.49462295	1.08155467	0.22728930
0.00000000	13.44539617	-1.24072025	-1.59288762	1.86122692	0.53138109	1.14058288	-0.73854285
2.00000000	13.26165199	-5.36444187	-1.54788468	1.80314457	0.39409144	1.79987565	-0.05661513
2.00000000	15.28591733	-3.81273219	-1.56664441	1.77383339	0.77911121	2.24695959	0.07910049

804	260
833	259
863	266
832	266
804	153
833	153
863	151
832	151

736	251
763	251
766	258
736	257
736	160
763	160
766	158
736	159

698	263
728	262
757	269
724	270
698	158
728	158
757	156
724	156

766	254
790	253
819	260
793	260
766	161
790	161
819	159
793	159

679	254
702	256
665	262
642	259
679	159
702	158
665	156
642	157

872	249
892	249
929	259
906	259
872	157
892	157
929	153
906	153

752	241
785	240
824	250
785	250
752	162
785	163
824	160
785	160

