0.00000000	6.35788064	5.04962269	-1.51015709	1.78816593	0.66087560	0.82249014	-3.13979077
0.00000000	18.86277450	0.40849635	-1.46315215	1.84205329	0.65176428	0.98783217	0.09547260
0.00000000	18.88688614	-1.91842380	-1.49235127	1.79563093	0.62459303	1.01230443	0.57354903
0.00000000	19.35276232	-1.27195057	-1.50345228	1.80659509	0.57750870	1.02212186	0.28837395
0.00000000	20.61913139	-2.79775921	-1.46374212	1.77681530	0.55094153	0.88836708	0.95486140
0.00000000	18.11783188	-0.10749164	-1.50203441	1.77817798	0.59088484	0.99157636	0.61252677
0.00000000	18.53166756	-3.41459324	-1.48471580	1.83703971	0.62372147	0.90759240	0.80982912
0.00000000	19.57288416	-3.87665849	-1.46976719	1.78990579	0.57630641	0.92466379	0.92338657
0.00000000	3.99159099	16.97339761	-1.30567394	1.79358840	0.70360256	1.10923593	-1.23351550

16	366
-66	366
18	342
91	342
16	141
-66	141
18	146
91	146

576	229
600	228
603	231
578	231
576	160
600	160
603	159
578	159

656	229
675	228
699	230
681	231
656	162
675	162
699	161
681	161

635	228
655	228
669	230
648	231
635	162
655	163
669	162
648	162

684	224
693	223
720	224
711	225
684	162
693	162
720	162
711	161

588	233
607	232
630	234
611	235
588	163
607	163
630	163
611	162

716	230
729	228
759	230
746	231
716	159
729	159
759	158
746	158

727	226
736	225
767	226
758	227
727	160
736	161
767	160
758	160

-2202	425
-2688	471
-3311	506
-2669	449
-2202	120
-2688	109
-3311	100
-2669	114

