0.00000000	11.07950587	1.46651268	-1.58807347	1.80940580	0.64979894	1.10886662	0.42971218
0.00000000	13.29701825	9.41923794	-1.35995172	1.73352122	0.54115073	0.84820468	-2.67069983
0.00000000	14.38013880	11.67916750	-1.32147048	1.67939329	0.57842982	0.75090096	2.29977226
0.00000000	26.21639653	-0.05944403	-1.43574713	1.83532071	0.70703924	0.95651456	-0.77263075
0.00000000	13.98104868	9.62351247	-1.33819173	1.77498221	0.57512130	0.86258940	-2.28522515
0.00000000	25.43421294	2.42879265	-1.42953072	1.80932760	0.69729403	1.01369055	0.93091035

480	274
519	272
542	281
499	284
480	160
519	160
542	158
499	157

106	255
68	257
78	252
113	251
106	159
68	158
78	159
113	160

-7	249
-7	247
40	245
42	247
-7	162
-7	163
40	163
42	163

608	213
622	214
603	215
590	214
608	164
622	164
603	163
590	164

131	249
95	251
83	248
117	246
131	157
95	156
83	157
117	158

518	216
532	215
553	216
540	216
518	165
532	165
553	165
540	164

