0.00000000	24.05602305	0.74013158	-1.44874213	1.72613668	0.66307524	0.84242570	-0.64740044
0.00000000	24.07423823	-1.39367455	-1.48972939	1.74233329	0.64749698	0.82806757	-2.85132742
0.00000000	16.40541303	-4.02235232	-1.61281465	1.71604133	0.56805979	0.77285233	-3.03318524
0.00000000	28.23979478	1.82915738	-1.38918744	1.73791599	0.66340119	0.85205185	3.04555702
0.00000000	22.77204614	2.88164239	-1.48173545	1.63473821	0.61462184	0.84168370	-0.65461159

582	217
598	218
582	219
566	218
582	167
598	166
582	166
566	166

659	219
641	219
632	218
650	217
659	166
641	166
632	167
650	167

800	243
776	244
764	241
788	241
800	166
776	166
764	167
788	167

564	211
547	211
551	210
567	210
564	166
547	166
551	167
567	167

516	221
530	222
511	223
497	222
516	171
530	171
511	170
497	171

