0.00000000	9.59119295	7.11801930	-1.27296899	1.71535408	0.51277409	0.81787823	2.37237573
0.00000000	22.48305772	-1.91493285	-1.35300515	1.82845974	0.60974959	0.87826244	-1.04360235
0.00000000	22.43907326	0.42850344	-1.33224462	1.75541425	0.60562966	1.06748288	0.83733094
0.00000000	22.81497152	1.10892999	-1.30262027	1.73979735	0.57973548	1.07790185	0.81356239
0.00000000	23.24712904	-2.59052327	-1.32162474	1.85766804	0.59661936	0.85098477	-0.37954819
0.00000000	22.15965673	2.55085795	-1.29395674	1.80733347	0.62648042	1.06724069	0.83306563
0.00000000	5.22383326	3.63486190	-1.55864368	1.75289667	0.59291630	0.72981433	2.89682007

26	281
20	277
97	271
105	274
26	143
20	144
97	146
105	145

671	216
682	217
659	217
648	217
671	159
682	158
659	158
648	158

572	217
585	216
610	217
597	218
572	161
585	161
610	161
597	160

551	215
564	215
588	216
575	217
551	161
564	161
588	161
575	160

679	213
696	214
690	215
671	214
679	157
696	157
690	156
671	156

503	217
518	216
541	217
525	218
503	159
518	159
541	159
525	158

68	420
-2	412
101	381
166	387
68	143
-2	144
101	149
166	148

