0.00000000	10.43715665	1.66310260	-1.59687684	1.76339364	0.69095516	1.08715413	0.49437505
0.00000000	25.79767328	-0.37789345	-1.36624156	1.82651889	0.67574170	0.97232492	-0.01445895
0.00000000	25.37773283	2.78151412	-1.32403229	1.80976391	0.65025279	1.01561091	0.47351199
0.00000000	13.58765050	9.41363887	-1.27296911	1.78635335	0.58293680	0.68078770	-2.47425842
0.00000000	12.87210615	9.14981993	-1.32882498	1.74177086	0.58917995	0.70695595	2.64043570
0.00000000	25.08160190	2.15899819	-1.35365007	1.79742515	0.68128368	1.19793556	0.70550323

456	282
500	279
527	288
479	292
456	162
500	163
527	161
479	160

605	212
624	212
624	213
605	213
605	162
624	162
624	161
605	161

512	212
529	212
539	213
522	214
512	162
529	162
539	162
522	161

123	248
85	250
83	247
120	245
123	152
85	151
83	152
120	153

76	257
58	255
103	252
120	253
76	155
58	156
103	157
120	156

525	214
540	213
560	214
544	215
525	163
540	163
560	162
544	162

