1.00000000	24.53108336	-3.40233853	-1.42340205	1.42266822	1.51271428	3.54729169	-0.03340379	24.765903138952783	-0.13781579603929672
1.00000000	37.36237225	-1.09565885	-1.39215181	1.57387292	1.66135211	3.74174275	-0.04815496	37.378434002284706	-0.029316793050216342
1.00000000	22.19766567	6.45860371	-1.70294819	1.49273491	1.61960141	3.70182426	1.50794518	23.118173004801275	0.2831415132152218
1.00000000	14.99565526	7.19167810	-1.82376013	1.35819864	1.56269607	3.95686187	1.51591110	16.63099247100982	0.44718191470345625
1.00000000	1.12768929	-2.81536454	-1.63157080	1.46774244	1.62498371	3.70896929	-0.02087978	3.0328139784480874	-1.18981742492648
1.00000000	30.53587863	-3.63355436	-1.35081265	1.46106553	1.54153971	3.72430055	-0.00037493	30.751302427591025	-0.11843605634037746
1.00000000	27.52384638	6.64880150	-1.67200218	1.45988894	1.63015237	3.84050168	1.50891781	28.31552014242792	0.2370243416465846
1.00000000	15.62043491	-3.28219815	-1.46783016	1.57808900	1.63270815	3.57597533	-0.03331880	15.961541638369715	-0.2071091074247233
1.00000000	38.76795016	6.02061121	-1.63901279	1.46820724	1.54312896	3.67865939	1.22943938	39.23266137990414	0.15406795253662536
1.00000000	44.44017912	-4.66238825	-0.94051931	2.58648419	2.10125509	5.60272932	-0.09274063	44.68408424049241	-0.10453140099731587
