1.00000000	16.67923676	-3.01274751	-1.48807583	1.48735762	1.55770512	3.74603930	0.01171106	16.949147071612376	1.7494980896256433
1.00000000	38.27548780	-0.39401556	-1.27145908	1.54703295	1.63366371	3.49036110	-0.00919073	38.27751578393602	1.5810901640655173
1.00000000	18.21535638	7.07352538	-1.62516020	1.42592621	1.56031674	3.49513669	1.54281104	19.54057239059058	1.2003926960352957
1.00000000	8.14217894	7.07511400	-1.70158539	1.55944228	1.70586988	4.20433753	1.51634264	10.786673073935983	0.8554054333886489
1.00000000	10.72148273	-2.99358619	-1.54386590	1.41564107	1.56329776	3.77348693	0.01824979	11.13156548768622	1.8430758602245145
1.00000000	11.01339365	7.11649594	-1.65083156	1.40749884	1.56102808	3.65642121	1.48390186	13.112564743554055	0.997120096989176
1.00000000	29.52697403	7.18162687	-1.49666701	1.37298226	1.52761466	3.51953914	1.60318935	30.387792941709346	1.3322065111940442
1.00000000	13.46036133	7.16219952	-1.65576921	1.41161156	1.53694074	3.59767456	1.47708786	15.247243327842826	1.0818031010610023
1.00000000	20.68889392	6.84456574	-1.62239681	1.41133583	1.55329610	3.80026824	1.54866123	21.791705114611723	1.251297892962631
1.00000000	24.62097720	6.88857530	-1.56349097	1.43888450	1.54598622	3.62968664	1.59840286	25.56648172797129	1.297987185296723
1.00000000	1.58797440	-3.10164000	-1.65904365	1.57377934	1.58274158	3.77976926	0.01364154	3.484513364109164	2.668407870831587
1.00000000	39.44968424	6.87904609	-1.32069872	1.54918790	1.58955863	4.20078698	-1.64151096	40.044960503714435	1.398156970709092
1.00000000	31.93973742	6.99125842	-1.46506844	1.37539887	1.50944104	3.74723924	1.73641050	32.695940432319254	1.3553059416458133
1.00000000	30.39804509	-3.50952148	-1.22134243	2.46162510	2.01642325	5.55263569	-0.03015379	30.599965462599048	1.685739638036502
