1.00000000	3.16545524	-2.72153804	-1.60549746	2.36734009	2.02686457	5.25814671	-0.00019204	4.174551015332128	-0.7101341623337385
1.00000000	9.62766911	8.11586631	-1.68341074	1.44101799	1.56312679	3.36577861	1.63027561	12.592033134225831	0.7004004288104971
1.00000000	12.06953400	7.85781208	-1.64245127	1.55220234	1.71607733	4.42375258	-1.57253039	14.402043662680306	0.5771096268080563
1.00000000	22.64783508	8.15214107	-1.58161173	1.46837699	1.62962142	4.07484017	1.65154791	24.070351842797383	0.34551338164368967
1.00000000	19.76687406	8.18442545	-1.63090489	1.47162962	1.65429037	4.12563399	-1.62449729	21.39425460376006	0.39255735889248083
1.00000000	14.55034331	8.18047273	-1.60404191	1.42747712	1.56614247	3.80565963	1.74020028	16.69229236878912	0.5121756230135124
1.00000000	33.58835672	3.87014088	-1.50517748	1.44694591	1.64630931	3.97364466	-3.11713624	33.810585584710246	0.11471680651446194
1.00000000	38.71862512	1.28045835	-1.37010549	1.63657737	1.74828297	3.96719010	0.05498672	38.73979226543658	0.03305881464985264
1.00000000	17.35547216	8.50291252	-1.64325951	1.45855308	1.58646766	3.45130500	-1.56968832	19.326456871845597	0.4555566975223631
1.00000000	34.23277453	8.49604607	-1.50832901	1.62738979	1.61263974	3.76597078	1.59208465	35.27131484429492	0.24326928480371973
1.00000000	33.96219956	-10.77558492	-0.90736459	1.85568869	1.66278293	4.26645467	-1.28916097	35.630664171769176	-0.3072352140574085
