1.00000000	21.58654113	8.13992149	-1.65015803	1.49595451	1.64154344	3.99950617	1.58807349	23.070263973794177	0.360595764429722
1.00000000	10.94814100	7.86562719	-1.66798172	1.48210418	1.70465174	4.30015357	1.53316426	13.48072262335919	0.6229975926518431
1.00000000	2.13081711	-2.84436878	-1.61386178	2.42629242	1.94922372	4.92546025	-0.01396200	3.553985834652052	-0.9278488443220457
1.00000000	18.68110832	8.25792363	-1.67513333	1.49245071	1.70078811	4.17117100	-1.55369353	20.424913971483104	0.4162203689262024
1.00000000	38.59487835	1.36882631	-1.42615912	1.55155110	1.69017393	3.70720656	-0.00489226	38.61914447936732	0.03545166778610855
1.00000000	16.32090242	8.53093298	-1.65898297	1.46677852	1.60788376	3.51938605	-1.50912523	18.415989609912728	0.48164212678556606
1.00000000	31.29896616	3.88133651	-1.54725979	1.43398011	1.61864773	3.92099839	-3.12034655	31.538707262484365	0.12337858754773635
1.00000000	8.54189710	8.06501037	-1.71790216	1.41325259	1.52431099	3.37776667	1.61432934	11.747697575916565	0.7566898856815764
1.00000000	13.45243203	8.20042962	-1.62736652	1.44159436	1.60405557	3.82402069	1.72130466	15.754839684184136	0.547439064911074
1.00000000	33.19831396	8.60234562	-1.60276602	1.49600625	1.57051949	3.82220871	1.54482925	34.294728457193884	0.25354356114141563
