1.00000000	8.16314534	-2.75422648	-1.62678168	1.45655859	1.58160156	3.76519090	0.02285901	8.615260027712274	1.8962003421440308
1.00000000	15.95060449	7.36793217	-1.69660709	1.52298021	1.58635660	3.96462522	1.56583297	17.570094139136792	1.1380725648004872
1.00000000	21.88963388	-2.90797384	-1.44474504	2.43260241	2.01855318	5.58950901	0.00447170	22.081946998726544	1.7028700642327204
1.00000000	38.78755318	0.29595024	-1.55121134	1.60963011	1.65247729	3.60387125	0.01868002	38.788682218346686	1.5631664436806294
1.00000000	9.51884609	7.50398636	-1.76670430	1.43342578	1.56293496	3.54382741	1.60947323	12.12098354821812	0.9032122176814762
1.00000000	30.64252954	7.66084571	-1.59720133	1.49942386	1.61882859	4.34179777	-1.65194178	31.58564822197256	1.3258111114628224
1.00000000	11.98029644	7.25978801	-1.72815726	1.45666802	1.61478598	3.91175496	1.59713233	14.008284146904519	1.0259933210491172
1.00000000	38.45101407	7.82231783	-1.48807035	1.43821049	1.52486625	3.97688746	1.84742558	39.23861795788524	1.3700991810646006
1.00000000	21.06929829	7.73265236	-1.68261455	1.55029571	1.61842327	3.82181061	-1.76522350	22.44346771231243	1.2190485373210462
1.00000000	23.32777475	7.60082697	-1.66808949	1.49686885	1.55001785	3.89998555	1.74250734	24.534825155574616	1.255816302270818
1.00000000	2.23585775	-2.83487220	-1.68644426	1.43883824	1.63538785	4.03041965	-0.00761331	3.6104792297654758	2.4737813301526486
