1.00000000	7.07191354	7.09937497	-1.72283099	1.51492047	1.69610162	4.32955842	1.50639451	10.020633018023254	0.7834603441506843
1.00000000	9.74833714	-2.94832430	-1.56741283	1.38879406	1.56215508	3.90415129	0.00562985	10.184433866105365	1.8644936450289795
1.00000000	12.29583464	7.20228647	-1.69709001	1.42721915	1.58086952	3.54243203	1.56560433	14.249929118777013	1.0409205855376942
1.00000000	23.54243680	6.93780247	-1.53475903	1.46996570	1.56062449	3.82766692	1.58637381	24.54341935417175	1.284214987543925
1.00000000	15.64071806	-2.97532584	-1.51620040	1.46590996	1.58580557	3.88444474	0.01173908	15.921200497656635	1.7587797592953751
1.00000000	38.40598809	-0.30527868	-1.29566596	1.54252803	1.61186943	3.56029147	-0.01576094	38.40720135914207	1.5787448854970119
1.00000000	9.88669458	7.15070524	-1.69627653	1.37926817	1.58272197	3.69391128	1.52729940	12.201611170151457	0.9446259736341283
1.00000000	19.56729136	6.95302110	-1.59750543	1.39868855	1.56446429	3.85028563	1.57060421	20.76591904020084	1.2293731297409534
1.00000000	30.89193796	7.18995395	-1.46462987	1.42239845	1.52232804	3.66408354	1.69440150	31.717617639532914	1.34212211939916
1.00000000	38.44833374	7.08281617	-1.36888526	1.48693764	1.58211573	4.04806263	-1.64102399	39.095276598080694	1.3886222714619378
1.00000000	28.64095788	7.33496264	-1.47694967	1.38569951	1.56435433	3.52572987	1.57537651	29.565286151399413	1.3200843418001924
1.00000000	17.12532796	7.21716128	-1.64867948	1.43261731	1.61614920	3.57923163	1.55594230	18.583978978654947	1.1719516815249396
1.00000000	29.45393763	-3.40495361	-1.28998564	2.45698571	2.04631765	5.67253765	-0.01623618	29.650095294925816	1.6858881090905888
