1.00000000	11.34077750	-2.81897595	-1.55868493	1.49717164	1.57868109	3.77863332	0.01756337	11.685882923903725	1.8144285629350818
1.00000000	5.42192459	-2.85359684	-1.62206862	1.43869209	1.66421642	3.89105489	-0.00789226	6.127012419189686	2.055267369305592
1.00000000	38.67004545	0.07176399	-1.48986409	1.59243584	1.64253100	3.64643775	-0.01098256	38.670112039860015	1.5689405258311306
1.00000000	15.22528372	7.10699433	-1.69630716	1.45377183	1.58377792	3.79196029	1.55754936	16.802340097770582	1.1340687495900645
1.00000000	12.77201803	7.33756266	-1.73454682	1.43039823	1.53995156	3.43143218	1.54326022	14.72970706932325	1.049335636728544
1.00000000	19.18717560	7.19895363	-1.64321325	1.53533995	1.59996309	3.78114801	1.57250571	20.493234026676355	1.2118537363327362
1.00000000	7.91486878	7.33289217	-1.75554536	1.43876040	1.56230283	3.74512453	1.57944036	10.789645748654864	0.8235476498364134
1.00000000	26.61015109	7.35684194	-1.61761902	1.42638969	1.49617901	3.67604369	1.71233690	27.608391194757637	1.3010663055794103
1.00000000	33.85636179	7.38418981	-1.59170912	1.47625589	1.59758910	4.05427688	1.58429563	34.6522653343974	1.3560557206561226
1.00000000	24.36851953	7.49269285	-1.64602325	1.42193031	1.51461441	3.41448470	1.53385127	25.494414883037276	1.2724965841730316
