0.00000000	5.08579643	-2.52905143	-1.72084997	1.82245326	0.68663139	0.92740608	-2.44484973	5.67991430067266	-0.461467127012811
0.00000000	11.01847699	1.48094830	-1.60040424	1.69094849	0.76549830	0.97835362	-2.33475828	11.117555623716589	0.13360521426211278
0.00000000	5.65867236	-3.24016119	-1.68282114	1.84572411	0.78803740	0.98437628	-2.41487122	6.52067614707326	-0.5200294637665649
0.00000000	10.40793406	-0.59871172	-1.62384651	1.69595838	0.76258465	0.98646887	-2.32661915	10.42514014874493	-0.05746122437722184
0.00000000	9.32103458	-0.28482236	-1.63925825	1.69814610	0.80068370	0.95034101	-2.34248877	9.325385215545348	-0.030547441746973696
0.00000000	25.18018170	8.35620981	-1.30091737	1.78698921	0.71858693	1.00357744	2.96445489	26.53050683333726	0.32042091769757497
0.00000000	12.33541589	2.32498269	-1.60163055	1.77447701	0.83288252	1.01489370	-2.42237496	12.552610473047594	0.18629477291377727
0.00000000	11.47840149	2.59108041	-1.62082146	1.74015641	0.78660908	1.00061972	-2.36073661	11.767217107571357	0.22201420167618793
0.00000000	11.61280180	1.27443765	-1.61891661	1.70439351	0.78806493	0.97773859	-2.41959906	11.682523570266005	0.10930677849869429
0.00000000	7.52455937	-2.17545911	-1.65420006	1.75274944	0.79706147	1.04501169	-2.42355156	7.832727242278821	-0.2814404085812112
0.00000000	30.63162753	9.04664742	-1.29998587	1.80274963	0.88077901	0.97115244	0.16428138	31.939606050770983	0.2871731746862502
1.00000000	21.84980041	3.54998488	-1.47312901	1.52199244	1.60319178	3.98691140	3.10703397	22.136308874901992	0.1610648079358632
1.00000000	17.81996049	-16.60706997	-1.87998674	1.71147239	1.82759087	4.15425646	-1.54571259	24.358689719556693	-0.7501819666683548
1.00000000	42.87761889	-1.69852407	-1.37604902	1.69583344	1.75025228	4.29751120	-3.08920360	42.91124777599055	-0.0395926009986015
1.00000000	22.98446705	-14.64978394	-1.90955065	1.55174756	1.59226640	3.43876199	0.10467852	27.2562267209021	-0.5674505739832474
1.00000000	14.81910756	-18.57684662	-1.98876641	1.56403136	1.71300016	4.26396006	-1.51930857	23.763526237026664	-0.8974476533645158
