0.00000000	18.24057228	5.38731876	-1.33009122	1.73820758	0.73382023	0.99577598	-2.45185137	19.01950789383764	0.28718357096492575
0.00000000	8.96340860	-3.16788523	-1.60773728	1.84900880	0.76347935	1.03939270	-2.49526644	9.50674447752784	-0.3397220405698919
0.00000000	14.38700400	0.72270945	-1.49689816	1.76462746	0.80727033	0.96701846	-2.40185690	14.405144672829055	0.050191302707669645
0.00000000	21.09533360	7.20210326	-1.20558522	1.76664102	0.70489049	1.08559485	-2.84468079	22.29088134334288	0.3289995396908286
0.00000000	19.14288245	5.39544256	-1.29353700	1.77480376	0.76280166	1.02265783	-2.53012061	19.888709081103713	0.27472440535201875
0.00000000	15.61987777	3.32378086	-1.41920612	1.76522028	0.70417241	0.98566295	-2.36004305	15.969599267202748	0.2096645049944608
0.00000000	20.92419424	8.25176490	-1.16674874	1.76307154	0.68035785	0.99155613	-2.67977738	22.492521614041433	0.37563899421908803
0.00000000	9.55205591	-2.55022300	-1.63301239	1.75321555	0.69713412	1.00539068	-2.50376439	9.886627810203787	-0.2608963769565838
0.00000000	15.99260882	0.93343132	-1.46156202	1.77688479	0.75181605	1.04813717	-2.46050692	16.019826181912794	0.058300277163358574
0.00000000	11.52443007	-2.34861123	-1.56800936	1.72222352	0.80380063	0.97136647	-2.43125534	11.761312135472059	-0.2010410881996072
0.00000000	16.08751322	2.93430529	-1.42999039	1.75721872	0.73753956	0.99929242	-2.43434787	16.352927234553356	0.1804132057287223
0.00000000	8.57229672	-1.99874075	-1.64640842	1.71957278	0.69537069	1.00436242	-2.42017126	8.802229015507	-0.22907020394534078
1.00000000	26.22134058	-15.00809946	-1.76645134	1.63704872	1.64999381	3.57826509	0.02636664	30.21260914276698	-0.519849507868193
1.00000000	23.18044211	-3.09897724	-1.43047593	2.12728715	1.91850819	5.14319476	-2.27324009	23.38667476040789	-0.1329012716891665
1.00000000	25.83945174	-20.65608345	-1.88422821	1.45380640	1.63534974	3.91356318	3.09242964	33.080977157834276	-0.6743755889767792
1.00000000	25.37232700	-17.48508152	-1.83484141	1.45129180	1.61007407	3.60205895	-0.04779583	30.813682888547653	-0.6034000232046438
2.00000000	16.56998835	-1.11231302	-1.48498950	1.80016232	0.79019289	1.79235073	3.08422685	16.607280155811104	-0.06702761246405328
