0.00000000	7.34711258	-1.48663019	-1.72727774	1.69887066	0.76140212	1.07056499	-2.34339118	7.49600777647767	1.770442888424772
0.00000000	8.94410924	-1.24749635	-1.66809342	1.77005482	0.93619933	1.04582012	-2.27002048	9.03068863599652	1.7093791564238723
0.00000000	5.54360026	-2.36724050	-1.74284969	1.69824505	0.68855921	0.96048360	-2.44191885	6.027879513353955	1.9743785666916136
0.00000000	4.40451001	-3.11233370	-1.76635651	1.71169353	0.68589080	0.92600027	-2.53787923	5.393174342476414	2.1859542926315627
0.00000000	6.83403580	-3.37305069	-1.71019040	1.74632347	0.76637613	1.05737330	-2.95230722	7.621123032269661	2.029283850794204
0.00000000	6.16839936	-1.66848082	-1.73265110	1.71938407	0.71647050	1.03391025	-2.32448220	6.390068772020868	1.8349633724730194
0.00000000	21.03582558	7.60202659	-1.44378970	1.83185434	0.75189612	1.15979024	3.07139301	22.367314682528374	1.224015410256048
0.00000000	25.70394968	15.53010690	-0.90501831	1.66021800	0.64273516	0.69748838	0.31593192	30.03127119316463	1.0273005684684007
1.00000000	42.21641139	-2.15429507	-1.51804064	1.73880613	1.87491241	4.40227985	-3.09565091	42.27134227698888	1.6217819022644528
1.00000000	22.33083625	-14.89604523	-2.02670656	1.65598559	1.72639850	3.54115963	0.00620069	26.843219090089026	2.159072353899069
1.00000000	22.00050103	-20.59333199	-2.23357091	1.58362257	1.69938865	3.99616518	-0.04233949	30.13481986044364	2.3231695819061375
1.00000000	21.46810983	-17.49244364	-2.08419768	1.51541257	1.63233108	3.62248640	0.01605712	27.69233331034998	2.254503110643945
2.00000000	18.95933026	4.13128200	-1.53402517	1.82864952	0.71166377	1.71333849	-3.07386541	19.40421848133224	1.3562477421286503
2.00000000	29.43101180	4.24719108	-1.57888089	1.83555841	0.77871665	1.81522197	2.83252907	29.735888882657783	1.427475703875669
2.00000000	25.51949903	6.41629319	-1.55194865	1.79169095	0.81232920	1.36170560	3.02609539	26.31375398992343	1.3244749787821632
