0.00000000	10.04781598	-2.53164894	-1.59071944	1.74093950	0.85643287	1.01883576	-2.46962547	10.361845990138363	1.817618958074603
0.00000000	17.58301007	4.79670324	-1.41599606	1.73080206	0.75094935	1.02405799	-2.39383483	18.22554814249349	1.3044735115127208
0.00000000	18.72152780	7.51544300	-1.29095159	1.74666429	0.69355455	1.02448079	-2.46500683	20.17368302151151	1.1890550347957396
0.00000000	14.07925330	2.69352009	-1.46683476	1.71944284	0.67413387	0.98358440	-2.35370874	14.334588377794267	1.3817690848825663
0.00000000	19.27825777	6.61098581	-1.30591295	1.75320065	0.73027540	1.05252705	-2.52972698	20.38029332533236	1.2404387520143685
0.00000000	14.68346370	0.69469653	-1.50168524	1.78804445	0.71920949	0.99785422	-2.21633101	14.69988807773759	1.5235200908674496
0.00000000	8.01899935	-3.09214090	-1.65476499	1.81905842	0.81037314	0.99031439	-2.45226812	8.594514874078305	1.9388292108504603
0.00000000	12.86916984	0.19701657	-1.51671861	1.76992846	0.80371036	1.00345023	-2.36117458	12.870677833728113	1.5554883323448812
0.00000000	35.79371603	11.10926176	-0.83328138	1.80188417	0.78082265	0.94506474	-0.20319661	37.478070976085164	1.2698539951188026
0.00000000	16.82064910	4.88029028	-1.42381142	1.70899141	0.75871293	1.03477796	-2.29912400	17.51432183564049	1.2884126682807162
0.00000000	7.25210403	-2.25055845	-1.68495331	1.73249316	0.70507715	0.97883885	-2.36108708	7.593288233618466	1.87170467206721
1.00000000	25.27150104	-14.96885576	-1.84878860	1.67446852	1.65454369	3.54206154	0.01977279	29.372017424385515	2.1055508097213336
1.00000000	24.87398951	-20.50205940	-2.06183706	1.60305345	1.67799827	3.87798140	-3.10429621	32.2342953046087	2.2601421296692856
1.00000000	21.44015463	-4.12426748	-1.42267082	2.13980198	1.94514629	4.94649442	-2.22289038	21.833227264994424	1.7608368256436853
1.00000000	44.89811847	3.01203226	-1.00782071	1.38649821	1.54583313	3.57698924	3.04580235	44.99903755061252	1.5038107614350058
1.00000000	45.14144094	-2.03195371	-0.96673117	1.50704241	1.66775192	3.89934747	-3.13117361	45.18715000992086	1.6157790072238625
1.00000000	24.48494811	-17.48996095	-1.89977888	1.50392902	1.59665566	3.60125648	-0.01877832	30.090055134245226	2.1910650756986065
1.00000000	37.59121895	10.98355243	-0.76161776	1.71175027	1.68600600	3.07266336	0.05682375	39.16296932217216	1.2865255165643994
2.00000000	14.20557373	-2.02685406	-1.55218754	1.84956717	0.78199239	1.89816575	-2.90689826	14.349441186994168	1.7125199702826512
