0.00000000	3.43505960	-2.73339372	-1.76260338	1.68776441	0.71459922	0.89313145	-2.54430246	4.389883333767266	-0.6721343050109034
0.00000000	9.36859595	0.17577974	-1.65390990	1.73674846	0.80733982	0.95003686	-2.39449739	9.370244852262445	0.018760454425454764
0.00000000	8.30160442	-1.03797411	-1.65950082	1.67048919	0.81730124	0.98491531	-2.42344618	8.366243254842272	-0.12438743982082749
0.00000000	6.84991761	-2.10200109	-1.72196553	1.72424626	0.86330677	0.95954200	-2.52289057	7.165178284324075	-0.29774314897031867
0.00000000	4.24055771	-3.83864453	-1.71142016	1.78131866	0.76919841	0.96840749	-2.41125107	5.719923209234488	-0.7356924972308256
0.00000000	6.72543237	-2.91682795	-1.71154652	1.75655293	0.89528318	0.99886601	-2.49308157	7.330711142402558	-0.4092174799462264
0.00000000	10.45443133	-0.38744525	-1.59805320	1.68315315	0.75515830	1.00308908	-2.38255906	10.46160830156784	-0.03704343182886241
1.00000000	9.67826341	3.38324497	-1.63580130	1.53653216	1.66328079	4.08118618	3.13622999	10.252566954688719	0.33629302313330195
1.00000000	22.55921364	-20.33087454	-2.15706209	1.51932359	1.69354944	3.77329400	3.08596706	30.368776393137445	-0.7334901944100394
1.00000000	22.99240514	-14.67771781	-2.05937193	1.57624340	1.69303919	3.61063104	-0.08562968	27.277941532159087	-0.5681577135506415
1.00000000	22.08080543	-17.35807845	-2.00519834	1.45746219	1.58987265	3.36110278	0.07136025	28.08673807892031	-0.6662176796630257
1.00000000	43.13351481	-1.57739740	-1.35870908	1.53025532	1.69932434	4.32503380	-3.04991031	43.16234797160618	-0.03655382087711771
2.00000000	29.80176022	3.89676345	-1.43427465	1.69499671	0.67084565	1.61687889	-3.11006117	30.055443393761973	0.13001851615216195
