0.00000000	6.71419219	-2.10855133	-1.71393202	1.73242998	0.86058864	0.94015112	-2.54707122	7.0374971030545925	-0.30429082291723103
0.00000000	3.36075457	-2.72175638	-1.77935873	1.68848610	0.73073248	0.89737396	-2.81818867	4.324653636055331	-0.6807271054890851
0.00000000	8.79382585	-0.41278789	-1.65258167	1.67684853	0.74743715	0.94437097	-2.43539524	8.803508784698227	-0.04690621748860432
0.00000000	9.30461068	0.12584987	-1.65379773	1.75433874	0.76217283	0.96627615	-2.40168905	9.30546173470984	0.01352471380448331
0.00000000	8.18754999	-1.11959608	-1.66665373	1.66316915	0.77260772	0.98221780	-2.57030320	8.263744322103653	-0.13590084437003253
0.00000000	4.15152249	-3.85448807	-1.73843406	1.76133811	0.76657102	0.97118647	-2.41539478	5.664999317453456	-0.7483137454643121
0.00000000	6.70789355	-2.97617159	-1.69918511	1.77993095	0.88360608	0.98332582	-2.50282097	7.338489845414704	-0.41758746455063506
0.00000000	10.53240048	-0.37822723	-1.60862647	1.68279696	0.72727619	0.96819989	-2.47783661	10.539189518583376	-0.035895403966574896
1.00000000	9.23178384	3.35309129	-1.65737746	1.50387287	1.65798946	4.20315642	-3.14073682	9.821866119407199	0.34839582593647955
1.00000000	22.93736056	-14.66821934	-2.11369524	1.57948065	1.71508115	3.58683875	-0.07528271	27.226442442335237	-0.5689515078735183
1.00000000	22.76751870	-20.44443896	-2.15929834	1.60859561	1.74542069	4.08443683	3.10069537	30.599591372173837	-0.7316897520578624
1.00000000	22.10450423	-17.30222765	-2.03680609	1.51646399	1.64819203	3.48873452	0.01032610	28.07091357449045	-0.6641317398827228
1.00000000	43.28442122	-1.79020229	-1.40194247	1.66519570	1.77818819	4.54932263	-3.08378315	43.321425929781064	-0.04133548584394574
2.00000000	29.29749238	3.93265172	-1.45840214	1.75552261	0.70491927	1.66017884	-3.04158449	29.560257260500578	0.1334340865115893
