0.00000000	5.14551307	-1.84189144	-1.76175545	1.75507641	0.74209053	1.02054861	-2.48031688	5.4652418821389865	-0.34374907563298124
0.00000000	6.49511877	-1.90598086	-1.71117578	1.70874119	0.76834677	1.05471093	-2.42294455	6.7689977747885735	-0.2854351756343452
0.00000000	8.19362339	-1.78684686	-1.67024825	1.75047517	0.95088929	1.05512095	-2.66809344	8.386196155483544	-0.2147160480834417
0.00000000	20.44631305	7.32427396	-1.46209441	1.82771969	0.87784772	1.16043546	0.38746020	21.718579750520853	0.3439787220127825
0.00000000	4.55876150	-2.69686046	-1.80251811	1.72576571	0.77874425	1.04762920	-2.55974817	5.296731327393684	-0.5342034236619815
0.00000000	6.76308933	-3.58146617	-1.74251334	1.77960694	0.82182029	1.08650468	-2.88966703	7.652860720829454	-0.48701553789369817
0.00000000	3.56203004	-3.26172427	-1.80089233	1.73077798	0.76459544	1.03923984	-2.60200500	4.8297932895072675	-0.7414176644206013
1.00000000	21.45882406	-20.92122310	-2.31042759	1.60377836	1.76829774	4.00901405	-3.12584209	29.96962972807653	-0.7727136063300564
1.00000000	41.83605094	-2.43801569	-1.55924747	1.54691839	1.63968488	3.78722988	-0.06665009	41.9070289898838	-0.05820963944705184
1.00000000	20.99687802	-17.57743735	-2.17752485	1.55754006	1.61780354	3.53618107	0.05364392	27.383118711716058	-0.696983736814836
1.00000000	21.79720778	-15.09238356	-2.15430842	1.71953607	1.73891108	3.51038136	-0.04486706	26.512229414491927	-0.6056069645637672
2.00000000	15.98879915	3.99158126	-1.53953157	1.78673148	0.76007035	1.74785100	-2.88595843	16.479515138930026	0.24464790264213987
2.00000000	27.01319895	3.93605232	-1.56583736	1.81780231	0.78583752	1.81211766	3.01514482	27.2984509703034	0.144690248570477
