0.00000000	8.67273243	-1.43057924	-1.65496443	1.76718187	0.88657188	1.03719587	-2.57624888	8.789928598361461	-0.16347929348080986
0.00000000	5.78288091	-1.76766295	-1.73907665	1.73686016	0.66597234	0.97733524	-2.38082266	6.04701115626928	-0.29665201827663346
0.00000000	5.21231952	-2.50835168	-1.73978386	1.72582698	0.64391937	0.97882418	-2.44946909	5.784470842620944	-0.4485234007787481
0.00000000	7.02186635	-1.60497866	-1.70601545	1.75027251	0.72766033	1.02584652	-2.26684928	7.202955194662654	-0.22470854781719524
0.00000000	20.76947062	7.50217689	-1.42425571	1.82172167	0.82570369	1.21193481	3.06437397	22.082879520657926	0.34662789351158346
0.00000000	25.58682090	15.40141608	-0.89465533	1.61994183	0.65152704	0.75564267	0.56453311	29.864511063098945	0.5418357163495915
0.00000000	6.84682068	-3.45876844	-1.70550893	1.78137040	0.73512612	1.07258143	-2.93571138	7.67085605037767	-0.46777039991824226
0.00000000	4.13521528	-3.18197451	-1.75430451	1.70906401	0.66346691	0.97389856	-2.51731682	5.217754995612118	-0.6558535628835213
1.00000000	22.14497516	-14.94077256	-2.07684908	1.74630332	1.75574343	3.58125034	0.05065875	26.713790624444634	-0.5935298195613771
1.00000000	21.34134142	-17.53074809	-2.14684574	1.52970815	1.67967944	3.71182812	0.03582758	27.618471757141926	-0.6876813421851891
1.00000000	41.96834815	-2.26775721	-1.52488313	1.66276646	1.76465668	4.10860746	3.13418055	42.02957255556039	-0.05398244283871291
1.00000000	21.77653815	-20.68626630	-2.28262190	1.56460094	1.73039938	4.03978636	-0.07445707	30.035632625814976	-0.7597278768857734
2.00000000	28.52903416	4.16773244	-1.56440530	1.77662432	0.76374012	1.79971770	2.96461296	28.83185363090405	0.14506126558585783
2.00000000	17.73097641	4.08836666	-1.54790257	1.81063473	0.76499652	1.75427465	-3.08393240	18.19621571642236	0.2266169349223674
2.00000000	25.16717158	6.35287636	-1.51873396	1.80881941	0.86149118	1.67647977	-1.76249516	25.956609242784516	0.24726169310113827
