0.00000000	11.68106983	1.41421870	-1.60076926	1.75670981	0.85672752	1.03846051	-2.45579386	11.766367617271097	1.4503134347158486
0.00000000	8.63199610	-0.88060530	-1.65445898	1.69805193	0.78816304	1.00193432	-2.31769347	8.676797932694024	1.6724610290392348
0.00000000	10.39907807	0.77910674	-1.66564284	1.74568176	0.82149498	0.99156656	-2.39061403	10.428222860021181	1.4960152851444193
0.00000000	10.26801373	-0.52573806	-1.64443789	1.70078886	0.85158528	0.94094316	-2.42890000	10.281464218057712	1.6219531883508023
0.00000000	4.64487264	-2.66101486	-1.71780143	1.78660977	0.82009419	0.92069303	-2.44078517	5.353115161003113	2.091045672317853
0.00000000	10.83121425	1.73607625	-1.62885294	1.79438746	0.81262534	1.02516075	-2.37079549	10.969465022288787	1.4118636342655202
0.00000000	7.27360939	-2.42332408	-1.63677571	1.74800301	0.82406245	0.99884734	-2.36055040	7.666674191264685	1.892396859448761
0.00000000	11.58441744	-0.35716860	-1.58795796	1.74536157	0.86203053	1.02781771	-2.52885866	11.589922209963365	1.6016183764529721
0.00000000	24.44731813	8.12594263	-1.32609818	1.84492016	0.93621604	1.01710644	3.12908387	25.76242044869771	1.2498987491619722
0.00000000	5.61140713	-3.34730148	-1.70076190	1.78300309	0.80972235	0.96133014	-2.33023667	6.533935810568162	2.108651089686466
0.00000000	32.18755220	15.27046404	-0.70074533	1.85603333	0.59468272	0.47717930	-0.36194384	35.626192451967945	1.1278201701610595
0.00000000	26.03582583	15.63522941	-0.90511642	1.59268868	0.58627383	0.69634734	0.30103725	30.36979791426713	1.0299890487488148
1.00000000	18.51251878	3.41839288	-1.55554829	1.56845450	1.73722584	3.95667522	3.13523698	18.825481705972027	1.3882000591449537
1.00000000	22.84760977	-20.29462080	-2.05070118	1.50557280	1.61899109	3.74917513	3.01039100	30.559530520248376	2.2970873194731656
1.00000000	42.62260638	-1.61662353	-1.44897435	1.57433438	1.65649825	3.78047793	-3.09949136	42.65325364215685	1.6087069360905268
1.00000000	14.85482768	-18.55474271	-1.96836637	1.49957228	1.70808434	4.28303135	-1.56538641	23.768558694981742	2.4664892272257988
1.00000000	22.10677047	-17.35031981	-1.96357379	1.42172289	1.57033127	3.41310815	0.15863277	28.10236463578363	2.2362259444703514
1.00000000	22.96128022	-14.77191009	-1.99855177	1.57439029	1.65928775	3.48464627	-0.10083643	27.302558800383657	2.1424753944963055
1.00000000	17.71158419	-19.29190724	-1.99893634	1.60913432	1.66636596	4.00771216	-1.53165925	26.18927069385901	2.398875957360531
2.00000000	29.78083711	8.69504276	-1.27605007	1.81160641	0.79923131	1.72779654	3.02987981	31.02421679221865	1.2867248001430267
2.00000000	39.85460683	3.68960782	-1.43959938	1.70947337	0.67779210	1.80675795	3.12533045	40.02502831278559	1.4784827535671718
