0.00000000	6.48431151	-2.22179513	-1.74201040	1.74438453	0.80406917	0.91246970	-2.51975203	6.85439051691762	-0.3301045071576519
0.00000000	8.01564204	-1.27561971	-1.69146643	1.62949324	0.76729193	0.98343946	-2.47206116	8.116509284042976	-0.15781788609035452
0.00000000	3.23031168	-2.74447642	-1.79432980	1.64617515	0.74306632	0.90140543	0.19380493	4.23875740870841	-0.7042624480347865
0.00000000	10.53532048	-0.35578828	-1.57803021	1.73989058	0.76728604	0.98624496	-2.41245127	10.541326430601263	-0.033758167741614165
0.00000000	6.63588674	-2.98136661	-1.72323428	1.78266287	0.87681773	0.96995885	-2.52561688	7.2748566782673265	-0.42225443739596
0.00000000	9.38710915	-0.20581296	-1.63521014	1.71482623	0.77142613	0.97957371	-2.37369013	9.389365109980423	-0.02192155087878185
0.00000000	8.58305128	-0.57430016	-1.65522156	1.62614501	0.72342793	0.93141465	-2.37053132	8.602243309095927	-0.06681136747603492
1.00000000	8.26235633	3.33143284	-1.65211986	1.47540534	1.65788720	4.20531662	-3.12638259	8.908702312420228	0.3832672354165143
1.00000000	23.00324691	-14.77214600	-2.08341525	1.58730924	1.71552002	3.61721390	-0.08909599	27.337989425847333	-0.5708557640268932
1.00000000	22.72653831	-20.30110140	-2.16158942	1.54545414	1.67571087	3.84166052	3.11743402	30.47343534308168	-0.7290884779305822
1.00000000	43.23143708	-1.74181336	-1.35178409	1.63272107	1.76538543	4.52195280	-3.12603998	43.266512059363805	-0.04026865374446694
1.00000000	22.09844087	-17.24554426	-2.02590809	1.48158407	1.60184910	3.45447942	0.04973403	28.031230542173944	-0.6626727182987133
2.00000000	28.25005431	3.98409241	-1.46348200	1.80042028	0.72474346	1.67840531	-3.01362252	28.529608494498643	0.14010555586457812
2.00000000	36.47632348	4.74182932	-1.44933663	1.72624230	0.62948289	1.70888085	3.05542564	36.7832450977019	0.1292725040347504
