0.00000000	15.96763761	1.13083187	-1.56366644	1.83143330	0.87407012	0.98917202	-2.49349833	16.00763041685103	1.5000941351543773
0.00000000	22.97463668	8.51123458	-1.28622005	1.78197575	0.73684250	1.00215634	-3.00575209	24.50051111005216	1.2160099197000447
0.00000000	19.62768530	5.79052724	-1.43035338	1.69901919	0.67511687	0.97242437	-2.43898964	20.464022966001043	1.2839161007094941
0.00000000	22.81470299	7.53264427	-1.30579112	1.74747992	0.75124408	0.96908353	0.71882689	24.02605673472613	1.2518988765725074
0.00000000	20.65139695	5.80234277	-1.41874264	1.72011065	0.70818725	0.97883524	-2.52139664	21.451046072558807	1.2968919704822035
0.00000000	10.88749484	-2.34533360	-1.62029503	1.82629907	0.82834779	1.02926885	-2.65490675	11.137240842610687	1.7829694594057057
0.00000000	10.04599207	-3.00498009	-1.63272856	1.84527946	0.83147797	1.06319542	-2.66374278	10.485793342031842	1.8614476825615258
0.00000000	12.85401771	-2.08320116	-1.60063372	1.85026741	0.96053191	1.04065945	-2.47083855	13.02173177277197	1.7314655137639745
0.00000000	9.89539435	-1.76307026	-1.66542528	1.76191700	0.77355206	1.03369089	-2.50972652	10.051231073043162	1.7471169011309973
0.00000000	17.51573839	3.36180486	-1.51666890	1.75901008	0.73822556	0.98259778	-1.36831510	17.83543728826516	1.3811717808375503
0.00000000	17.29674465	0.96833078	-1.57841514	1.75912654	0.75200616	0.99140076	-2.55444789	17.323828675751763	1.5148712918345564
1.00000000	27.23215254	-14.85010950	-2.00829468	1.77571297	1.77166525	3.79338484	0.12293438	31.01799290933923	2.0700357275574657
1.00000000	24.96012888	-2.26071759	-1.53195820	2.01472163	1.89158556	4.86781629	-2.47490382	25.062299928936	1.6611230203133636
1.00000000	26.70916256	-20.60124435	-2.12567173	1.49785948	1.63936740	3.79723938	-3.09293103	33.73115226945135	2.2278016226076316
1.00000000	36.07239974	8.07290830	-1.12051223	1.47191155	1.68443306	3.25500212	-0.12639189	36.96471116379189	1.3506268565190582
1.00000000	26.34758447	-17.40783641	-1.99056880	1.49438536	1.64192225	3.65974589	0.07410597	31.578916635646433	2.1546564436799502
2.00000000	18.71726889	-0.46577203	-1.56919525	1.85055351	0.83327513	1.80597086	-3.08081412	18.72306327192461	1.5956758071429167
