0.00000000	19.94273412	7.97274991	-1.20049356	1.76721334	0.67913697	1.05359844	-2.56272459	21.477369143086804	0.38031859529043194
0.00000000	7.98844287	-2.08866220	-1.66560123	1.74187279	0.74726759	0.96797402	-2.46343231	8.256980639008589	-0.255735585167253
0.00000000	13.74329517	0.50617017	-1.49969028	1.80162466	0.86880067	1.00812724	-2.53514194	13.752613219702761	0.03681369577015194
0.00000000	17.61586541	5.18914022	-1.37310551	1.69411874	0.71151578	1.01143412	-2.36462164	18.364255780348305	0.2864695432472625
0.00000000	14.94814220	3.03126385	-1.42901776	1.78204393	0.71412239	1.01512318	-2.47678065	15.252393771462158	0.2000723152390006
0.00000000	10.87671456	-2.47739491	-1.55730556	1.76244605	0.85993676	0.97636714	-2.57687974	11.155285973914335	-0.2239498915171941
0.00000000	20.30067067	6.95127939	-1.24868486	1.74613643	0.69048546	1.05170451	-2.62962103	21.45780778200879	0.32990277861830136
0.00000000	18.40107943	5.12330407	-1.37677191	1.71306443	0.71745664	1.04137667	-2.44072390	19.100993921334243	0.2715467789169816
0.00000000	15.40814575	0.88552927	-1.44760845	1.76546836	0.74084448	0.97782816	-2.56987286	15.433571120815486	0.057408350885902085
0.00000000	8.89464617	-2.66064594	-1.62967322	1.77599692	0.77497708	0.99344097	-2.58067060	9.284059850492895	-0.2906574509017643
0.00000000	29.01230862	15.57382784	-0.71737001	1.77856064	0.64903184	0.61744283	-0.23991008	32.9280756354222	0.49265295272109577
0.00000000	32.42940903	8.41180902	-1.05102132	1.74396658	0.77994042	0.92868397	0.07320205	33.502613346185385	0.253794998381159
1.00000000	25.77297813	-14.91394670	-1.80484484	1.61182570	1.68352190	3.65031581	0.07319071	29.777041623705657	-0.5245850271211723
1.00000000	25.46110906	-20.55314811	-1.90708266	1.53787231	1.68949632	3.89183728	-3.12362909	32.72155209944679	-0.6791381671222826
1.00000000	22.48300502	-3.39751495	-1.41685281	1.94806385	1.97773764	4.90048057	-2.23533297	22.738263402573615	-0.14998004407108698
1.00000000	24.86934160	-17.36903504	-1.80667899	1.45207596	1.58934625	3.48482508	0.07254557	30.334263298096403	-0.6096590846978134
2.00000000	15.57738655	-1.42052048	-1.47318862	1.87926233	0.77232271	1.86311885	-3.08078003	15.642021933312213	-0.09093967091790472
