0.00000000	6.71542820	-3.16396262	-1.67519401	1.73774242	0.76231023	0.99646292	-2.40387297	7.423451715348629	2.0110973387409685
0.00000000	9.68357952	-0.62668951	-1.64451395	1.78494072	0.86766701	1.00771157	-2.41487408	9.703836976274255	1.635422923722522
0.00000000	5.21407974	-2.73382036	-1.73630993	1.68529272	0.74764576	0.93911173	-2.44340134	5.887308493346429	2.0537062065407232
0.00000000	8.16269862	-0.88162673	-1.69821237	1.70900869	0.70577476	0.99273034	-2.28778553	8.210171402108509	1.67838603125587
0.00000000	10.05217904	-1.91635333	-1.62595103	1.85502136	0.84140732	1.05874570	-2.55367780	10.233216187378112	1.7591764698012649
0.00000000	7.25310100	-1.36075522	-1.71381007	1.70496488	0.72208463	0.96912674	-2.36608982	7.3796428697436465	1.7562506642022857
0.00000000	6.61002523	-1.98928180	-1.72411988	1.63862658	0.76335002	0.95301867	-2.45453548	6.902874446275826	1.8631237186126512
0.00000000	21.80094719	7.75708650	-1.40388690	1.86233282	0.79751125	1.40181388	-3.10455227	23.139872284644337	1.2289512419053643
0.00000000	26.01323128	15.59183221	-0.95249985	1.62878895	0.61751502	0.65504054	0.36082429	30.328096433695997	1.0308322214103762
1.00000000	2.76172161	3.21291622	-1.73219810	1.49199116	1.65885420	4.16190781	-3.12981248	4.236736584669866	0.7100229151523427
1.00000000	42.58493122	-1.89266205	-1.52914117	1.72785294	1.80477735	4.07568875	-3.10327435	42.62696959259057	1.6152115054865572
1.00000000	22.52557654	-20.51012861	-2.16949187	1.61971378	1.73804885	4.14391380	3.11736941	30.464191669206304	2.3093966880394734
1.00000000	21.95227523	-17.37159428	-2.03193198	1.52854133	1.66515990	3.54300518	0.05750290	27.99419003298006	2.2402310904130665
1.00000000	22.76495883	-14.85868002	-2.05235610	1.58017874	1.68512636	3.56076328	0.01018822	27.184990757186995	2.149067007884986
2.00000000	22.32992273	4.12745727	-1.52335356	1.76227248	0.75802850	1.67562977	-3.02560425	22.708178100487203	1.3880195147532612
2.00000000	32.05611329	4.58429236	-1.51650320	1.80433857	0.69363525	1.82651438	2.89796400	32.38225031870498	1.4287510773192076
2.00000000	26.37111513	6.87085704	-1.44279383	1.79285359	0.80331768	1.82048522	2.96090245	27.251502521215826	1.3159180281427483
2.00000000	21.80094719	7.75708650	-1.40388690	1.86233282	0.79751125	1.40181388	-3.10455227	23.139872284644337	1.2289512419053643
