0.00000000	11.40570264	2.44114273	-1.60054408	1.75118518	0.80739370	1.04666274	-2.36042428	11.664014340711983	0.210847172172346
0.00000000	5.00583115	-2.52758578	-1.73169492	1.78827524	0.71889123	0.86123935	-2.55810237	5.607765631476456	-0.46758246658057323
0.00000000	12.27072164	2.19993842	-1.57979212	1.76403093	0.81528017	1.03811959	-2.41810703	12.466368301079363	0.17739887691593104
0.00000000	5.66144366	-3.25300568	-1.68354736	1.86428094	0.80804048	0.97335993	-2.45200300	6.529470902719948	-0.521525670079864
0.00000000	10.90889228	1.38974692	-1.63117800	1.69860089	0.77619866	1.01172281	-2.36184025	10.997059937924003	0.1267132237933465
0.00000000	9.23225440	-0.38383634	-1.63643930	1.69477081	0.78411345	0.96137469	-2.33225393	9.240230064355755	-0.04155165088143171
0.00000000	7.50179793	-2.24100414	-1.65106628	1.70960975	0.80752459	0.99513813	-2.44873476	7.8293723719113935	-0.29029027637302307
0.00000000	25.11074919	8.12983513	-1.32649408	1.78924894	0.75331197	0.94079336	3.01626205	26.394013414486015	0.31310919506222806
0.00000000	10.30376961	-0.61215351	-1.61325894	1.70724177	0.75723662	0.96598573	-2.40876317	10.321937807202913	-0.059340885009075965
0.00000000	30.43929401	9.01133387	-1.27610920	1.81626749	0.84368477	0.98380117	3.07694840	31.74515329847741	0.287822394630252
1.00000000	21.32836141	3.43866599	-1.50743006	1.56195879	1.67392069	4.06310935	-3.02483821	21.603782636991138	0.15984949829459325
1.00000000	17.84765971	-16.93185631	-1.88574872	1.71153021	1.85780462	4.29037590	-1.56077504	24.601355963166828	-0.759072557611011
1.00000000	43.05059031	-1.61699496	-1.42486415	1.75855243	1.80270656	4.43134747	-3.06498265	43.080947050176725	-0.037542695318362955
1.00000000	22.97446853	-14.69832471	-1.92318855	1.53090751	1.60382312	3.42882872	-0.05710763	27.273924424559016	-0.5691484314005247
1.00000000	14.83242512	-18.51850560	-2.00286255	1.57301688	1.71748039	4.22632224	-1.53183222	23.726269925920477	-0.8954754616001975
