0.00000000	27.93699064	7.52292432	-1.23254822	1.74356544	0.65683166	1.05196747	-2.29758668	28.932159206389954	0.2630423527098092
0.00000000	25.94409993	5.52965214	-1.31727992	1.75982940	0.69560016	1.05383349	-2.48427844	26.52684251785788	0.20999495860035486
0.00000000	19.01396701	-0.52259345	-1.49988411	1.69010115	0.59241394	0.99834941	-2.31493950	19.02114732005804	-0.027477796645348527
0.00000000	18.25160478	0.07646209	-1.52376924	1.71281219	0.58662664	0.94540064	-2.07964182	18.251764941959067	0.004189310672110366
0.00000000	17.72731982	-2.22340885	-1.49957178	1.83938253	0.65591214	1.02782038	-2.41832781	17.866208744857516	-0.12477119947381339
0.00000000	13.86821270	-4.33300796	-1.60979412	1.79418182	0.59586748	1.04467579	-2.51858664	14.52935929330212	-0.30283175485504765
0.00000000	24.36535233	1.30019690	-1.40471850	1.80239010	0.87441967	1.01781197	-2.66610980	24.40001856851355	0.05331196763279614
0.00000000	24.56904462	3.49824052	-1.38456688	1.77860594	0.76465238	1.21035145	-2.62380886	24.816841867476224	0.14143341057523875
1.00000000	33.27069283	-15.07868328	-1.84498654	1.60444188	1.70382261	3.65390934	0.06663654	36.52814929402754	-0.4255219655101525
1.00000000	36.75664099	1.02507692	-1.36501239	1.51861060	1.52942585	3.42461279	0.12696928	36.77093199199152	0.027880983255848174
2.00000000	24.56904462	3.49824052	-1.38456688	1.77860594	0.76465238	1.21035145	-2.62380886	24.816841867476224	0.14143341057523875
2.00000000	20.68302004	-0.59861886	-1.50182579	1.65376663	0.69471339	1.68655703	-2.54636812	20.691680997796897	-0.028934449344312576
