0.00000000	12.32850426	-2.15145914	-1.64934061	1.80864441	0.79578891	1.01653816	-2.67256021	12.514822959991392	1.7435674477543623
0.00000000	11.39031084	-1.45048342	-1.67917643	1.77171826	0.77749922	1.02150283	-2.59259248	11.482294334474988	1.6974582165492367
0.00000000	24.49363909	7.66936101	-1.36366306	1.76391923	0.72928063	1.02411399	-3.02017856	25.66627074923204	1.267349962836033
0.00000000	6.76968349	-5.20795395	-1.74214635	1.79159069	0.66088454	1.01867655	-2.56218243	8.541159107527456	2.226538827648844
0.00000000	17.52280562	1.56180984	-1.56099890	1.81584454	0.77497841	0.97572474	-2.42991900	17.59227008582532	1.4819011058978862
0.00000000	21.17136654	6.17609024	-1.40382812	1.75278640	0.69291356	1.04853464	-2.38164568	22.05381717126663	1.2869539720065792
0.00000000	22.28168688	6.14775356	-1.41450344	1.75914741	0.72490894	1.05187438	-2.41923189	23.11424764193844	1.3015837370691992
0.00000000	18.77307264	1.22922847	-1.55082856	1.77033496	0.77004417	1.00725207	-2.44823360	18.81327347853571	1.505411386063296
0.00000000	25.05293645	8.53497104	-1.33622048	1.76802087	0.71548208	1.01722667	-2.63091183	26.466872792632252	1.242450674595228
0.00000000	11.32331396	-2.93656901	-1.62617145	1.84291995	0.82600877	1.03175342	-2.77780652	11.697900520487567	1.8245444855349087
0.00000000	18.90852451	3.79806067	-1.51768206	1.78080797	0.71789536	1.11777594	-2.10896444	19.28620138851276	1.3725691800730189
1.00000000	26.82286062	-1.54011877	-1.53743706	1.99818063	1.87551175	4.69755970	-2.57293153	26.867039614845048	1.6281514919303255
1.00000000	28.15646874	-14.92023782	-1.94933889	1.68589234	1.71490092	3.59440634	0.07636389	31.865345259575577	2.058080300109346
2.00000000	14.32306516	-2.03120834	-1.58750055	1.75882268	0.78758629	1.71421343	-2.61451459	14.466374905210062	1.7116707592580906
2.00000000	21.00613368	0.26735256	-1.57443974	1.79569960	0.72180911	1.86735956	-2.67145967	21.007834956829058	1.5580696570650319
