0.00000000	10.24947794	-0.54225922	-1.65851055	1.72229981	0.88382073	0.96851148	-2.49077415	10.263812308505143	1.6236530805310125
0.00000000	10.72559231	1.61501734	-1.65016077	1.77072453	0.85329257	1.02623348	-2.45286465	10.846502266114722	1.4213430513031602
0.00000000	7.19870329	-2.49470410	-1.67356549	1.76333177	0.84257581	1.00868125	-2.34534311	7.6187188951958085	1.9043935401911158
0.00000000	4.58624520	-2.66821008	-1.71745632	1.78829038	0.79418084	0.93925642	-2.40790176	5.30593913134486	2.0977149942795754
0.00000000	5.54915541	-3.39861418	-1.70898936	1.81252718	0.85621068	1.01627370	-2.36409354	6.507204016229193	2.1203244290649916
0.00000000	8.51919839	-0.94287772	-1.67591832	1.71469498	0.79402845	1.01682810	-2.35887814	8.571216926612637	1.6810245249266478
0.00000000	11.57153406	1.34133540	-1.61139236	1.78058779	0.86625352	1.05032576	-2.50052738	11.649016317141685	1.4553945437296971
0.00000000	10.25534429	0.67548752	-1.68284557	1.74090028	0.84541644	0.97629608	-2.47211909	10.277566341119446	1.5050244540447215
0.00000000	26.06190129	15.65215964	-0.91678904	1.61061192	0.60890066	0.70706449	0.14170636	30.400868412690922	1.0299532013976354
0.00000000	24.19938539	8.29140513	-1.36329244	1.80566931	0.88487754	1.08424629	3.04524088	25.580415404827495	1.2407033567150858
0.00000000	11.56366248	-0.35570044	-1.61443387	1.80747128	0.88261578	1.11776630	-2.63644290	11.569131892859374	1.6015468193505666
1.00000000	18.02188848	3.37300803	-1.59391640	1.60050535	1.71028078	3.91296462	-3.12830400	18.334820630592525	1.3857751674480576
1.00000000	42.89523175	-1.70642200	-1.40931747	1.72266150	1.76541021	4.38813818	-3.09860897	42.92916005384094	1.6105565197932923
1.00000000	22.10503377	-17.30501652	-1.95206920	1.43191707	1.61167854	3.43799026	0.08577710	28.073049615784768	2.234994668149077
1.00000000	22.62912549	-20.30415817	-2.06414721	1.49449265	1.60282254	3.66796286	3.09647655	30.402897221063416	2.30209430455899
1.00000000	22.97124361	-14.87461642	-1.99874483	1.54746175	1.67485758	3.43254679	-0.06700167	27.366626511722256	2.145434650521974
1.00000000	14.83598885	-18.58888927	-1.98428706	1.51480162	1.70779997	4.26736349	-1.54582810	23.78346840664005	2.4680048704390267
2.00000000	39.34838897	3.74288559	-1.43492756	1.71477175	0.63605011	1.77368239	3.13870239	39.52600292306632	1.475959972246147
2.00000000	29.56315091	8.71452281	-1.32110904	1.80040705	0.77216076	1.61105520	2.99946952	30.820817632461413	1.284138576378843
