0.00000000	9.38512212	-0.47300489	-1.64974151	1.64955580	0.75027613	0.94255774	-2.40765691	9.397034150905125	-0.05035683067779
0.00000000	8.40657448	-0.75708439	-1.67878531	1.66276455	0.70305874	0.93246549	-2.40279102	8.440596617619454	-0.0898163103006619
0.00000000	7.82347855	-1.47909365	-1.70074652	1.64978862	0.69415710	0.97193279	-2.46470642	7.962068490523077	-0.1868529124332376
0.00000000	10.42322234	-0.42554454	-1.55828963	1.81686187	0.77265838	1.03192620	-2.41153502	10.431905487714069	-0.04080392112585432
0.00000000	3.10178211	-2.78764524	-1.77349172	1.67366588	0.74382244	0.88181558	-2.99828982	4.170373873169012	-0.7321095419505523
0.00000000	6.27810641	-2.26477573	-1.72623656	1.77369905	0.77065496	0.89049002	-2.52315497	6.674116361173224	-0.34621216344386657
0.00000000	6.59307053	-2.93904606	-1.71700714	1.74639761	0.83123304	0.94916366	-2.56928706	7.218488121231204	-0.41933739944131043
1.00000000	7.30394062	3.33665296	-1.66039179	1.48806846	1.67551950	4.11545038	-3.12184834	8.029993870231953	0.4285185129020871
1.00000000	22.99543682	-14.66256443	-2.05328475	1.57766271	1.68862421	3.62685103	-0.08896518	27.272346987498395	-0.5676295604010781
1.00000000	22.68079958	-20.44886131	-2.15083812	1.57996500	1.74359005	4.02011746	3.13653469	30.538084394142064	-0.733694787239069
1.00000000	22.08720508	-17.33391661	-2.00910364	1.45997727	1.57263797	3.39802472	0.03114305	28.07684621335544	-0.6654002700868885
2.00000000	35.65053187	4.70033445	-1.43589471	1.76186466	0.60504455	1.73615798	3.10328984	35.959054027542805	0.13108863829214193
2.00000000	27.15878738	4.01744341	-1.47844730	1.72659612	0.77672577	1.68889494	-3.05169344	27.454318121282846	0.1468592643007567
