0.00000000	6.39827879	-3.14732853	-1.71196054	1.83695793	0.76924123	1.05300624	-2.34522533
0.00000000	4.78267921	-3.53998636	-1.75500111	1.81805301	0.77806688	1.05831333	-2.38875794
0.00000000	11.72321596	0.79727675	-1.63077317	1.82185900	0.79345766	1.01992566	-2.41365647
0.00000000	14.25505688	5.00690812	-1.52033208	1.77360153	0.79569660	1.05575958	-2.32820868
0.00000000	9.77605205	-1.24385733	-1.63997183	1.85598350	0.88101414	1.03902699	-2.49906635
0.00000000	14.31259607	3.03139185	-1.55470965	1.80249059	0.81945242	1.06077100	-2.30219626
0.00000000	12.45006260	-0.21526939	-1.60540901	1.81558585	0.85119644	1.04734255	-2.46456718
0.00000000	7.12932536	-2.58963986	-1.72249578	1.84544981	0.75195698	1.04537818	-2.47137022
0.00000000	15.35018996	4.32973159	-1.53344343	1.80454111	0.85644259	1.01427350	-2.42807865
0.00000000	11.00955762	0.61696203	-1.63131450	1.84271789	0.84472244	1.01726361	-2.40022779
0.00000000	13.71891499	3.23669534	-1.54302905	1.76213360	0.79852209	1.05486206	-2.20355678
0.00000000	5.24982151	-4.05846270	-1.73967669	1.71448672	0.77784250	1.08560975	-2.37207055
0.00000000	28.02940921	8.61778761	-1.21676920	1.73885071	0.73389733	1.13584564	0.06866003
0.00000000	32.64544136	10.59988423	-1.14560090	1.74116564	0.71425516	0.97489043	0.00547543
0.00000000	26.80512980	15.62000074	-0.86622296	1.75266242	0.66025296	0.82144361	0.04185543
1.00000000	32.33648099	3.36347128	-1.44911573	1.57667065	1.62831341	4.04575248	-3.12368321
1.00000000	23.60014915	-14.98000371	-2.00931201	1.48533058	1.64063949	3.32729660	0.04379942
1.00000000	18.70331764	-9.30168880	-1.77255044	1.75847375	1.78390428	4.31959598	-1.64816320
1.00000000	23.42719028	-20.53014322	-2.18989776	1.48672199	1.68708657	3.93787748	-3.13086772
1.00000000	43.46452512	-1.86108539	-1.36974643	1.53479016	1.64748948	4.33365765	3.07472038
1.00000000	22.64833952	-17.36325465	-2.01391176	1.43397379	1.54493137	3.51588130	0.26497325
2.00000000	8.50106854	-4.89862216	-1.66244529	1.88520265	0.76429962	1.82355470	-2.43079281

1056	368
1032	387
894	362
927	348
1056	151
1032	148
894	152
927	155

1291	446
1282	483
1056	432
1088	406
1291	151
1282	146
1056	152
1088	155

594	276
555	280
516	274
555	270
594	162
555	161
516	162
555	163

382	254
343	257
317	253
355	250
382	163
343	162
317	163
355	164

750	296
702	303
648	292
695	287
750	155
702	153
648	156
695	157

484	254
449	257
417	254
451	251
484	163
449	162
417	163
451	164

656	268
617	272
578	266
616	263
656	161
617	160
578	161
616	162

949	351
908	364
806	342
849	332
949	154
908	152
806	156
849	158

429	249
391	251
370	248
408	245
429	163
391	162
370	163
408	164

607	282
564	288
521	280
564	275
607	159
564	158
521	159
564	161

468	257
435	260
398	257
431	253
468	164
435	163
398	164
431	165

1302	417
1298	447
1085	406
1109	384
1302	166
1298	163
1085	166
1109	168

376	208
394	208
388	209
368	209
376	165
394	165
388	164
368	164

365	203
381	203
374	204
358	204
365	165
381	165
374	165
358	165

181	202
199	202
187	203
169	203
181	156
199	156
187	155
169	155

542	211
504	211
514	207
548	207
542	174
504	174
514	175
548	175

1002	230
1047	230
1120	237
1068	237
1002	188
1047	188
1120	188
1068	188

1029	238
1067	244
886	243
865	237
1029	173
1067	172
886	172
865	173

1316	243
1261	243
1156	233
1203	233
1316	193
1261	193
1156	191
1203	191

645	200
617	200
620	198
645	198
645	173
617	173
620	174
645	174

1081	232
1117	231
1232	239
1192	240
1081	189
1117	189
1232	190
1192	190

1134	319
1114	328
935	305
961	298
1134	147
1114	144
935	150
961	152

