0.00000000	9.07845874	-1.13672708	-1.67054580	1.70720172	0.88261954	0.98964478	-2.36827588
0.00000000	7.70749983	-1.71249038	-1.70612679	1.69212806	0.70825274	1.04395881	-2.31022501
0.00000000	5.72985536	-2.26431395	-1.72972498	1.69480991	0.67014263	0.94144140	-2.29437208
0.00000000	21.16604604	7.62114776	-1.39841447	1.79911602	0.77352861	1.22009257	-0.09800863
0.00000000	6.79385537	-3.32849653	-1.71021698	1.71153235	0.72671191	1.00768452	3.07278609
0.00000000	6.34779491	-1.61127793	-1.71780930	1.71666098	0.72554883	0.99086573	-2.24134135
0.00000000	4.55870315	-3.04785528	-1.76733385	1.70473170	0.64856814	0.89135546	-2.60081124
1.00000000	42.25040235	-2.07125011	-1.54040502	1.78317821	1.86119189	4.36952930	-3.11823130
1.00000000	22.12409973	-20.55866561	-2.25189374	1.57592046	1.73289682	4.04420903	-0.02292299
1.00000000	22.34372591	-14.74025061	-2.02211754	1.63572669	1.74081529	3.47938506	0.01822307
1.00000000	21.50110195	-17.41448829	-2.04202286	1.53513575	1.63573858	3.60367706	0.05517801
2.00000000	19.52302581	4.12053560	-1.51133738	1.79670978	0.70269759	1.73659042	-3.04744387
2.00000000	29.85604437	4.33384996	-1.57759712	1.78408194	0.71518107	1.81983019	3.01610947

752	307
708	316
644	305
688	297
752	168
708	167
644	168
688	169

833	334
801	346
709	331
745	321
833	171
801	170
709	171
745	172

984	394
959	416
827	389
861	372
984	170
959	169
827	170
861	171

341	224
365	224
347	226
321	226
341	164
365	164
347	163
321	163

1042	368
953	367
910	340
986	342
1042	165
953	165
910	168
986	168

870	370
839	389
725	368
762	352
870	168
839	166
725	168
762	169

1236	470
1187	496
1014	442
1067	424
1236	171
1187	170
1014	172
1067	173

655	203
622	204
619	201
648	201
655	172
622	172
619	173
648	173

1187	238
1239	238
1366	249
1303	249
1187	191
1239	191
1366	193
1303	193

1014	233
1065	233
1146	241
1087	241
1014	184
1065	184
1146	184
1087	184

1110	235
1158	234
1268	244
1212	244
1110	187
1158	187
1268	188
1212	188

461	234
433	235
442	230
467	230
461	165
433	165
442	167
467	167

500	216
483	216
496	214
512	214
500	172
483	172
496	172
512	172

