0.00000000	7.34711258	-1.48663019	-1.72727774	1.69887066	0.76140212	1.07056499	-2.34339118
0.00000000	8.94410924	-1.24749635	-1.66809342	1.77005482	0.93619933	1.04582012	-2.27002048
0.00000000	5.54360026	-2.36724050	-1.74284969	1.69824505	0.68855921	0.96048360	-2.44191885
0.00000000	4.40451001	-3.11233370	-1.76635651	1.71169353	0.68589080	0.92600027	-2.53787923
0.00000000	6.83403580	-3.37305069	-1.71019040	1.74632347	0.76637613	1.05737330	-2.95230722
0.00000000	6.16839936	-1.66848082	-1.73265110	1.71938407	0.71647050	1.03391025	-2.32448220
0.00000000	21.03582558	7.60202659	-1.44378970	1.83185434	0.75189612	1.15979024	3.07139301
0.00000000	25.70394968	15.53010690	-0.90501831	1.66021800	0.64273516	0.69748838	0.31593192
1.00000000	42.21641139	-2.15429507	-1.51804064	1.73880613	1.87491241	4.40227985	-3.09565091
1.00000000	22.33083625	-14.89604523	-2.02670656	1.65598559	1.72639850	3.54115963	0.00620069
1.00000000	22.00050103	-20.59333199	-2.23357091	1.58362257	1.69938865	3.99616518	-0.04233949
1.00000000	21.46810983	-17.49244364	-2.08419768	1.51541257	1.63233108	3.62248640	0.01605712
2.00000000	18.95933026	4.13128200	-1.53402517	1.82864952	0.71166377	1.71333849	-3.07386541
2.00000000	29.43101180	4.24719108	-1.57888089	1.83555841	0.77871665	1.81522197	2.83252907
2.00000000	25.51949903	6.41629319	-1.55194865	1.79169095	0.81232920	1.36170560	3.02609539

825	345
785	359
690	340
733	329
825	172
785	171
690	172
733	173

765	307
726	319
651	308
693	298
765	163
726	161
651	162
693	164

1018	407
978	428
845	395
891	379
1018	171
978	170
845	171
891	172

1275	479
1236	512
1036	453
1085	431
1275	169
1236	168
1036	170
1085	171

1056	365
977	369
901	341
970	338
1056	161
977	161
901	164
970	164

890	379
852	399
733	373
776	358
890	168
852	167
733	169
776	170

347	228
321	228
339	226
363	226
347	164
321	164
339	165
363	165

161	204
181	204
176	205
156	205
161	159
181	159
176	158
156	158

658	203
625	203
619	201
649	201
658	172
625	172
619	173
649	173

1019	233
1070	233
1152	241
1092	241
1019	184
1070	184
1152	184
1092	184

1193	238
1245	238
1369	249
1306	249
1193	191
1245	191
1369	192
1306	192

1115	236
1164	236
1271	246
1213	246
1115	189
1164	189
1271	190
1213	190

455	237
426	237
438	232
464	232
455	164
426	164
438	166
464	166

497	216
480	216
500	214
516	215
497	170
480	170
500	171
516	171

426	222
403	222
418	220
439	220
426	170
403	170
418	171
439	171

