0.00000000	22.83622591	1.23167791	-1.49916015	1.79822361	0.92654048	1.01794146	-2.54017568
0.00000000	16.17726778	-0.42038968	-1.60685347	1.77731395	0.70620140	0.99067845	-2.36819673
0.00000000	25.78719541	7.15304927	-1.29093645	1.76490378	0.73934331	1.00232449	-2.45039558
0.00000000	17.03837169	-1.15127062	-1.57144902	1.75986612	0.70844277	0.96992074	-2.31904125
0.00000000	11.72022067	-4.66170060	-1.66010187	1.80775714	0.66159258	0.98901046	-2.58709478
0.00000000	23.86067792	4.82059780	-1.39422963	1.72232389	0.76088066	1.05740781	-2.57205820
0.00000000	27.37127354	7.29452936	-1.28332136	1.80688226	0.74045478	0.97837432	-2.43416190
0.00000000	22.45888710	2.92978538	-1.47265885	1.77978635	0.86932990	0.99470804	3.05848336
0.00000000	15.76534572	-2.47100780	-1.56644581	1.85966945	0.79505796	1.01278801	-2.43577003
1.00000000	34.37931412	0.25267852	-1.47207854	2.22506738	2.01128957	5.21110265	-3.07485294
1.00000000	31.69870628	-15.17222053	-1.90282403	1.66093183	1.67211577	3.67061088	0.12603588
2.00000000	28.17323333	1.91460158	-1.44315336	1.86144710	0.81663265	1.81712493	-3.07583380

584	223
559	224
543	223
567	222
584	166
559	166
543	167
567	167

649	247
627	249
595	246
617	244
649	167
627	166
595	167
617	167

419	214
399	214
388	213
407	213
419	164
399	164
388	164
407	165

677	241
658	243
626	241
645	239
677	166
658	166
626	166
645	167

934	276
908	279
854	272
880	269
934	161
908	161
854	162
880	163

474	219
452	220
441	218
462	218
474	167
452	167
441	167
462	167

426	211
408	212
396	211
414	210
426	164
408	163
396	164
414	164

519	224
491	224
499	222
525	223
519	166
491	166
499	167
525	167

746	246
722	248
687	245
711	243
746	160
722	159
687	160
711	161

622	209
577	209
574	205
613	205
622	159
577	159
574	162
613	162

903	215
936	214
988	218
951	219
903	179
936	179
988	179
951	179

564	214
542	214
543	212
563	212
564	165
542	165
543	166
563	166

