0.00000000	5.68795204	-3.21817900	-1.68905316	1.85027146	0.82879757	1.03116451	-2.42140508
0.00000000	11.68776562	2.81734968	-1.61443100	1.76956201	0.78666242	1.02893953	-2.29889297
0.00000000	5.21597329	-2.51794865	-1.72824357	1.84405017	0.73578593	0.96584825	-2.47966814
0.00000000	7.57957634	-2.08119342	-1.64562700	1.80001307	0.84632933	1.03507371	-2.41515946
0.00000000	11.79688855	1.52599435	-1.63316844	1.77020454	0.82095077	1.00322719	-2.40271568
0.00000000	9.55388546	-0.14334227	-1.65156160	1.71165895	0.81841169	0.99121089	-2.32132244
0.00000000	12.54466584	2.57960872	-1.60255251	1.82897496	0.84176079	1.03446504	-2.39268327
0.00000000	10.20975866	-0.50500318	-1.62746773	1.71260941	0.80873856	1.00553985	-2.32891726
0.00000000	25.47308771	8.36046118	-1.26230810	1.82902682	0.66371646	1.23430326	2.93160152
0.00000000	30.73462938	9.03526858	-1.34231041	1.81184292	0.87552227	1.01266323	3.07017684
0.00000000	26.05051743	15.61758644	-0.87926600	1.57301974	0.63314124	0.70983720	-0.23600587
1.00000000	17.97497523	-15.96825499	-1.89728306	1.84077668	1.99907406	4.61661659	-1.59153414
1.00000000	22.87449335	3.55218335	-1.44284866	1.61673117	1.60815496	3.83641343	-3.13229680
1.00000000	42.86531147	-1.70322217	-1.40080557	1.72613335	1.75300178	4.17553500	3.14066339
1.00000000	22.98254967	-14.64300030	-1.92505548	1.69882298	1.56246377	3.48797284	-0.09690266
2.00000000	25.47308771	8.36046118	-1.26230810	1.82902682	0.66371646	1.23430326	2.93160152

1129	391
1097	415
940	382
982	364
1129	142
1097	138
940	144
982	148

469	275
427	281
390	275
431	270
469	165
427	164
390	165
431	166

1073	421
1027	446
880	406
931	388
1073	146
1027	142
880	148
931	151

878	331
833	344
743	327
789	317
878	153
833	151
743	154
789	156

549	275
507	280
472	274
513	270
549	165
507	165
472	166
513	167

666	299
624	307
567	298
609	291
666	167
624	166
567	168
609	168

492	268
449	272
418	267
460	263
492	162
449	160
418	162
460	163

687	289
650	296
595	288
633	282
687	166
650	165
595	166
633	167

366	214
349	214
368	212
384	213
366	161
349	161
368	162
384	162

397	210
377	210
386	209
406	209
397	167
377	167
386	167
406	167

173	203
187	203
171	204
157	204
173	161
187	161
171	160
157	160

1297	242
1379	250
1179	249
1119	242
1297	173
1379	171
1179	171
1119	173

509	225
454	225
476	219
522	219
509	170
454	170
476	172
522	172

646	201
616	201
614	199
642	199
646	171
616	171
614	172
642	172

1007	228
1055	229
1119	236
1063	236
1007	179
1055	179
1119	179
1063	179

366	214
349	214
368	212
384	213
366	161
349	161
368	162
384	162

