0.00000000	5.35140790	-2.42588646	-1.74172805	1.68005204	0.70781872	0.98733722	-2.68219519
0.00000000	5.96871125	-1.75066747	-1.72860275	1.70890784	0.72125769	1.03167562	-2.28925014
0.00000000	7.20488649	-1.56925603	-1.71060167	1.71360278	0.74668801	1.02343975	-2.30493331
0.00000000	8.78716080	-1.30144169	-1.67375587	1.77078557	0.90972569	1.04134412	-2.41640449
0.00000000	6.85246116	-3.39135120	-1.70667694	1.75999141	0.78016049	1.04083427	2.36031270
0.00000000	4.25968045	-3.10693791	-1.75093273	1.69583583	0.67525992	0.95020627	-2.53938389
0.00000000	20.88400816	7.58037065	-1.42727302	1.80670071	0.78385590	1.14699696	3.03620911
0.00000000	21.50410351	7.29939059	-1.41095887	1.87153029	0.80598452	1.14368381	-0.58893394
0.00000000	25.13687234	6.74570234	-1.50760303	1.78212667	0.78735657	1.39552935	-2.62678576
1.00000000	22.25660274	-14.91853563	-2.05921290	1.70427704	1.76610931	3.57312591	0.01525224
1.00000000	42.14056918	-2.17924620	-1.53429208	1.68729663	1.83815046	4.31575430	-3.11346483
1.00000000	21.43957740	-17.55705507	-2.09090755	1.52445531	1.63185612	3.65126102	-0.01118665
1.00000000	21.86845227	-20.64483762	-2.26100520	1.58476591	1.73775067	4.01409331	-0.08991386
2.00000000	18.37659761	4.07645075	-1.52386663	1.79220653	0.71423924	1.73122381	-3.13377523
2.00000000	28.92806405	4.22446602	-1.59764157	1.78773344	0.73823145	1.84483905	2.90157557
2.00000000	25.38544253	6.36954057	-1.54273723	1.77531385	0.81725364	1.39058562	-3.00011778

1051	422
982	439
860	397
925	385
1051	173
982	172
860	174
925	174

910	385
876	407
748	380
789	363
910	169
876	167
748	169
789	170

835	346
799	360
703	343
742	331
835	168
799	167
703	169
742	170

773	312
725	322
657	309
706	301
773	162
725	161
657	163
706	164

1004	370
909	354
950	336
1037	349
1004	159
909	161
950	163
1037	161

1302	489
1265	524
1048	459
1097	436
1302	169
1265	167
1048	170
1097	171

345	228
319	228
338	225
363	225
345	164
319	164
338	165
363	165

366	223
383	224
351	226
334	225
366	163
383	162
351	161
334	162

426	221
403	222
394	220
416	219
426	169
403	169
394	170
416	170

1020	234
1072	234
1157	243
1095	243
1020	183
1072	183
1157	183
1095	183

657	203
625	203
621	201
650	201
657	173
625	173
621	174
650	174

1118	236
1169	236
1274	246
1214	246
1118	189
1169	189
1274	190
1214	190

1199	239
1255	239
1375	251
1307	250
1199	191
1255	191
1375	193
1307	193

450	239
421	239
437	234
463	234
450	165
421	165
437	167
463	167

497	218
480	217
497	215
514	216
497	172
480	172
497	173
514	173

432	222
408	222
413	220
436	220
432	170
408	170
413	171
436	171

