0.00000000	9.63138781	5.46448858	-1.54844068	1.76098180	0.61433911	0.83246223	-2.38870716
0.00000000	10.47584885	4.23982269	-1.58069847	1.72598875	0.65282536	0.68696965	2.71410155
0.00000000	31.08039906	7.03214846	-1.36852966	1.76555133	0.65536499	1.06950881	0.09084214
0.00000000	10.28145865	4.90413214	-1.57214640	1.75382578	0.63387320	0.73047225	-2.69944978
0.00000000	22.33029165	11.92517783	-1.20552633	1.84745741	0.67938260	0.89291475	2.94516158
1.00000000	31.38059315	-2.61325083	-1.58381293	1.68649745	1.68105850	4.02077468	-3.10385609
1.00000000	10.76234767	-20.94824502	-2.31873609	1.52976489	1.60625985	3.71333800	3.08452153

225	294
171	300
156	292
207	287
225	159
171	158
156	160
207	161

307	290
273	287
312	281
345	283
307	164
273	165
312	166
345	165

434	209
449	209
446	209
430	210
434	169
449	169
446	168
430	168

282	289
230	292
232	285
281	282
282	162
230	161
232	163
281	163

218	218
198	218
220	217
238	217
218	157
198	158
220	159
238	158

687	214
647	214
638	210
674	210
687	173
647	173
638	174
674	174

2388	348
2238	346
1761	297
1861	298
2388	222
2238	221
1761	210
1861	210

