0.00000000	6.18681594	4.04793087	-1.64977513	1.75887704	0.66565707	0.80040936	3.05237603
0.00000000	17.05293655	11.95683228	-1.17196391	1.82782555	0.67171282	0.82251735	2.95137811
0.00000000	25.82539257	6.46615028	-1.32634328	1.74396944	0.65592806	1.04857432	0.45276165
0.00000000	17.28276579	14.98487121	-1.07543920	1.66406369	0.58086918	0.60506738	-2.35031366
1.00000000	27.38743330	-2.75561684	-1.50729177	1.48565745	1.65233455	3.99739303	-3.11782169
1.00000000	39.00575136	13.73944784	-0.85022030	1.42971873	1.60008951	3.74118905	-0.00604906

121	387
41	384
120	359
190	360
121	158
41	158
120	161
190	161

93	230
69	229
100	227
124	228
93	150
69	150
100	152
124	152

410	214
429	213
435	215
416	215
410	166
429	166
435	166
416	165

-5	225
-37	226
-39	225
-7	224
-5	155
-37	155
-39	155
-7	156

704	217
658	217
648	213
688	213
704	175
658	175
648	176
688	176

348	194
376	194
352	195
322	195
348	169
376	169
352	167
322	167

