0.00000000	5.11817901	4.09061532	-1.62167690	1.75251651	0.64597644	0.92647185	0.81233710
0.00000000	24.59213859	6.38106497	-1.24961195	1.78809893	0.62981177	0.97074650	0.36072156
0.00000000	15.83943618	11.87387768	-1.14339087	1.82701635	0.61747110	0.87781031	3.02138257
1.00000000	26.37737676	-2.71880752	-1.46559070	1.61843300	1.66479161	4.08847646	-3.10320020
1.00000000	36.98271952	12.68335393	-0.81155024	1.57361794	1.58863726	3.71757903	-0.12746888

-63	407
53	387
80	415
-51	441
-63	153
53	155
80	152
-51	148

405	213
424	213
427	214
408	214
405	162
424	162
427	161
408	161

56	233
30	232
66	230
91	230
56	147
30	147
66	149
91	149

709	218
660	218
647	213
689	213
709	170
660	170
647	172
689	172

359	194
386	194
354	195
324	195
359	165
386	165
354	163
324	163

