0.00000000	32.09462919	12.60409355	-1.02837871	1.69895220	0.58674240	0.66517427	0.68710905
0.00000000	29.16488146	-21.77264565	-2.17909704	1.77768826	0.65766385	0.69840001	1.32478189
1.00000000	38.21332580	-2.69822070	-1.54904769	1.64576530	1.74913924	4.08342104	-3.12136555
1.00000000	18.24904868	-15.34971814	-2.03846977	1.62387943	1.72312746	3.51033211	-0.05538790
1.00000000	17.49013098	-20.97498586	-2.31702078	1.51526737	1.71368985	3.82010184	3.12689567
1.00000000	17.26603759	-17.59288938	-2.11711429	1.45579684	1.55715017	3.30073959	0.11155889
2.00000000	14.92805230	3.77213829	-1.55826662	1.74702573	0.67135574	1.71548112	3.09103823

312	201
325	201
330	202
316	202
312	164
325	164
330	164
316	163

1129	226
1121	225
1141	225
1149	226
1129	182
1121	182
1141	182
1149	182

673	206
638	206
633	204
664	204
673	174
638	174
633	175
664	175

1125	244
1189	245
1308	258
1229	257
1125	186
1189	186
1308	187
1229	187

1611	273
1531	273
1347	255
1412	255
1611	203
1531	203
1347	199
1412	199

1237	251
1290	250
1453	265
1391	266
1237	195
1290	195
1453	198
1391	198

424	256
390	255
418	247
448	247
424	166
390	166
418	168
448	167

