0.00000000	8.68311368	-1.14488351	-1.63020871	1.69234776	0.76410778	0.97421329	-2.49950552
0.00000000	9.90924772	-0.47332864	-1.61076484	1.82725251	0.93024616	1.03563572	-2.46025848
0.00000000	6.70353676	-3.11848490	-1.65609107	1.76919019	0.78492220	0.98806698	-2.45847631
0.00000000	10.14010342	-1.59331121	-1.60909210	1.82946682	0.82458815	1.03796415	-2.57245398
0.00000000	6.87773667	-1.89147247	-1.69902049	1.69206274	0.76523807	0.93165691	-2.58167362
0.00000000	5.51889256	-2.60855022	-1.70611177	1.72445202	0.73790535	0.91781075	-2.48586655
0.00000000	7.54117777	-1.26579184	-1.69998072	1.72850895	0.72663426	0.94012500	-2.47290993
0.00000000	26.38685327	7.43555521	-1.40193949	1.82915568	0.80528808	1.58069651	3.06033015
1.00000000	3.84910860	3.22105508	-1.71072064	1.48984778	1.62454122	4.07867212	-3.13572550
1.00000000	22.59165362	-20.48606684	-2.15810380	1.63302422	1.72857328	4.13522846	3.11431885
1.00000000	42.85583998	-1.77828387	-1.46929644	1.84901500	1.82697459	4.43962373	-3.10028791
1.00000000	22.85692315	-14.74898426	-2.06913988	1.55899441	1.68697724	3.58260995	-0.09835164
1.00000000	22.07331155	-17.29042593	-2.00482504	1.51523328	1.64739223	3.58937194	0.06971969
2.00000000	23.42215337	4.14180505	-1.49137710	1.73042059	0.79020270	1.60997149	-3.03283572
2.00000000	32.93487900	4.69496878	-1.46155284	1.83264196	0.66730592	1.79908260	2.98342323
2.00000000	26.59779097	7.03840005	-1.42078922	1.81602454	0.83784539	1.64872596	3.07983565

756	311
709	319
651	306
697	300
756	165
709	164
651	166
697	167

692	292
640	299
589	290
640	283
692	156
640	154
589	156
640	158

1030	354
992	368
879	346
920	335
1030	154
992	151
879	155
920	157

768	290
723	295
673	285
717	281
768	155
723	154
673	156
717	157

881	356
823	368
746	346
801	337
881	168
823	167
746	169
801	170

1053	402
1008	424
879	391
928	375
1053	162
1008	160
879	163
928	164

791	339
743	350
673	333
720	324
791	166
743	165
673	167
720	168

403	217
381	217
397	215
418	215
403	165
381	165
397	166
418	166

-504	958
-1286	963
95	391
302	390
-504	252
-1286	253
95	201
302	201

1347	245
1285	244
1172	234
1224	234
1347	187
1285	187
1172	187
1224	187

650	202
618	202
613	200
642	200
650	170
618	170
613	171
642	171

1010	233
1062	233
1129	242
1068	241
1010	187
1062	188
1129	188
1068	188

1094	232
1140	232
1245	241
1191	241
1094	187
1140	187
1245	187
1191	187

486	224
461	224
465	221
489	221
486	169
461	169
465	170
489	170

501	210
487	210
499	208
512	208
501	169
487	169
499	170
512	169

416	217
393	217
409	215
430	215
416	166
393	166
409	167
430	167

