1.00000000	10.64820917	4.09609393	-1.61435173	1.38019335	1.48693009	3.62623616	-3.09165192
1.00000000	3.27104330	3.68070351	-1.74133037	1.40254879	1.57878164	3.91551068	3.14112449
1.00000000	17.71486809	4.25302104	-1.43199609	1.69196272	1.76114550	4.09953751	-2.62668800
1.00000000	43.68273584	7.62301746	-1.03189419	1.31671977	1.61601634	3.99766125	-3.07594132

341	315
213	316
321	273
410	272
341	199
213	199
321	191
410	191

-1371	1396
-2479	1395
-31	426
198	426
-1371	409
-2479	409
-31	221
198	221

501	244
422	248
380	233
447	231
501	168
422	167
380	168
447	168

494	198
466	198
474	196
500	196
494	175
466	175
474	175
500	175

