1.00000000	20.50088958	6.71194478	-2.11096356	1.36791277	1.59418003	4.04323496	3.09910583
1.00000000	11.85787352	5.99791878	-1.94109498	1.44567966	1.68687340	4.37718944	-2.98259950
1.00000000	43.31270017	6.54821396	-2.49248327	1.51618123	1.66389127	4.08445565	3.09689498
1.00000000	12.09714789	-23.45499004	-1.13623689	1.51927114	1.68959420	3.94972029	-0.17329256

374	265
312	264
371	248
422	248
374	210
312	210
371	203
422	203

251	328
111	332
232	281
326	279
251	218
111	220
232	205
326	204

508	224
479	224
494	219
520	219
508	197
479	197
494	195
520	195

1804	221
1918	222
2392	242
2220	240
1804	142
1918	142
2392	129
2220	131

