1.00000000	17.57113934	6.39520444	-1.35510264	1.42072594	1.68181438	4.09911871	-2.98110914
1.00000000	28.32275190	7.31612758	-1.28946660	1.48276830	1.64375666	3.86502272	3.09403086
1.00000000	6.75404636	3.65458288	-1.51818834	1.73329854	1.67027790	3.87189012	-2.67233634
1.00000000	48.89844091	7.86553935	-1.09557841	1.44977736	1.60696601	3.87935607	3.04767966
2.00000000	37.66083215	-5.50642265	-1.10424946	1.76460934	0.68318342	2.00011118	0.04243521

367	244
284	245
328	230
393	229
367	178
284	178
328	176
393	176

429	216
384	216
417	211
457	211
429	175
384	175
417	175
457	175

333	391
39	429
129	316
297	303
333	147
39	142
129	156
297	157

498	197
474	197
489	195
512	195
498	175
474	175
489	175
512	175

707	198
720	198
727	199
714	199
707	165
720	165
727	164
714	164

