0.00000000	7.69053447	-5.37005224	-1.66548763	1.79537904	0.83940806	0.94145591	-2.44020391	9.379860419781693	-0.6095624375685019
0.00000000	7.18735958	-4.47635776	-1.67766343	1.83252072	0.75906013	1.01807831	-2.42929006	8.467344124796748	-0.5570227671892838
0.00000000	21.98559109	9.62903876	-1.19491182	1.88801527	0.80958981	1.39796106	3.05214310	24.001762498163956	0.4128052252034022
0.00000000	29.71564092	3.46397099	-1.40970574	1.76500666	0.68611393	1.43638583	-2.73488116	29.91685829605007	0.11604687901474624
0.00000000	23.97320396	-3.42134175	-1.57932923	1.85401821	0.70890086	1.10808305	-2.35739803	24.216112146214815	-0.1417579949436763
1.00000000	24.75775668	-19.18716368	-2.09761820	1.56936455	1.70544323	3.87101613	-3.10990191	31.322416348506636	-0.6593076017064251
1.00000000	24.30491949	-13.76209761	-2.04349802	1.52547479	1.61297212	3.43072854	0.05533021	27.930707868626413	-0.5152160182180838
1.00000000	24.06104489	-16.25527457	-2.04441307	1.40447593	1.55703206	3.30318620	0.13190003	29.03735236802219	-0.5941512630866643
1.00000000	37.25221784	-0.77534224	-1.35651730	1.42465472	1.53253800	3.29266410	0.03196600	37.26028568849067	-0.020810312945740768
2.00000000	29.71564092	3.46397099	-1.40970574	1.76500666	0.68611393	1.43638583	-2.73488116	29.91685829605007	0.11604687901474624
