0.00000000	33.32609126	14.19556517	-0.83573137	1.90972614	0.71306684	0.78619679	2.94116187	36.2235065829575	0.40268307178390894
0.00000000	14.64205039	4.56932971	-1.51549266	1.73560500	0.66151933	0.86184332	0.64858538	15.338461905353737	0.3024921459149334
0.00000000	15.42277838	3.44745987	-1.52712391	1.76279283	0.66027759	0.90618228	0.67131066	15.803388007444982	0.21991521951333892
0.00000000	32.95219321	2.27418950	-1.42638169	1.76005578	0.60033837	0.93430845	-2.99345160	33.030576368435966	0.06890555298075796
0.00000000	32.53373096	3.38354864	-1.39426826	1.83613038	0.64785477	1.01808984	-2.65442324	32.709204386180176	0.10362869519207178
0.00000000	18.60252682	-1.15400365	-1.52812491	1.80817246	0.74087319	1.39606721	0.45311230	18.63828663029498	-0.06195538633439927
1.00000000	24.78400532	-19.22400060	-2.09589634	1.52781773	1.64525885	3.87194878	-3.11354852	31.365731599479528	-0.6597232588414583
1.00000000	24.05977751	-16.33105780	-1.94624827	1.43500638	1.58614124	3.35630398	0.09838730	29.078795413456223	-0.5963351683544301
1.00000000	24.31919951	-13.78111965	-1.91837816	1.53560984	1.61690053	3.42111588	0.06014176	27.95250835998087	-0.5155564752107211
1.00000000	37.24351180	-0.79639334	-1.33090172	1.48408926	1.55233772	3.27962668	0.03314524	37.25202563014172	-0.02138015324311571
2.00000000	5.11210906	2.82349837	-1.61719821	1.65885544	0.59877799	1.35196087	0.32757148	5.8400173019201524	0.5046194023225804
2.00000000	28.22731420	3.99779521	-1.44535027	1.81647038	0.72300160	1.89548511	-2.37554598	28.50900968968618	0.1406928836466208
