0.00000000	16.03366450	6.29603988	-1.38492058	1.72166467	0.64750161	1.01422824	0.35709569	17.225519309127105	0.3741769332422081
0.00000000	16.33915901	-1.78940673	-1.56035147	1.82732821	0.67531976	0.96967385	3.11415005	16.43685169366182	-0.10908173507795701
0.00000000	16.49016581	5.30069000	-1.44679008	1.74249244	0.66191295	0.99676800	0.65844834	17.32116863601856	0.3110136462041462
0.00000000	35.58640982	14.37680094	-0.77668283	1.84445834	0.65413839	0.83894730	-3.09917092	38.380789063610685	0.3839472654850382
0.00000000	5.72193485	1.55978203	-1.58949910	1.68251896	0.63419232	1.04399967	1.16863370	5.93072157572377	0.26613075155243066
1.00000000	24.78474316	-19.22628566	-2.07798133	1.51666391	1.64779095	3.83291464	-3.11479831	31.36771515088545	-0.6597664034083611
1.00000000	24.06337638	-16.36754651	-1.96591328	1.43443632	1.57936529	3.34859616	0.07932149	29.102279319025083	-0.597303118827071
1.00000000	24.29065202	-13.76940577	-1.95203845	1.51298904	1.60650172	3.37282858	0.07272428	27.921896619242027	-0.5156955475901732
1.00000000	37.15967881	-0.79303541	-1.37697838	1.48981190	1.53273799	3.14897111	0.04076167	37.16814004525754	-0.021338048985820403
2.00000000	19.67721487	2.15116802	-1.47261284	1.80022514	0.74507978	1.92434317	0.38411409	19.79445146727789	0.1088903634449304
