0.00000000	16.22426259	4.68172023	-1.48846684	1.72916412	0.66581949	0.85333170	0.90363550	16.886242948070617	0.2809312953437133
0.00000000	15.49496274	5.85988697	-1.44531725	1.73848426	0.64227299	0.88553076	0.57787704	16.565993650100317	0.3615558073012171
0.00000000	34.85677117	14.38149151	-0.81480942	1.89522064	0.67993677	0.87686832	3.12356877	37.707052317171986	0.39131092767924197
0.00000000	5.55587756	1.95313253	-1.61873911	1.70819795	0.61909062	1.07747959	1.11721492	5.889185184849918	0.33804919464264366
0.00000000	17.13270263	-1.57063384	-1.53164146	1.77116454	0.67775085	1.30210731	2.87408948	17.204545622229087	-0.09141907946970328
1.00000000	24.79633030	-19.20790170	-2.09353981	1.52621579	1.64431616	3.87910918	-3.11435914	31.365609894653108	-0.6590768599152326
1.00000000	24.08459814	-16.33020639	-1.94752131	1.46150327	1.59380499	3.38056527	0.07181954	29.098857508591095	-0.5958319159729955
1.00000000	37.15607242	-0.76564739	-1.34496186	1.49140358	1.52304549	3.17576088	0.02196714	37.16396014428627	-0.020603336106771526
1.00000000	24.31620799	-13.78555925	-1.94199274	1.50386739	1.60225144	3.43432740	0.07276142	27.95209499926974	-0.5157474237098956
2.00000000	22.40988330	2.61185044	-1.38492415	1.82218766	0.76284220	1.93005424	0.21209589	22.561574241185987	0.11602558058893585
2.00000000	33.79074649	3.40832409	-1.32740877	1.72120452	0.66636887	1.46995202	-0.03995471	33.962202835710194	0.1005256135455118
