0.00000000	9.58354536	-3.57300608	-1.57890342	1.74886179	0.78707392	0.97514611	0.09724230	10.227937920954277	-0.35686436256262327
0.00000000	41.57637044	11.12623215	-0.89839015	1.72424960	0.69273577	1.02648680	0.22542986	43.03937291387735	0.2614824335212043
0.00000000	26.67232815	11.49933715	-1.11128090	1.89572358	0.65766330	1.06231460	-3.10319352	29.045616602693297	0.4070543791273601
0.00000000	38.44440862	13.45836991	-0.73760126	1.89325094	0.64134147	0.72683206	-0.29798615	40.73205463484408	0.3367403252053369
0.00000000	27.03479968	10.51077341	-1.18136738	1.80087328	0.69352702	0.98576005	-3.11323524	29.00615023428809	0.37080261294773187
0.00000000	37.45630666	14.10566631	-0.73743246	1.93600953	0.64516965	0.76833908	-2.71819305	40.02430175102408	0.36016381511142453
0.00000000	32.62808950	9.82921751	-1.11608646	1.67961431	0.72560404	1.01331143	0.08679136	34.07646902598479	0.29260334445843855
1.00000000	24.08632479	-16.33755282	-1.95929239	1.45626163	1.59965863	3.35078020	0.08942577	29.104409872657758	-0.5960075428153333
1.00000000	24.78736827	-19.21764424	-2.08874718	1.54114473	1.66390460	3.88822556	-3.12075973	31.364493872654922	-0.6594974079334377
1.00000000	24.44781755	-13.79354126	-1.99140231	1.60909939	1.68248682	3.59253350	0.05388208	28.070581815299274	-0.5136824796187499
1.00000000	37.29322333	-0.77396694	-1.34843491	1.44809103	1.52210672	3.33283104	0.02494731	37.30125374790329	-0.020750575605126116
1.00000000	42.98441034	11.32494525	-0.91016720	1.54165697	1.60127157	2.55285078	0.09025257	44.45125326909238	0.2576121608840104
2.00000000	29.99131303	1.94765894	-1.41619239	1.81134665	0.66374007	1.90481214	0.11293869	30.054487728291257	0.06484970794811477
