0.00000000	37.94207322	15.18773280	-0.64235352	1.88739800	0.64090063	0.51561194	-1.01954055	40.868914199376974	0.3807540875554398
0.00000000	33.83143325	11.95502281	-0.92883013	1.87805343	0.71960021	0.70696316	0.09401169	35.88158923649879	0.3396741290637062
0.00000000	33.35317812	12.80533138	-0.91772340	1.87273741	0.69540080	0.67230463	-3.12156701	35.7268946657285	0.3665778291694797
0.00000000	15.02579890	2.35856709	-1.52376245	1.78936672	0.70820019	0.99502073	0.71732146	15.209782092497981	0.1556973903839771
0.00000000	39.43890772	16.08713803	-0.61339567	1.89419222	0.64209998	0.44860271	-1.87593484	42.593702024394965	0.38729828017618306
0.00000000	33.54076084	10.45492072	-0.97234343	1.66393793	0.87998431	1.62848799	0.07102884	35.13243522711687	0.30216309340606734
0.00000000	37.92708297	16.23366256	-0.64225553	1.82840061	0.55915117	0.52336133	-1.43038905	41.255247214447884	0.404428338320098
0.00000000	40.75358290	16.85826151	-0.62865971	1.82385671	0.63772943	0.50088697	-1.94455457	44.10278336258064	0.3922293103664453
1.00000000	24.78215820	-19.22368564	-2.08125631	1.52621078	1.66533825	3.86622140	-3.12065744	31.364079049692652	-0.6597514193095831
1.00000000	24.05669313	-16.34584163	-1.95486675	1.44508326	1.58327426	3.33696039	0.07001486	29.0845495571795	-0.5968152983044387
1.00000000	37.16505201	-0.78693189	-1.33100865	1.51457262	1.57784506	3.22674136	0.04312713	37.173382314574276	-0.021170811702174913
1.00000000	24.31854700	-13.77881326	-1.95659028	1.50627017	1.60837660	3.38361608	0.06210808	27.950803620739794	-0.5154961942209916
2.00000000	12.00901835	8.68542069	-1.38090513	1.72386265	0.61152373	1.79231779	0.14765058	14.820696822110518	0.626154599794327
2.00000000	3.66477182	2.01276980	-1.61806081	1.79401636	0.66762284	1.70980613	0.28985834	4.181123624153937	0.5022449663398586
