0.00000000	22.30846003	10.05475145	-1.17852614	1.84809387	0.70105603	1.11352942	3.10724568	24.46968360300935	0.4234481338727622
0.00000000	4.72963641	-2.27074874	-1.71959196	1.82435954	0.69277718	1.06510896	0.15038517	5.246499824741185	-0.44760988916771377
0.00000000	35.29338084	10.80825454	-0.95067714	1.67899442	0.79976242	1.01783158	0.10088114	36.911259763366374	0.29717193632481653
0.00000000	9.31930542	-5.17109695	-1.63678418	1.74887419	0.74387334	1.09650453	-2.13998914	10.657846742074154	-0.5065821921650195
0.00000000	36.69442378	9.66954231	-0.99691484	1.67269838	0.87304962	0.81628898	0.21341835	37.94707874173069	0.25765794840101036
0.00000000	22.66270738	8.86355450	-1.25314901	1.81802154	0.81009645	1.11524055	0.19089548	24.334356456787113	0.372816988881075
0.00000000	34.46422376	16.81488941	-0.64008520	1.89480925	0.57443545	0.41229317	1.59854198	38.34740180572706	0.4539160236902666
1.00000000	24.78138020	-19.21240342	-2.10126738	1.52342868	1.63807587	3.89518204	-3.12444401	31.356550349006504	-0.6594823293336893
1.00000000	24.05875608	-16.33603008	-1.97004376	1.46693540	1.58292039	3.36549313	0.09208971	29.080743162642896	-0.5964963647440644
1.00000000	24.27486369	-13.77551430	-1.98614655	1.54670119	1.56159260	3.38190418	0.05843834	27.911176997711596	-0.5161648926748116
1.00000000	37.27606472	-0.75514693	-1.32709680	1.43819332	1.54295579	3.29097635	0.04038422	37.283712903833994	-0.020255455024074668
