0.00000000	27.42836852	11.69592205	-1.03967355	1.89784932	0.68012162	1.00157598	-3.10404086	29.817947485844883	1.167726097640661
0.00000000	10.36481293	-3.06818611	-1.54373882	1.72570777	0.82161976	0.96548090	-3.05020261	10.809399293184248	1.858597241554111
0.00000000	27.80861102	10.64587894	-1.09643708	1.82605267	0.68149606	0.97583195	-3.08927488	29.77672892153873	1.205181605360391
0.00000000	40.63570123	11.26206047	-0.86304377	1.76292109	0.71384154	1.00850549	-0.04986921	42.16745451748019	1.3004352154907417
0.00000000	38.68790677	13.92618982	-0.63036058	1.90264440	0.67131488	0.77286794	0.05942771	41.11803610517997	1.2252740773962238
0.00000000	37.72354879	14.72919364	-0.62839172	1.95909262	0.67779288	0.75849938	1.06239891	40.4971021012137	1.1985489389512531
0.00000000	30.17222756	9.34553899	-1.10877417	1.79403186	0.72857377	1.07342224	0.33695117	31.58642770156248	1.2704280836968904
1.00000000	24.11251570	-16.36043473	-1.96128968	1.44299901	1.58898234	3.35459270	0.09011108	29.138929938097192	2.1669491943396912
1.00000000	24.77764330	-19.20764948	-2.06242160	1.53425181	1.65597216	3.87329020	-3.10863686	31.350684299526527	2.2302318483400416
1.00000000	24.44292119	-13.79607602	-2.01156930	1.59638703	1.67747830	3.52906428	0.04805428	28.067563304465352	2.084643182552796
1.00000000	37.67118956	-0.81923886	-1.26154516	1.37366152	1.60696303	4.32662525	0.01386807	37.680096538825204	1.5925399923654666
2.00000000	26.80647750	1.72553313	-1.38785038	1.85827589	0.72939372	1.97981878	0.14934286	26.86195637962235	1.5065150056115435
