0.00000000	24.06635284	10.66903064	-1.13724504	1.85255146	0.71641983	1.02339873	-3.11484671	26.325226567242208	0.41728271496014985
0.00000000	24.40223192	9.68692930	-1.20051716	1.83118653	0.79390516	1.03879532	-3.08240104	26.2546285812743	0.3778907074939617
0.00000000	7.00004728	-5.70160966	-1.66925524	1.77022052	0.74639297	1.06660559	-1.34670174	9.02823430340843	-0.6835261926111909
0.00000000	41.52567261	11.93450376	-0.96820317	1.84983230	0.60017701	0.77550458	0.22410935	43.20664145372049	0.27985802080598093
0.00000000	37.27681260	11.60004766	-0.82905040	1.76470375	0.78179021	0.70597898	0.49274316	39.04000337256377	0.30168794742739513
0.00000000	36.13521425	12.22984665	-0.83045266	1.78532815	0.77427837	0.84519175	0.16522701	38.148694053347604	0.3263455686944939
1.00000000	24.76683416	-19.24862987	-2.11684261	1.54833937	1.70047785	3.97005144	-3.11271930	31.367273170953176	-0.6606792006516711
1.00000000	24.29739300	-13.78359293	-2.00109039	1.52504563	1.64190201	3.43769569	0.05568631	27.93475864682555	-0.5160183666216269
1.00000000	24.05635683	-16.41413915	-1.98394279	1.45930457	1.62623697	3.41819148	0.08143516	29.12271051890346	-0.5987615437792823
1.00000000	37.29707316	-0.81876705	-1.30865405	1.42700028	1.51905496	3.29892510	0.02889972	37.306059102839555	-0.021949056401820016
2.00000000	39.18871127	6.54748114	-1.25200842	1.74802089	0.66085685	1.79786964	-0.63406247	39.73190909435489	0.16554662372753318
