0.00000000	34.95269073	10.75172926	-0.94003103	1.72901225	0.67125763	0.95209134	0.10900015	36.56897963229721	0.2984219650328609
0.00000000	32.17589479	12.77321263	-0.89723776	1.85929108	0.69741732	0.83763443	3.02892542	34.61853790136638	0.37790091653552427
0.00000000	32.62593370	11.64903892	-0.96080456	1.80097103	0.70595467	0.95219816	0.28909346	34.643205070496435	0.3429402065804669
0.00000000	39.41544985	15.88941875	-0.66922830	1.89394391	0.64192399	0.84145704	-1.98879838	42.49766246619591	0.3831988663955526
0.00000000	14.10347412	1.21159804	-1.52525805	1.73120451	0.74249498	1.30036716	0.55671787	14.155421295886661	0.08569736569792909
1.00000000	24.09225012	-16.33085765	-1.95076607	1.43975377	1.57823155	3.37321194	0.08824650	29.105556641803012	-0.5957028946985444
1.00000000	24.78429644	-19.23026286	-2.08423994	1.52890658	1.65362970	3.86198132	-3.12610769	31.3698001219404	-0.6598753086531692
1.00000000	24.30895253	-13.78725077	-1.95007871	1.50468671	1.60813143	3.40376026	0.06284657	27.946617986809404	-0.5159281174836957
1.00000000	37.99851066	-0.77864998	-1.24008868	1.39889264	1.63321683	4.32943576	0.03424650	38.006487711566926	-0.02048872462362017
2.00000000	15.55281313	8.81430726	-1.29751502	1.86136937	0.63886129	1.91576716	0.00490509	17.87685679112492	0.5155999373477296
2.00000000	8.25149135	2.06423308	-1.58191345	1.74139953	0.66274718	1.73325335	0.37465921	8.505772610862055	0.24513380824129652
