0.00000000	31.84594857	13.64906713	-0.86658834	1.90685749	0.74968683	0.93547780	3.14071488	34.64767631230602	0.4049131006622177
0.00000000	13.75436783	3.32308819	-1.51318191	1.70912194	0.61301887	1.00662849	0.60515821	14.150107756531622	0.23705955134895298
0.00000000	31.39092797	2.65366153	-1.37746952	1.84016848	0.71570442	0.95800404	-1.76343048	31.502893174017053	0.08433542297273883
0.00000000	14.56069946	2.32914623	-1.51257954	1.77440488	0.65406373	0.96736135	0.59311241	14.74580926653968	0.15861738166309572
0.00000000	30.94884471	1.57591669	-1.42706738	1.84730232	0.68315291	0.96154825	-0.43415579	30.988941613057964	0.050876107994181845
0.00000000	4.45281110	3.53832998	-1.63749264	1.70514417	0.66342879	0.95939001	1.76150453	5.687469185819824	0.6714569584466837
0.00000000	32.26652898	0.93901032	-1.42774067	1.79736805	0.63953035	0.99932732	0.10053670	32.280189478970634	0.029093472374632737
0.00000000	20.08685062	-0.81361219	-1.48573289	1.86276817	0.73354378	1.30353617	0.24611416	20.103321432686464	-0.04048258718030975
1.00000000	24.08216125	-16.34373916	-1.94181214	1.44689107	1.58402120	3.35648185	0.08308442	29.104437809398053	-0.5962637541029161
1.00000000	24.76806641	-19.23372118	-2.08589933	1.51301813	1.65031725	3.82249575	-3.12611222	31.35909986144613	-0.6602797085493944
1.00000000	24.32215088	-13.78141955	-1.94918142	1.51898932	1.60496721	3.41188343	0.08728451	27.955223988417746	-0.5155137582165247
1.00000000	37.25719452	-0.76105218	-1.31568203	1.50971246	1.52881271	3.32592851	0.05910018	37.264966710327286	-0.020424145286381937
2.00000000	34.63482104	3.90519594	-1.26484988	1.71675277	0.63461065	1.77715201	0.11345810	34.85428788259228	0.11227924850332074
