0.00000000	38.11105929	15.01022389	-0.71390508	1.83214474	0.60029453	0.75275804	-3.04860735	40.960464614477	0.37519759697766
0.00000000	12.86291449	-0.21216744	-1.56179212	1.83199310	0.87003488	0.99702493	0.24877335	12.864664169718854	-0.016493011900727005
0.00000000	30.97897078	11.22330113	-0.96876965	1.72832060	0.66900418	0.95382223	3.01073217	32.949341705757234	0.3475793626865112
0.00000000	30.62742133	12.65031915	-0.91006158	1.84553838	0.70361691	0.88366223	-3.10648966	33.13713192058413	0.3916961046671704
0.00000000	39.19221978	15.27026829	-0.75887404	1.77787256	0.60374270	0.64901431	-0.73421019	42.06199216552163	0.37153053238606
0.00000000	37.01635411	11.04368662	-0.93699310	1.65656924	0.73175728	1.04263778	0.10494392	38.628661454387476	0.2899388082258359
0.00000000	20.35182903	8.91096968	-1.26252494	1.83617973	0.72124216	1.88260439	0.18428686	22.217162859020277	0.41270093105284533
1.00000000	24.07216524	-16.32525168	-1.95040713	1.43377328	1.58552355	3.33977969	0.07726247	29.085786593406876	-0.5959308092470733
1.00000000	24.77684774	-19.21317828	-2.11337922	1.53225935	1.65920195	3.87879955	-3.12056327	31.353443248712043	-0.6595904339801812
1.00000000	37.09023877	-0.83634477	-1.33783684	1.56400979	1.59225903	3.19571621	0.02890597	37.099666906724615	-0.0225450979400609
1.00000000	24.27729305	-13.79089857	-1.92362068	1.50731182	1.57806607	3.36202822	0.05575827	27.9208853943353	-0.5166011602248795
2.00000000	14.54369520	1.85659810	-1.50611375	1.79084086	0.75088073	1.95885818	0.26611397	14.661719768684254	0.12696982355681347
2.00000000	20.35182903	8.91096968	-1.26252494	1.83617973	0.72124216	1.88260439	0.18428686	22.217162859020277	0.41270093105284533
