0.00000000	29.99544395	12.59960124	-0.88956807	1.84594774	0.71513135	0.91759570	-3.13074827	32.53423749167331	0.3976709186378086
0.00000000	30.42439411	11.14899987	-1.00065015	1.79688692	0.69622335	1.00288995	0.18989792	32.40283868832888	0.35125323064925934
0.00000000	12.44035144	-0.71740903	-1.55034123	1.79338145	0.84552161	1.08081745	0.43876490	12.461020009093783	-0.057604107705824484
0.00000000	39.22983722	15.23379527	-0.68403814	1.83577609	0.64505758	0.67950252	-0.48300356	42.08382880199913	0.37039847552564903
0.00000000	37.56674967	10.95956250	-0.90676187	1.77393627	0.71535173	1.07569240	-0.09607035	39.132757262424676	0.2838577411263392
0.00000000	38.12791172	14.87626527	-0.63769553	1.83223152	0.62465860	0.78363042	-0.09791905	40.927263779924516	0.3720012991896337
1.00000000	24.10385985	-16.37074194	-1.95164893	1.44099426	1.59422489	3.37845809	0.08087591	29.137557401651172	-0.5966123836008144
1.00000000	24.77133149	-19.19945478	-2.07810102	1.54026103	1.66898276	3.90648528	-3.11543536	31.340675290056062	-0.6593522584186223
1.00000000	24.39812108	-13.78938775	-1.98366127	1.62072921	1.66129705	3.47046538	0.07657619	28.02526586411252	-0.5144247662056577
1.00000000	37.16055469	-0.84680507	-1.34515951	1.53819370	1.57293301	3.13469360	0.02551928	37.170201824782424	-0.022783797122772245
2.00000000	16.53063925	1.78590072	-1.46437977	1.78333044	0.77745805	1.92053694	0.21114482	16.626829986360512	0.10761839057145366
2.00000000	22.06268311	8.84802969	-1.25394867	1.77771139	0.77508664	1.81157071	0.11417403	23.77077229303669	0.38140304666983715
