0.00000000	19.99751769	0.44755183	-1.52778492	1.73233616	0.77362413	0.96160613	0.14719835	20.00252525063771	0.022376633739911573
0.00000000	23.28351422	11.62208507	-1.20306347	1.86409640	0.60259939	0.89892965	2.97394490	26.02296862018742	0.4629714675091914
0.00000000	44.97171201	-23.25050360	-1.91568623	2.21220160	0.89529612	1.28941952	1.82536888	50.62648317594252	-0.47715718662981876
0.00000000	23.16359721	11.10266635	-1.23539505	1.82365060	0.63373462	1.22849204	2.94349790	25.686989620945113	0.4469633339612102
1.00000000	32.35954736	-16.54582965	-1.97579608	1.43710756	1.58910532	3.39774270	0.14831425	36.34425379824027	-0.4726563189733729
1.00000000	32.94437057	-19.51322054	-2.18859092	1.54103625	1.69245005	3.98064883	-3.11212683	38.28965040446517	-0.5347445615707072
1.00000000	32.85126184	-13.93544925	-2.00355933	1.61112046	1.68851896	3.64948982	0.10698137	35.68476075693328	-0.4011913998793196
1.00000000	45.49454137	-1.06470459	-1.44432412	1.45614791	1.52917975	3.47437514	0.00962828	45.50699825664849	-0.02339863736618557
2.00000000	39.02547485	5.34810267	-1.37189839	1.71630120	0.73109042	1.84213080	-3.09366083	39.39022581094	0.13619296774845363
2.00000000	34.98816992	4.13362603	-1.50236271	1.78959203	0.66292811	1.87188010	-2.95733786	35.231504346347265	0.1175984133220279
