0.00000000	15.57024906	10.40852948	-1.26026509	1.74939036	0.55724300	1.03835965	2.96582294	18.728858527055515	0.9815336456610938
0.00000000	25.15886206	6.94908845	-1.32511757	1.77311683	0.68301990	1.11636574	2.78499770	26.100922789051555	1.301307045094966
0.00000000	15.44564523	10.94315679	-1.25212095	1.75123847	0.56967120	1.01822474	3.09402847	18.929359130766812	0.9543919869937815
0.00000000	16.84712987	-3.10160235	-1.62960599	1.78689766	0.65454503	0.96103494	1.45871162	17.130257499353938	1.752860362353925
0.00000000	45.01412542	-23.28861685	-1.99520240	2.16700959	0.90081355	0.93571661	1.91714203	50.681664950094074	2.048237196952461
1.00000000	32.39627888	-16.53302343	-1.97952662	1.47865832	1.61348989	3.42276975	0.13275830	36.37113895670113	2.042679386785632
1.00000000	32.95614092	-19.49379319	-2.20007430	1.55765319	1.69641485	3.97532394	-3.10659766	38.289883745885014	2.104947684908164
1.00000000	45.53333082	-1.08857406	-1.45306132	1.47994494	1.53228358	3.34037856	0.01541800	45.54634133547575	1.5946989651174222
1.00000000	32.81534596	-13.87345665	-2.00091300	1.64287961	1.66094664	3.54544113	0.08572923	35.62751366421628	1.9707795461200284
2.00000000	13.77195434	1.24645484	-1.46468471	1.68210840	0.55819711	1.83253680	0.12583652	13.828245586884993	1.4805354962512234
2.00000000	8.85713853	1.76444305	-1.59358321	1.83033669	0.67110767	1.81384322	-0.04628717	9.031177233135438	1.3741591419807018
