0.00000000	26.14379431	7.43696564	-1.30006943	1.73643303	0.73565362	1.10070800	0.15134381	27.180994074060813	1.2936530679802323
0.00000000	15.41812169	8.84386866	-1.33114408	1.81440580	0.53546660	0.98108367	0.78433573	17.774489847052674	1.050013158522717
0.00000000	29.02473400	8.76688957	-1.23207567	1.78113985	0.73190010	1.10148356	0.31386489	30.31985383380551	1.2774608504615441
0.00000000	32.52641778	10.87957934	-1.18040560	1.86647534	0.68487290	0.98571573	-2.65593553	34.29771275485371	1.2480101702525264
0.00000000	45.00775086	-23.28995545	-1.88804136	2.20158792	0.90143924	0.89466603	1.87225139	50.67661849747687	2.048318458669103
1.00000000	32.39831423	-16.59459754	-2.01271675	1.48440099	1.63741865	3.50074015	0.13081017	36.40098120189062	2.0441606583277454
1.00000000	32.95673320	-19.57075596	-2.22167919	1.61514521	1.71695352	4.04198609	-3.12381530	38.32963281929346	2.10666803608329
1.00000000	32.85965919	-13.87658119	-2.00737880	1.62429273	1.68774944	3.58783164	0.06956252	35.66954874407039	1.9703764631481386
1.00000000	45.32945031	-0.91866443	-1.52417086	1.46211302	1.54044801	2.97139758	0.18994808	45.338758361270834	1.591059945289692
2.00000000	10.66887504	1.60032323	-1.61140702	1.85175669	0.70141946	1.89309983	0.20540452	10.788231044041122	1.4219071149133546
2.00000000	22.18100648	0.73468811	-1.54096411	1.84044397	0.75483306	1.67716836	0.37419882	22.193170460409153	1.537686034274944
2.00000000	21.77818700	1.90136558	-1.51891408	1.85718298	0.74829624	1.54944439	0.50776124	21.861029712156235	1.4837111801636484
