0.00000000	22.17944547	4.17366781	-1.47395859	1.75221479	0.82276981	1.00615872	-2.43983984	22.568724030058362	0.1860021515843091
0.00000000	23.74437232	7.51674552	-1.29895876	1.84866881	0.75195792	1.10231450	-2.55199242	24.905755962893842	0.30658806128346006
0.00000000	24.93966504	6.78889124	-1.31924603	1.80109382	0.72044079	1.05791649	-2.47005534	25.847164962060095	0.2657729516378676
0.00000000	6.94914366	-0.58959911	-1.71501372	1.83297110	0.76434887	1.02004197	-1.41473126	6.974111034234469	-0.08464214378916872
0.00000000	23.40727605	5.65771806	-1.36408768	1.75360823	0.76627394	1.05950315	-2.45284534	24.08132774012583	0.23715901528871502
0.00000000	24.16385600	5.16327306	-1.38533829	1.79908609	0.78771122	1.07600956	-2.44691467	24.709336807791054	0.21051177710017735
0.00000000	8.05126993	-1.20299992	-1.70461486	1.84616840	0.71476267	0.96067222	-1.86050177	8.14064839513673	-0.14832013121157997
0.00000000	18.79684925	0.15025892	-1.57045959	1.83103395	0.83506452	0.96656296	-2.30638504	18.797449812947107	0.007993665190315084
0.00000000	45.03859972	-23.32294552	-1.98552255	2.10986519	0.87797893	0.82427146	1.94616354	50.71918032132688	-0.4778202866728381
0.00000000	16.43874143	-6.51463458	-1.67837141	1.85515404	0.72306606	0.74651163	-2.51518512	17.68255308244062	-0.3773106260884328
1.00000000	32.36478002	-16.52076370	-1.99958197	1.47758985	1.60910597	3.47027841	0.15841153	36.33750980700561	-0.4719765817324699
1.00000000	45.35946093	-1.17055993	-1.45436380	1.43917227	1.47097001	3.08373225	0.06703184	45.37456232747505	-0.025800575206578896
1.00000000	32.82771612	-13.92985143	-2.00854013	1.65316391	1.64893693	3.50054032	0.02957750	35.660898846175776	-0.4013047350432944
1.00000000	32.93495931	-19.53384123	-2.19776664	1.58803225	1.68588240	3.99964232	-3.12379456	38.292068342545875	-0.5353331481436955
