0.00000000	23.89181288	5.71325202	-1.32694290	1.65975976	0.66028277	1.10908119	0.25913015	24.565422270682994	1.336074014481191
0.00000000	16.92085015	10.99871585	-1.27114699	1.78796101	0.63068216	0.90000073	2.84200501	20.181350800870497	0.9944143238025832
0.00000000	15.25933617	-4.75889131	-1.71676956	1.76291609	0.72298371	0.91985856	-2.33114839	15.984191779676062	1.8731048808361266
0.00000000	17.07678469	11.55363635	-1.25142262	1.79668808	0.64205100	0.84259628	2.72523403	20.618028233966985	0.9759690260472886
0.00000000	35.97122995	11.21678603	-1.12318156	1.85717082	0.63030273	1.16211615	-3.03311944	37.67951264226463	1.268525072628798
0.00000000	45.04228391	-23.29468398	-2.02215193	2.13748431	0.88630350	0.81027456	1.85428083	50.70946303755458	2.048088302097503
0.00000000	17.12298770	10.46944166	-1.30282186	1.75601959	0.64988026	0.95374506	2.98209524	20.07002532251753	1.0220176132758427
1.00000000	32.41829119	-16.51638182	-1.99589930	1.46889186	1.62516456	3.42758455	0.16218148	36.38318941631778	2.041996958247429
1.00000000	32.87670738	-19.54390814	-2.18063645	1.52211845	1.68616772	3.92674647	-3.11860776	38.24712059142367	2.107132804341022
1.00000000	45.61373560	-1.04780448	-1.40379165	1.50681448	1.51883489	3.62566678	-0.03063099	45.62576870163412	1.5937635366347835
1.00000000	32.82479989	-13.93233349	-1.99264769	1.62677598	1.66451053	3.65756217	0.06176810	35.659184010505896	1.9721970820567651
2.00000000	14.30412468	1.34326533	-1.52580331	1.75250316	0.63206655	1.73460088	0.15130025	14.367057618307413	1.4771633687467525
2.00000000	19.27638179	0.93481666	-1.49676059	1.71663737	0.71744574	1.83801980	0.08888936	19.299035652116327	1.5223388483049878
