0.00000000	28.46561231	9.05930118	-1.17382572	1.83814144	0.71747640	1.04781554	-3.12947822	29.872429128766427	0.30811852339443635
0.00000000	25.91287211	7.16797427	-1.28781639	1.72573960	0.63117746	1.15314204	2.77494621	26.885996282909023	0.26987009522422845
0.00000000	18.89695996	7.74288679	-1.37981103	1.76232338	0.68945289	0.81653454	2.70674157	20.421738211342337	0.3888767302320603
0.00000000	29.05882032	7.65209700	-1.18461667	1.84947014	0.72322355	0.90826334	0.30524230	30.04945302143541	0.2574858846109358
0.00000000	22.93894667	4.48478649	-1.45435033	1.80683589	0.65668484	1.01139836	1.07852399	23.37324505048434	0.19307425519156746
0.00000000	29.32469719	8.46420840	-1.15322695	1.83030438	0.67191014	0.97187169	3.13668776	30.521806780133844	0.2810001966212844
0.00000000	5.74293388	4.30203237	-1.64364717	1.77724981	0.68273803	0.90204587	0.91252035	7.175567717092472	0.6429249268949638
0.00000000	7.15406443	3.85398614	-1.63456438	1.71419513	0.64882232	0.89465074	0.44558328	8.12612127868538	0.49413614026032704
0.00000000	45.04445227	-23.24210358	-1.93800400	2.19919038	0.89838842	0.95991437	1.87334538	50.687257364427964	-0.4763509058904471
1.00000000	32.32361643	-16.52991521	-1.99354426	1.45245624	1.62743942	3.50332982	0.15428458	36.305017228525806	-0.47271658744793926
1.00000000	32.68697136	-14.05419801	-1.99467133	1.59088874	1.70746336	3.66191927	0.09846566	35.58031166802433	-0.40606708320181745
1.00000000	32.92938785	-19.47414750	-2.20030157	1.51727045	1.66257510	3.94945803	-3.12596512	38.25685566048893	-0.5340653921326449
1.00000000	45.37216990	-1.06477737	-1.46568654	1.53141689	1.53372476	3.25739133	0.13904260	45.384662081832566	-0.023463324957232468
2.00000000	25.42691733	0.81209885	-1.51842020	1.93289292	0.70921465	2.00605973	0.26025710	25.43988265399087	0.031927695974214146
