0.00000000	28.25009697	11.24490939	-1.15602754	1.83850861	0.63863863	0.86414351	-3.07356143	30.405854140341354	0.3788229386216711
0.00000000	15.91630358	-3.12452567	-1.66084121	1.79711771	0.63766853	0.96545384	0.25876653	16.220091871293754	-0.19384474320971526
0.00000000	28.52052889	10.75058987	-1.17658995	1.80939698	0.59045730	0.90157272	3.13516283	30.47943160097103	0.3604723009731952
0.00000000	25.70848716	5.97945264	-1.37947367	1.74566674	0.70777473	1.16327656	1.55048716	26.394699580216628	0.22852375078135417
0.00000000	28.37528179	11.88050571	-1.12004731	1.85938406	0.59134192	0.87382974	-3.09673595	30.762038823641845	0.39651567257332776
0.00000000	43.71790635	-17.54754844	-1.80579929	1.76646900	0.77117823	0.83651394	1.46407032	47.10808626851145	-0.38169655311580497
0.00000000	45.02077103	-23.28556509	-1.87540768	2.15016079	0.81347980	0.76420723	2.04061389	50.686165427030616	-0.47732714677135046
1.00000000	32.39544065	-16.49465875	-2.00460414	1.43971801	1.60927459	3.45061045	0.16536248	36.3529688221832	-0.4709535367614544
1.00000000	32.81679906	-13.87105616	-2.02390401	1.61846745	1.65536121	3.57154733	0.11766938	35.62791741792229	-0.3999052789084667
1.00000000	32.93790315	-19.51605521	-2.20552592	1.54488039	1.69490497	3.99992340	-3.11162758	38.28553088150337	-0.5348943539725073
1.00000000	45.47909686	-0.89423029	-1.41928123	1.53108382	1.55486496	3.23141186	0.12349331	45.48788738788399	-0.01965991276139544
2.00000000	13.22627820	4.24992913	-1.52942477	1.71302176	0.67735714	1.79305892	3.11202645	13.892311997425692	0.31090408197957664
2.00000000	25.50051087	3.25128907	-1.47254787	1.87782931	0.60282608	1.88971178	1.03032959	25.706943327585442	0.12681476505590222
