0.00000000	20.25467722	1.70921526	-1.54922591	1.80518508	0.76428871	1.10259135	3.08559012	20.326666379202564	0.08418674676718108
0.00000000	7.11940088	-3.66007654	-1.74005000	1.82951868	0.69951525	1.00032734	-1.08774900	8.005125181332465	-0.47486304827512704
0.00000000	7.59159327	-4.22898970	-1.71737609	1.83525515	0.70775363	0.95177944	-0.53637123	8.690031200163517	-0.5082490769179118
0.00000000	26.41380963	5.77031186	-1.45247970	1.84575522	0.78789686	0.90748378	2.99490404	27.036749770109893	0.21507915589948448
0.00000000	16.40337141	-2.84230082	-1.64284895	1.84591389	0.75287811	0.97952022	-2.56507349	16.647800682545967	-0.1715718288967075
0.00000000	19.45775183	-2.88791155	-1.55800889	1.83464873	0.69752132	1.04793906	-2.63139987	19.670895744690725	-0.14734395721271373
0.00000000	25.77514899	5.19769568	-1.50456403	1.81652904	0.79834602	0.83465866	2.94315767	26.293998285513535	0.19898669698313867
0.00000000	20.93088125	3.19565974	-1.51233671	1.79290700	0.79473696	1.10034503	3.03379536	21.173427475858944	0.15150680058384935
0.00000000	44.99629171	-23.28857466	-1.95714412	2.07194948	0.79649467	0.79674713	1.99403846	50.66580678668612	-0.4776018713556806
1.00000000	32.83939613	-13.87191195	-2.03498904	1.66843271	1.66502956	3.64019871	0.09850262	35.6490656165293	-0.39968060329293664
1.00000000	45.50235146	-0.95211079	-1.42697309	1.50486732	1.56589323	3.22381038	0.04967747	45.512311557926814	-0.020921377492719304
1.00000000	32.34641426	-16.51438161	-1.99103926	1.44744945	1.60874191	3.55926909	0.28737497	36.318250445750245	-0.47204997747194316
2.00000000	48.63656697	13.54934040	-0.85124491	1.69853449	0.67094823	1.34453162	3.06763601	50.48861527020093	0.27169461173466397
