0.00000000	18.13699446	11.70234680	-1.20651613	1.70339227	0.66893211	0.89481512	3.00585270	21.584612312236256	0.9977889157191767
0.00000000	14.08139530	-5.75263877	-1.72754274	1.80359554	0.69468186	1.01346711	-2.44633484	15.211132318567516	1.9586324069519059
0.00000000	18.05181252	10.97354889	-1.25843952	1.67640853	0.67603157	0.94125710	3.01023364	21.125499059157132	1.0245942268191992
0.00000000	23.18833502	4.71057892	-1.41519723	1.63169694	0.61497833	1.10619743	0.41445059	23.66196176907796	1.3703792032493958
0.00000000	18.23982314	10.49252811	-1.25563500	1.69965959	0.65305292	0.99366119	2.97068691	21.042440312796888	1.0487713083271908
1.00000000	32.37783281	-16.53709161	-2.01843462	1.47129095	1.62117105	3.43121353	0.14633392	36.356560018652	2.043009685104196
1.00000000	32.87951068	-19.49166624	-2.21189491	1.56470466	1.69111365	3.97373657	-3.12329054	38.22286325444223	2.105920469707695
1.00000000	32.84290715	-13.97553745	-2.06493173	1.59175253	1.66551910	3.54560990	0.05497669	35.69274712150739	1.973113100848858
1.00000000	45.56673953	-0.93985106	-1.38357184	1.39382076	1.55189069	3.44161768	0.02046193	45.576431095576666	1.5914192158856955
2.00000000	23.27764411	0.86128586	-1.49075685	1.76050663	0.69628428	1.89552793	3.10663104	23.2935726895737	1.5338126383625215
2.00000000	18.32252051	1.03700788	-1.50783418	1.77488565	0.75091422	1.78046713	0.54540056	18.35184304593282	1.514259196420519
