0.00000000	11.57613930	9.17146080	-1.34910319	1.78714049	0.58487599	1.06398573	1.34346449	14.768977429021316	0.9007848572443122
0.00000000	6.18105813	2.71633550	-1.62500260	1.75869060	0.65436010	1.16314323	0.62305027	6.751589305859721	1.1567409118125458
0.00000000	11.56772689	8.52398621	-1.37848828	1.74638414	0.58959319	1.04754104	1.27744889	14.369086481398156	0.9357472940714038
0.00000000	14.73346509	3.36345873	-1.58073590	1.78023124	0.66861542	1.19212152	0.69871831	15.112506350260432	1.346355469580073
0.00000000	45.01665517	-23.27872295	-1.96981607	2.20226073	0.98309031	1.08432095	1.88260424	50.679366460893576	2.0480408657253393
1.00000000	32.39239893	-16.54616532	-2.01460896	1.45863485	1.61549433	3.48356931	0.12215355	36.373659359996154	2.043049691879143
1.00000000	45.50358120	-1.11618042	-1.41687308	1.41722822	1.49655107	3.44555692	0.06514355	45.51726881915242	1.59532091593689
1.00000000	32.92623068	-19.53371261	-2.23588837	1.53217399	1.72508030	4.04947620	-3.12762952	38.28449549259656	2.10624289132813
1.00000000	32.81628960	-14.10366109	-1.97227929	1.59761989	1.66750440	3.54204993	0.08907209	35.71865225974586	1.9767055148770802
2.00000000	14.28280881	2.52403460	-1.60224066	1.81444538	0.65612366	1.74943303	0.95331663	14.50411590428768	1.3958838457991714
2.00000000	5.99764084	1.94954370	-1.63427899	1.76372886	0.66534045	1.78847533	2.83152914	6.306537582845724	1.2565176149152513
2.00000000	13.70046892	0.70448926	-1.63022898	1.85508418	0.63931475	1.54982915	0.09204418	13.718569668348858	1.5194207619191504
