0.00000000	19.24842533	10.97413615	-1.26262579	1.71480322	0.64169023	0.93035314	2.99595237	22.15702014990559	1.0526284514360804
0.00000000	19.39926398	11.70406091	-1.21770928	1.78083634	0.63800729	0.86937806	3.00138950	22.656488800136607	1.0279355607247769
0.00000000	22.59690134	3.65735857	-1.45227204	1.63723874	0.65795991	1.12453009	0.64958584	22.890963760384714	1.4103356048546885
0.00000000	19.39013757	10.47415984	-1.27789305	1.71723938	0.63167105	0.99942778	2.99015856	22.038272603300705	1.075523898326599
0.00000000	39.00196678	17.03479666	-0.68208597	1.81354880	0.63346605	0.59422745	0.81178969	42.5598133214394	1.1590007596580707
0.00000000	45.02285405	-23.27970925	-1.96976344	2.24897456	0.92143087	1.05238565	1.79043353	50.68532578145411	2.0480019736494275
1.00000000	32.42717291	-16.42592330	-1.99494193	1.43245053	1.58356648	3.40209384	0.13924785	36.35013754021463	2.039668694895642
1.00000000	32.93562437	-19.49002366	-2.18918280	1.52321613	1.69361547	3.98961337	-3.12235260	38.27030669996123	2.105135840153148
1.00000000	32.71187481	-13.97868207	-2.01186899	1.57849026	1.68573041	3.58165471	0.10916026	35.573449453198265	1.9746366930746682
1.00000000	45.57662261	-1.04688594	-1.37934278	1.43133092	1.54772683	3.52020860	0.00411140	45.588644405221494	1.593762089106427
2.00000000	22.83235851	1.03111518	-1.49991200	1.83117342	0.71307491	1.90419774	0.36873692	22.855629364416895	1.525666732882098
2.00000000	27.73402114	0.83240459	-1.51023791	1.78233814	0.65201184	1.94283708	0.22702920	27.74651015885457	1.5407914901756008
