0.00000000	19.16219310	11.70449006	-1.19077800	1.76853848	0.63699060	0.92693457	2.97032452	22.45405825160179	1.0224650155588793
0.00000000	19.05098589	10.94182918	-1.22422312	1.76264584	0.65002994	0.94926365	2.97711492	21.969608307506952	1.049454803700537
0.00000000	19.14806366	10.48449466	-1.23945175	1.77927899	0.65559651	1.02060186	2.99146080	21.830551303230546	1.0698371685333665
0.00000000	22.72671398	3.90011637	-1.42074619	1.67072678	0.62150206	1.02149068	0.62443173	23.05893397423804	1.4008424509680735
0.00000000	45.00171260	-23.24649754	-1.94889073	2.16424847	0.88587027	0.98282216	1.91394949	50.65129598352075	2.047611240971469
1.00000000	32.33233000	-16.52191877	-1.98940633	1.44604456	1.55954314	3.33008201	0.22178747	36.30913608269106	2.0432075681077944
1.00000000	32.93763713	-19.51270103	-2.16409348	1.52214158	1.70728470	3.89914073	-3.11443281	38.28359232352311	2.105618846527725
1.00000000	32.78765427	-13.91847134	-2.01704572	1.60468578	1.65871272	3.60192813	0.08157878	35.61957491284042	1.9722462905193934
1.00000000	45.56847623	-0.92991528	-1.38058756	1.44994032	1.55406751	3.49606244	0.07283662	45.57796362664805	1.591200481222437
2.00000000	26.81839341	0.80133739	-1.51345060	1.78023720	0.58876111	1.93411128	0.14413786	26.830362776267926	1.5409250730880342
2.00000000	21.92493238	0.90569948	-1.51685737	1.84868646	0.71027412	1.83543626	0.31385729	21.943631226751073	1.529510688308916
