0.00000000	21.86824397	11.62500883	-1.17825959	1.86189198	0.61380710	0.91772189	3.08994484	24.766124537945363	0.48860153816076335
0.00000000	21.90825563	10.54616727	-1.23551617	1.85257649	0.62044196	0.91392006	3.08767939	24.314467068727744	0.4486398894759715
0.00000000	20.97495606	1.55928511	-1.52770041	1.73802590	0.73575605	0.98954384	0.53514040	21.032835086435647	0.07420383327336148
0.00000000	31.28806917	9.34730580	-1.26236437	1.77985716	0.64219593	0.99380957	0.53364283	32.65448511468858	0.2903094685806442
1.00000000	32.40233722	-16.56557447	-2.02041940	1.44971383	1.61424954	3.43887335	0.11747895	36.391341206937035	-0.4726041040530348
1.00000000	32.92826100	-19.52243479	-2.22222809	1.54433322	1.68864664	3.97611386	-3.10388398	38.28048892861641	-0.5351661264599004
1.00000000	45.46644311	-1.01308321	-1.49001823	1.44139540	1.54230689	3.28895481	0.06624307	45.477728468616924	-0.022278311862738178
1.00000000	32.83551869	-13.98934440	-2.04327260	1.59969294	1.66792885	3.64693717	0.07649945	35.69135811906225	-0.4027537849723519
2.00000000	41.20663593	4.16796082	-1.35407005	1.74380445	0.64438217	1.81752349	-3.08329582	41.41688957496231	0.10080496452399866
2.00000000	31.85585674	1.08508060	-1.48193739	1.87087417	0.69086567	2.02585647	0.33072254	31.87433149962364	0.034049036940812655
