0.00000000	15.19720805	10.44061560	-1.27256761	1.78845692	0.61493681	1.06492850	2.79388881	18.438047256202275	0.9688426070421104
0.00000000	15.15921919	11.46415409	-1.22876583	1.75872290	0.61171796	0.99956354	-3.12924480	19.006018926901234	0.9233074308079374
0.00000000	25.56130259	7.26110810	-1.29814849	1.84287381	0.71111141	1.15537761	3.01826239	26.572615244597706	1.294020814690647
0.00000000	17.25414803	-2.75876397	-1.61667095	1.79957700	0.69481589	0.93809751	1.72460759	17.473305436674625	1.7293442334730358
0.00000000	44.91587689	-23.42432204	-2.02080367	2.18447828	0.90131469	0.97877117	1.74610841	50.657031691871424	2.0515077408252136
1.00000000	32.43860947	-16.60167920	-1.98316489	1.49893522	1.63713521	3.46857654	0.11161259	36.440075968730994	2.043829512822248
1.00000000	32.88138289	-19.52282002	-2.17607806	1.56589615	1.69395224	3.96400314	-3.10550880	38.24036927504881	2.1065962979127333
1.00000000	32.81239710	-13.98844970	-2.01774643	1.61227322	1.67163783	3.60688002	0.08596747	35.669736871156175	1.9737811051198277
1.00000000	45.38031126	-1.03193082	-1.46025346	1.53777504	1.53313514	3.15196671	0.05590783	45.39204259858492	1.5935320238283686
2.00000000	12.36786089	1.28087496	-1.52124916	1.76800346	0.54267966	1.87754615	0.09149860	12.434010763126539	1.467599435654562
2.00000000	7.37046568	1.89597732	-1.62198506	1.78331137	0.62597092	1.74059272	-3.08401108	7.61042011573686	1.3190154010632542
2.00000000	10.00245245	-17.88031553	-2.12223146	1.79757071	0.76726408	1.62569708	2.24707890	20.487916889397766	2.6315525211596955
