0.00000000	20.24367734	11.10342929	-1.21700786	1.77101398	0.61227487	0.89938805	2.99192691	23.08879845821474	1.069114124560936
0.00000000	20.42543010	11.74941565	-1.16680120	1.80662739	0.61552881	0.90511480	3.01830220	23.563678891175947	1.0487857002026044
0.00000000	21.95732217	2.75172434	-1.49619864	1.60769391	0.64697634	0.98948918	0.57678455	22.129075527923032	1.4461248003686649
0.00000000	45.02055018	-23.27228141	-1.91700576	2.24387646	0.97593767	1.23012270	1.81151927	50.679868000381866	2.047892662973802
1.00000000	32.36708139	-16.55069276	-2.00245873	1.44967306	1.60369669	3.41392034	0.11528156	36.353175769701345	2.0434774039746477
1.00000000	32.79676939	-13.94124784	-2.01146696	1.60766387	1.70019269	3.68686256	0.08270043	35.63686958414201	1.972734658311631
1.00000000	32.88174177	-19.49166561	-2.20726667	1.55230415	1.70254080	3.98467999	-3.11284971	38.2247821456319	2.1058906910831072
1.00000000	45.36991119	-1.05195547	-1.47166942	1.48606110	1.49714335	3.13335532	0.03776500	45.38210497210712	1.5939783651315784
2.00000000	31.49281803	0.86909344	-1.53232596	1.76470900	0.58151903	1.82682166	0.02770096	31.504807742281876	1.5432067692414235
2.00000000	26.39032916	0.89181599	-1.46620296	1.81632447	0.61670499	1.90811424	0.16236292	26.405393557626937	1.5370158939527752
