0.00000000	24.58010473	6.40315006	-1.38971506	1.79884148	0.75466319	1.04949090	-2.69811201	25.40043068982584	0.2548375904678519
0.00000000	6.99251326	-2.03391627	-1.73052905	1.80763102	0.72841205	1.00033503	-1.47876143	7.282311246070614	-0.28306026333178114
0.00000000	21.22832599	3.01163573	-1.50176881	1.80599880	0.85628621	1.05018286	-2.46772981	21.440890235900234	0.1409282800258377
0.00000000	25.06709350	6.87833083	-1.38730512	1.85448527	0.74810150	1.01418236	-2.62773919	25.993664834814478	0.26780535605523414
0.00000000	22.00968642	4.56620016	-1.46799336	1.76437950	0.76671541	1.05505797	-2.34878492	22.478355816382933	0.2045613143973576
0.00000000	24.36331950	5.40172928	-1.40032039	1.84774852	0.79224408	1.08126269	-2.61794233	24.954959752992778	0.21818616297420254
0.00000000	22.65268376	4.24209143	-1.44429002	1.80361152	0.75180248	1.10400531	-2.34341478	23.046462228095816	0.1851224826723947
0.00000000	7.81730288	-2.65078294	-1.75183425	1.82178164	0.71120443	0.97211011	-1.23696387	8.25450631550133	-0.3269241486484303
0.00000000	23.39808313	3.86693854	-1.45778308	1.82736564	0.76738063	1.12849333	-2.43265891	23.715469799911784	0.16378684473640057
0.00000000	17.83393182	-4.83282365	-1.66558693	1.82261229	0.66052158	0.95516310	-1.95304167	18.47715639898109	-0.26463467491900977
0.00000000	17.64674187	-1.24888420	-1.66332720	1.89841247	0.73119018	1.13040844	-2.37538910	17.690879298989657	-0.07065357469914336
0.00000000	45.02648805	-23.29868800	-2.01368497	2.20769215	0.93683679	1.00886320	1.86713147	50.69727299015339	-0.4775052564058731
0.00000000	24.25201567	4.73642349	-1.41431938	1.84761667	0.78566231	1.09773121	-2.58759236	24.710199746957716	0.19287246337283612
1.00000000	32.38644349	-16.54670866	-1.99292467	1.48017657	1.58469975	3.40982832	0.14464375	36.36860307201642	-0.47234115959992423
1.00000000	32.84586354	-13.90824694	-2.00767551	1.62897205	1.68442318	3.68615859	0.08330553	35.66917555302226	-0.4005484292986416
1.00000000	32.95131483	-19.49951021	-2.23645745	1.55143917	1.65723939	3.98215087	-3.10944128	38.28864123282089	-0.534344043440142
1.00000000	45.37892593	-1.08060837	-1.48307071	1.49443734	1.51536543	3.18165421	0.05583118	45.39179037017311	-0.023808500556146802
