0.00000000	16.66207815	8.04529441	-1.34358571	1.72564459	0.61940825	1.02793363	-0.54397416	18.502746023774	1.1209621228810145
0.00000000	16.71128775	8.73197003	-1.31863950	1.75552607	0.59546079	1.06924482	-2.74559808	18.855090529300522	1.0892960203599888
0.00000000	31.05716705	10.34597347	-1.17452286	1.79737401	0.71415180	0.95447482	-2.61918116	32.735100308591534	1.2492316988792556
0.00000000	27.86888825	8.30023916	-1.28051839	1.79165900	0.73546101	1.03691252	3.13128781	29.07866747985859	1.2813299573910046
0.00000000	25.03262570	6.61109372	-1.25679312	1.76100540	0.74567654	1.11576131	0.25864935	25.89090399369871	1.312592576928536
0.00000000	33.02323191	10.46909282	-1.21342001	1.68323898	0.64489422	0.78239590	-2.78875875	34.64297548212939	1.2637970423293703
0.00000000	45.03133171	-23.28129552	-1.88138900	2.19941401	0.89433452	1.06551945	1.91882455	50.693584965611024	2.0479529590801153
1.00000000	32.33613968	-16.49788681	-2.00388811	1.45869470	1.59537557	3.43601076	0.13712998	36.30160049639744	2.0425703133892847
1.00000000	45.61949780	-1.11037806	-1.38487027	1.47475779	1.55791609	3.57431487	0.01875992	45.63300909386027	1.5951315105610848
1.00000000	32.88383735	-19.51547736	-2.17762790	1.58820581	1.68848900	4.00480252	-3.11322236	38.23873187554639	2.1063984164423126
1.00000000	32.85679315	-14.05440130	-1.99970136	1.60302305	1.67987770	3.60873373	0.06357297	35.73646669724539	1.974991575040612
2.00000000	15.69246869	0.91386343	-1.56636332	1.84177566	0.69144023	1.87445659	-0.33301401	15.71905594987567	1.5126262293728525
2.00000000	27.44676439	0.91787388	-1.51611088	1.80733311	0.68338153	1.96159294	0.40782556	27.462107856822612	1.5373668149007447
2.00000000	35.43295107	3.39521358	-1.51925872	1.85841608	0.71309789	1.86984382	0.05446646	35.59524542383197	1.4752671891632672
