0.00000000	6.50808309	2.43033359	-1.64921747	1.75437582	0.64748671	0.98867958	2.73121738	6.94706174328588	1.2134000914321976
0.00000000	20.96816113	8.15552912	-1.31353531	1.82946706	0.66795098	1.08227840	3.00931525	22.498365193960442	1.199853494954171
0.00000000	24.46716459	6.02793192	-1.40574024	1.81795073	0.77561328	1.02893922	-0.67094159	25.198771920597732	1.3292387145650044
0.00000000	20.83537704	7.42725573	-1.36846540	1.76643133	0.68205085	0.97930400	2.76707983	22.119608135719247	1.2283663225483603
0.00000000	27.11078995	7.31558549	-1.24991892	1.85812211	0.81167111	1.05249176	-2.55405998	28.080468706460717	1.3072332854551239
0.00000000	26.38466735	7.77139664	-1.25656555	1.84365630	0.79283385	1.06079696	-2.46074581	27.505368147079206	1.2843542253427453
0.00000000	45.03270199	-23.28036475	-1.99606447	2.17235661	0.89762470	0.91390280	1.90296257	50.694374751181144	2.0479242356697145
0.00000000	27.94316442	8.68245175	-1.24439250	1.81950927	0.75919197	1.05428366	-2.52673769	29.260987785688847	1.2695354924812234
0.00000000	21.42659990	2.81773115	-1.50574968	1.77823687	0.80569308	1.20804451	-0.37157884	21.611080308683327	1.440040421532236
1.00000000	32.41755586	-16.50862945	-2.02400194	1.48888934	1.62047587	3.43866505	0.14857514	36.379015575653334	2.041816256843291
1.00000000	32.87919697	-19.49631415	-2.21071295	1.54831171	1.70992283	4.00382939	-3.11282158	38.22496381721699	2.106029250260514
1.00000000	32.85520704	-14.00133058	-2.03223322	1.65446830	1.69612326	3.68955386	0.05210505	35.714169284076995	1.973642797508677
1.00000000	45.51148666	-0.95621661	-1.48738502	1.51450539	1.52662177	3.33842416	0.14493035	45.521530820136064	1.5918036815026726
2.00000000	34.14407780	0.94039315	-1.48315475	1.79524827	0.66193405	1.92446207	-0.01834631	34.157025457276276	1.5432613767191443
2.00000000	45.81863504	2.19293143	-1.40422032	1.73018384	0.60608814	1.79609672	0.15551525	45.871083104559425	1.5229716963659512
