0.00000000	16.91774444	-1.43606788	-1.57015012	1.78167164	0.64796005	1.03208329	-1.21929932	16.978585568094847	1.6554786269634136
0.00000000	16.53824480	-2.53811886	-1.60620926	1.78031051	0.67871974	0.98014827	-0.01847123	16.73187342804788	1.7230778487721683
0.00000000	18.82864300	-1.15210884	-1.53729389	1.77701545	0.71267148	0.99359037	-0.89509660	18.86385835402331	1.6319092910274144
0.00000000	17.68384733	-2.08905120	-1.58422087	1.76635706	0.64684976	0.97930690	-0.37381673	17.806813058685417	1.688384645006525
0.00000000	31.10795021	2.20953791	-1.44517277	1.83425760	0.72438803	0.99884523	-3.05423307	31.18632110466969	1.4998873339225036
0.00000000	12.46056682	-8.30561362	-1.82084404	1.83491886	0.75773510	1.09691369	-2.40126467	14.974943842312546	2.1587194240038783
0.00000000	25.56870862	2.48425132	-1.45753763	1.86311352	0.68743699	0.93942339	-2.89972520	25.689109854476936	1.4739405098095846
0.00000000	19.33030329	-3.51513561	-1.60290764	1.79976404	0.74627211	0.97084987	2.91676950	19.647310341114757	1.7506766181441011
0.00000000	44.94324232	-23.47452044	-1.93402390	2.14529133	0.84993831	0.84582826	1.84608769	50.70451794586176	2.05213599204245
0.00000000	18.63902243	-2.47108058	-1.56118081	1.76425755	0.68996345	0.94668724	3.10641766	18.802111487247817	1.7026033401166436
1.00000000	32.38389367	-16.54829791	-2.00467573	1.48186696	1.61521717	3.39387091	0.12476452	36.36705559909925	2.043208301409094
1.00000000	32.81416642	-13.93852736	-2.00417970	1.61636639	1.70502882	3.59271388	0.08254570	35.6518171038297	1.9724735372855091
1.00000000	45.65230420	-1.12442217	-1.44920395	1.41890240	1.49877307	3.73948248	-0.00473157	45.66614943243765	1.5954214776616267
1.00000000	32.88351862	-19.52497206	-2.20088057	1.53212476	1.69220143	3.94130192	-3.11246681	38.24330439143128	2.106616173338017
2.00000000	14.97197904	2.06387168	-1.51703129	1.71423590	0.66424883	1.79419753	0.24762915	15.113560887021476	1.4338106994696964
