0.00000000	15.92087871	-4.75600393	-1.62023936	1.88225615	0.79700539	1.04075513	-2.41994667	16.61607511660641	1.8610852605606159
0.00000000	14.56846062	-5.70812727	-1.67941890	1.88888240	0.79293808	1.07623629	-2.44979048	15.646813150511143	1.9442259754102604
0.00000000	13.99275127	-5.61948199	-1.70617733	1.82542109	0.71389267	1.09338353	-2.34867263	15.078980931748038	1.952680826939341
0.00000000	15.91385666	12.84971990	-1.19184564	1.79475069	0.70990285	0.82313912	2.88144469	20.45400047187548	0.8915262777183536
0.00000000	30.32137218	8.66045450	-1.28145359	1.85264742	0.66800572	1.21521762	0.43560997	31.53393541923761	1.2925818828271594
0.00000000	23.28435747	0.43584171	-1.54615484	1.78268409	0.76873020	0.98085364	-3.09223247	23.288436203122796	1.5520802931206032
0.00000000	16.52356951	-5.12406450	-1.60279630	1.78714025	0.75611347	0.95554676	-2.43064785	17.299837755076258	1.871499056744024
1.00000000	32.45875710	-16.56955418	-2.01272885	1.49419379	1.60729211	3.45618411	0.16177456	36.443394987305396	2.042792934787967
1.00000000	32.92439862	-19.53006669	-2.22935859	1.57251883	1.69624623	3.99699368	-3.11239791	38.28105966929998	2.106185398742481
1.00000000	32.84204885	-14.01617903	-2.04825727	1.66722441	1.71483818	3.79449066	0.06613674	35.7078905463036	1.974169805175827
2.00000000	31.47195766	1.84301828	-1.49772690	1.87030435	0.64703579	1.85316738	0.22849160	31.525875647366988	1.5123024815904749
