0.00000000	25.24415819	11.69137453	-1.17485021	1.80486357	0.62594927	0.80868508	3.07246852	27.820060408318255	0.43372058041424955
0.00000000	28.35790735	7.73028073	-1.30909727	1.78047204	0.78080344	1.05931877	-0.06909318	29.392654685070443	0.266130799833479
0.00000000	25.39248466	10.59334404	-1.20560644	1.76997006	0.64303306	0.82723828	3.01961565	27.513582375949134	0.3952320353144426
0.00000000	18.36195243	-0.81920122	-1.56512545	1.76056170	0.69557617	1.01424362	-3.00118351	18.3802172914368	-0.04458449365385292
0.00000000	45.03427807	-23.29689249	-1.87765382	2.17994976	0.85366149	0.85784801	1.99215281	50.703366761751646	-0.47740319825892613
1.00000000	32.42429683	-16.50180691	-2.00790463	1.45308530	1.62137951	3.41864448	0.16743954	36.38192760444218	-0.47076874415699926
1.00000000	32.95774209	-19.48609164	-2.21776871	1.53224039	1.71438016	3.94993895	-3.11022162	38.287341655871536	-0.5339569360306081
1.00000000	44.65011296	-0.13491480	-1.46292375	1.51894021	1.60137791	3.24910032	0.46895021	44.65031678884282	-0.0030215912226089522
1.00000000	45.50690400	-0.94547272	-1.45089171	1.40876269	1.51003034	3.22930813	0.21009162	45.516724732009	-0.020773478982403
1.00000000	32.80318913	-13.93183407	-2.01658378	1.61000466	1.63591065	3.52356873	0.04617899	35.639096756968506	-0.40162477262619406
2.00000000	26.61739149	4.22388629	-1.43255554	1.82343268	0.61604781	1.76801462	3.13400245	26.950449812995224	0.15737669051345549
2.00000000	33.60905898	4.88185381	-1.44798837	1.75551844	0.69677249	1.77809329	-3.11615968	33.961762942216794	0.14424528599469963
