0.00000000	24.47184262	10.57071937	-1.23123358	1.84132743	0.58084773	0.83831439	3.05923319	26.65729148314475	1.1630500420989145
0.00000000	24.37583773	11.70037420	-1.20686982	1.85601938	0.58648182	0.77711250	3.08386064	27.038495177419122	1.1232772822320138
0.00000000	29.12117807	8.19162821	-1.29330717	1.86233473	0.77392075	1.06318946	-0.01070976	30.251376578852025	1.2965876067880993
0.00000000	19.14661056	-0.26890353	-1.52172516	1.74558210	0.76170336	0.98299165	-3.09148502	19.148498767390354	1.5848398490757964
0.00000000	44.94359368	-23.25231778	-1.84691624	2.18001842	0.89755709	1.46611600	1.85950816	50.60234080568843	2.0482405564402777
1.00000000	32.41163806	-16.55649260	-1.99768708	1.47599733	1.62556187	3.43956069	0.12423022	36.39549050289466	2.043061922649173
1.00000000	32.82502074	-13.87536400	-1.99708198	1.61106348	1.68185924	3.62821064	0.09369007	35.63716757423247	1.9707231278005344
1.00000000	32.88309198	-19.50679892	-2.16898326	1.56399548	1.69937987	3.98979626	-3.11463928	38.23366242292848	2.1062131682164513
1.00000000	45.55675105	-1.07956686	-1.44734452	1.53503919	1.51816277	3.14833585	0.19871823	45.56954060375073	1.5944890797646372
2.00000000	36.12765262	5.31066342	-1.47487805	1.73333931	0.67716327	1.79018739	-2.83015418	36.51589283848772	1.4248443983621897
2.00000000	30.53931437	4.19317296	-1.42656706	1.80825794	0.60189053	1.71779692	3.11646247	30.825840161497034	1.434345438044333
2.00000000	45.79513449	0.54585557	-1.41816018	1.72338355	0.63338931	1.75779870	0.19812815	45.79838753996136	1.5588773810919825
