0.00000000	24.42170444	5.86512465	-1.38110898	1.81929719	0.76434589	1.06357673	-2.63998699	25.11611703497882	0.2356965751954262
0.00000000	23.58268939	4.14205852	-1.43056677	1.77354908	0.72075936	1.06698196	-2.51379204	23.943681580916564	0.1738663738063092
0.00000000	24.24853977	6.64981541	-1.36737798	1.78110790	0.78439297	1.07494797	-2.57777929	25.143820830660268	0.26765551359534395
0.00000000	24.70182118	7.16419471	-1.35364161	1.85824871	0.74081993	1.05341171	-2.52220821	25.719752243198002	0.28228231301201523
0.00000000	7.85700961	-2.21516208	-1.69333265	1.79118538	0.63793040	0.94280149	-1.93698788	8.163304664919856	-0.2748016623555363
0.00000000	22.47038139	4.89204055	-1.42775856	1.83318520	0.78920989	1.09117533	-2.45789576	22.99674108552998	0.2143655646003927
0.00000000	17.92947117	-0.87346780	-1.60746215	1.88150191	0.81721748	1.06044819	-2.39373159	17.950734871684165	-0.04867838899530377
0.00000000	21.43260805	3.32869480	-1.50708042	1.78716302	0.80625674	0.98604999	-2.49533057	21.689557323663195	0.15407885087158646
0.00000000	6.94837696	-1.65975721	-1.72308538	1.80787420	0.64081777	1.01583937	-2.11398220	7.143860047229777	-0.23447603310768084
0.00000000	45.03295798	-23.28501218	-2.01599280	2.15459394	0.89303498	0.94297191	1.83321488	50.696736548334094	-0.47720702314556235
1.00000000	32.41243362	-16.53737834	-2.01783244	1.49693036	1.61453109	3.44899861	0.14883977	36.387507959892055	-0.4717878517623123
1.00000000	32.84270136	-13.99686587	-2.06743584	1.64006603	1.73591956	3.71055729	0.04103132	35.70091436931156	-0.40286875036352976
1.00000000	32.88249719	-19.50034217	-2.20622132	1.55428135	1.67618488	3.96630168	-3.11092925	38.22985699943747	-0.5352795219127594
1.00000000	45.38274564	-1.09102350	-1.44882939	1.46892786	1.49872428	3.16999084	0.04999156	45.39585811615958	-0.02403586150491565
