0.00000000	5.81642076	4.19581313	-1.65214286	1.76426506	0.70829666	0.88871984	1.96267641	7.171861563028066	0.6249271848486743
0.00000000	28.86594973	7.49890679	-1.23806069	1.79121685	0.69783950	0.97135768	-3.14144897	29.824095239587656	0.2541655596094856
0.00000000	25.80129473	7.06282917	-1.24568007	1.70738935	0.61024655	1.23634299	3.13186598	26.75052084780647	0.2671938000510467
0.00000000	22.87625263	4.40174906	-1.41885565	1.82301843	0.65212167	1.00699404	0.93034530	23.29588652914486	0.19009239510755552
0.00000000	29.14579291	8.30199342	-1.17621611	1.84516048	0.65158178	0.87994094	-3.00939727	30.305120674538315	0.2774945271559355
0.00000000	19.12478397	8.37253520	-1.33637546	1.75894976	0.64404964	1.07697060	2.94084740	20.877181504561577	0.4126492632754417
0.00000000	19.03720529	7.67328865	-1.35400973	1.77938485	0.63753320	0.90621114	2.80226827	20.525460870826333	0.3831484210034052
0.00000000	28.32037775	8.96789902	-1.19172905	1.83323717	0.72328166	0.99908615	-2.94425344	29.706346270378187	0.30666923983398864
0.00000000	7.19805266	3.71689545	-1.65054951	1.70910287	0.67997622	0.86488387	0.46174267	8.101066218860563	0.476661738135989
0.00000000	44.99598051	-23.24773795	-1.98538385	2.18086243	0.88527689	0.92793240	1.86565733	50.646772669620034	-0.4768886169684895
1.00000000	32.77695304	-14.00170954	-2.00773857	1.58581209	1.67799012	3.58882923	0.05190950	35.64234168273589	-0.4037169862218272
1.00000000	32.40944461	-16.50968037	-2.00493072	1.50815511	1.64734658	3.53873184	0.14781511	36.372264788547625	-0.47114687647025993
1.00000000	45.31174208	-1.07499173	-1.48558412	1.50387001	1.49257701	3.12712945	0.15749027	45.32449202742389	-0.02371990270538422
1.00000000	32.88336804	-19.48700077	-2.16166846	1.54652643	1.66459444	3.96537216	-3.12260556	38.223802697587196	-0.5349676876642564
2.00000000	26.01971877	0.79552249	-1.49314902	1.88701451	0.66073309	2.02713671	0.21089217	26.03187701457554	0.03056431016728463
2.00000000	46.09088396	3.48540858	-1.39041350	1.64580297	0.63307642	1.70560746	3.03762150	46.22247999819701	0.07547669489605417
