0.00000000	15.55095597	12.78403433	-1.18134223	1.81990981	0.62470220	0.86140680	2.99966669	20.131164033197315	0.8827398898184379
0.00000000	16.23830293	-4.42715319	-1.62424956	1.78976393	0.74581904	1.10587619	-2.40147185	16.83098830770712	1.83696383470591
0.00000000	31.00932774	5.07357999	-1.38533471	1.86540902	0.61332925	1.06156382	0.40879405	31.42164255416419	1.4086186506714706
0.00000000	14.21383180	-5.38608651	-1.70441077	1.81884325	0.75196961	1.02834058	-2.33451056	15.200096786925247	1.933010430131636
0.00000000	22.88330731	0.13820247	-1.50863503	1.80291498	0.77209880	0.95210883	-3.08271670	22.88372463928487	1.564756955481222
0.00000000	30.77216650	8.72045818	-1.30002282	1.80673707	0.68939791	1.10904057	0.64842361	31.983943189870306	1.2946488404279681
0.00000000	45.02957495	-23.30978842	-1.91922603	2.09325671	0.89977901	0.81542950	1.88654697	50.705116668466836	2.0484680386414706
1.00000000	32.36481516	-16.52209069	-1.97674106	1.42698288	1.61355373	3.45242651	0.21916099	36.33814443679741	2.042804994252014
1.00000000	32.81590311	-14.01717412	-1.96552960	1.60758138	1.63475699	3.57826227	0.09677545	35.68423555626918	1.9744830538213287
1.00000000	32.92991488	-19.50783479	-2.19419537	1.50716352	1.70638749	3.87335953	-3.10950303	38.27446815042607	2.1056122945617624
2.00000000	29.87652578	1.83356436	-1.42758594	1.84443808	0.64813220	1.82386825	0.38565734	29.93273711081676	1.5095017990214485
2.00000000	16.71472725	-4.72487023	-1.61181949	1.76331401	0.72241135	1.27491543	-2.42155886	17.369700795702638	1.8462857525207934
