0.00000000	28.16037128	3.16380200	-1.51560615	1.79936433	0.72114491	0.83558057	1.11088371	28.337539655422677	1.4589160431637276
0.00000000	20.48258781	1.22132050	-1.52753804	1.68392301	0.74826016	1.01143388	-2.40322399	20.518967497368887	1.5112395872035749
0.00000000	18.28764740	-0.57533917	-1.59063576	1.78233159	0.72396696	1.01477896	-2.42602777	18.29669540073461	1.6022464883797811
0.00000000	18.67310499	0.77364319	-1.54959438	1.76660085	0.68532981	1.04462387	-2.26415920	18.689124477968363	1.5293891270660367
0.00000000	28.76921202	3.87731100	-1.50224469	1.80727983	0.68477008	0.87077414	-0.07781874	29.029314508655446	1.4368306111958684
0.00000000	14.38848219	-5.77998538	-1.70030497	1.90039420	0.75039589	1.05504001	-2.47399569	15.506019822151684	1.952775265870202
0.00000000	19.51940060	0.35480449	-1.54595099	1.72377658	0.68046568	0.98496864	-2.24739003	19.52262497743079	1.5526213106279654
0.00000000	45.02996144	-23.29131349	-1.92874454	2.10977554	0.82094912	0.77401564	2.01828408	50.69696944963617	2.0481409054234088
0.00000000	16.83709747	-6.05348411	-1.68207191	1.83713412	0.82758163	1.01901410	-2.40956950	17.89224751349877	1.9159380015520762
0.00000000	20.61333405	-0.06674214	-1.52742241	1.74520087	0.78964735	0.99583182	-2.37966681	20.61344209903191	1.5740341294041458
0.00000000	45.02817957	-24.63926210	-1.82359670	2.04768038	0.71030267	0.46892182	2.34174013	51.32864884468187	2.0714845879838553
1.00000000	32.41039326	-16.49529871	-2.00585429	1.45529795	1.61817293	3.46329651	0.16916180	36.36658453580678	2.0415789855520567
1.00000000	32.83489880	-13.88808175	-2.01286624	1.63144445	1.64683398	3.55213222	0.04463983	35.65121868745758	1.9709438258452152
1.00000000	32.94313832	-19.50167731	-2.19372867	1.56200147	1.71421107	3.94157297	-3.11431885	38.28270863293272	2.1052978595612166
1.00000000	45.28245926	-0.80793531	-1.44312296	1.53835118	1.53238271	3.20239381	0.30664128	45.28966632796829	1.5886365591161646
2.00000000	4.86321512	2.54806217	-1.65997289	1.78611588	0.62565235	1.74831685	0.15678163	5.490308017368581	1.08817593545432
2.00000000	22.47508952	0.10294663	-1.49790655	1.82673478	0.80887785	1.67210165	-2.56244516	22.475325291097395	1.5662158818560252
