0.00000000	7.48395418	-4.53980220	-1.73997388	1.75417304	0.64042826	1.03198549	-0.79489428	8.753249350010789	2.116058117643202
0.00000000	16.26436208	-3.38981277	-1.64805768	1.85415304	0.70345519	0.97368909	-2.53008223	16.613858807784453	1.776274447623957
0.00000000	25.95046445	5.01880144	-1.48703335	1.80021334	0.79895987	0.91598042	3.12383580	26.431325601733633	1.3797555831515735
0.00000000	20.67962571	2.99703949	-1.52839897	1.79305172	0.77682334	1.20639346	2.60807276	20.89567336101693	1.4268712427735177
0.00000000	7.12901291	-3.91603018	-1.73206423	1.83588707	0.65128654	1.05428994	0.41870120	8.13376403896852	2.0731087814449887
0.00000000	26.61895752	5.49598493	-1.44032131	1.84494233	0.79100571	0.96609647	-3.06894445	27.180411141157368	1.3671885492130982
0.00000000	20.10061364	1.51138808	-1.55636738	1.75689125	0.77212782	1.16204776	-2.98146462	20.15735505052486	1.4957464096726212
0.00000000	42.53415058	12.20438355	-0.94145535	1.87381458	0.73540579	0.98332653	-3.08066106	44.25043438654162	1.2913717694873783
0.00000000	48.46096039	13.39921198	-0.94829987	1.72332752	0.70999767	0.95487331	3.12958622	50.279255798053775	1.3010407824359236
0.00000000	19.69979939	-2.59842371	-1.53920470	1.83447886	0.68026271	1.07211063	-3.06733441	19.87042782083301	1.7019403049729893
0.00000000	21.20273741	2.70721285	-1.50842879	1.79197729	0.77277885	1.37797704	-2.22678328	21.37487017721087	1.443801242437838
0.00000000	45.03497074	-23.29224991	-1.98647533	2.17431307	0.89815871	0.90108592	1.93762124	50.70184903356633	2.048111919527068
1.00000000	32.28686734	-16.50986358	-1.99354218	1.45962334	1.55225365	3.46628051	0.05094259	36.26316861584174	2.043482013540331
1.00000000	32.85126686	-19.58218248	-2.19178889	1.54371536	1.66397785	3.94128028	-3.12151694	38.24483762531818	2.1083329656692875
1.00000000	32.79645819	-13.93095067	-2.02723299	1.59753489	1.66497513	3.64042364	0.06797478	35.63255613029174	1.9724721234259557
1.00000000	45.49095756	-1.03165727	-1.47824607	1.52268422	1.55957388	3.34842581	-0.02082641	45.50265416927308	1.5934707332643425
2.00000000	21.20273741	2.70721285	-1.50842879	1.79197729	0.77277885	1.37797704	-2.22678328	21.37487017721087	1.443801242437838
