0.00000000	7.10634181	-4.06431399	-1.75598089	1.83333528	0.65270733	1.04676603	0.02112703	8.186497549615696	-0.519522327407011
0.00000000	19.97453414	1.40584394	-1.54041121	1.76886892	0.72020253	1.09443272	0.57015067	20.023945947131903	0.07026594341752057
0.00000000	20.59103690	2.84838676	-1.52248154	1.76744282	0.71343097	1.14101281	2.58787513	20.7871139832278	0.13745903416372277
0.00000000	16.17901451	-3.50503922	-1.65827392	1.84245968	0.67164600	0.94052953	-2.54572058	16.554329054616762	-0.21334420520004566
0.00000000	7.51258260	-4.66632216	-1.75858007	1.76217818	0.63997064	1.03331718	-0.70950025	8.843837392372714	-0.55581460008909
0.00000000	26.70835445	5.38095424	-1.46954642	1.79016185	0.73487774	0.93628803	-3.09451842	27.245015433282635	0.19880941504898655
0.00000000	19.85173225	-2.45962394	-1.57642005	1.83946180	0.68607095	1.07140212	2.94034576	20.003525270609458	-0.1232714893138051
0.00000000	26.05061531	4.89675371	-1.50601826	1.76512229	0.76269060	0.85580545	3.13134813	26.50684354890271	0.1858026739081731
0.00000000	21.12022199	2.57452915	-1.50235007	1.79748178	0.72478221	1.17780707	-2.24326754	21.276559337709642	0.12130032247602042
0.00000000	44.99985544	-23.30661275	-1.87713001	2.07465124	0.80760255	0.68605950	2.01208162	50.67726499624225	-0.4778856584312904
1.00000000	32.85069717	-13.96478352	-1.98824118	1.61635876	1.64592156	3.68713203	0.05360390	35.69570679109057	-0.4019541117127192
1.00000000	32.31259396	-16.51262421	-1.95634643	1.50096118	1.58667251	3.56667073	0.13011651	36.287332317552725	-0.47243064265770507
1.00000000	45.47417289	-1.01398920	-1.46228967	1.51727438	1.54451210	3.27923361	0.00561821	45.485476518635345	-0.022294439493550103
2.00000000	48.32507686	13.31300485	-0.91323493	1.70276022	0.63727667	1.50671178	3.11726189	50.12533442941834	0.268820345524966
