0.00000000	27.36461539	10.75070532	-1.21148870	1.82978320	0.64279986	0.82280157	-3.13343906	29.400677548656958	1.1964525581528935
0.00000000	27.27107751	11.70052729	-1.16937564	1.88320518	0.64144240	0.79551669	-3.05877018	29.67514123673993	1.165504280130958
0.00000000	26.72088272	6.63184618	-1.35942266	1.79779863	0.73012992	0.99498002	0.21601003	27.5315629249626	1.3275222592708418
0.00000000	45.02034438	-23.28597637	-1.97749088	2.12794304	0.82802961	0.83774924	1.93688905	50.68597541330339	2.048134547940787
1.00000000	32.81127779	-13.88782075	-2.00367353	1.60520053	1.67954046	3.64926991	0.09467822	35.62936310680669	1.9711953397902475
1.00000000	32.35723094	-16.49585272	-1.99685047	1.44879675	1.58831697	3.40538872	0.15617065	36.31946518142062	2.0422565097822862
1.00000000	32.93663326	-19.51603325	-2.21822492	1.55277109	1.68713865	4.01210408	-3.10769343	38.284427177624636	2.105707095638563
1.00000000	45.48694711	-1.05540376	-1.45570038	1.49965250	1.52400967	3.19725212	0.01841290	45.49918938271934	1.5939945077332944
2.00000000	28.37801482	4.53492968	-1.44770716	1.83113265	0.69742399	1.92765311	3.10410571	28.738081222076822	1.4123318551104171
2.00000000	18.29681396	4.24007366	-1.50311230	1.77753282	0.71234734	1.85507850	-3.08128572	18.781683250685408	1.3430775460383626
