0.00000000	25.08887743	5.74632946	-1.41794835	1.74228835	0.69297184	1.16726458	2.85507464	25.738532843975925	1.3456409208302889
0.00000000	20.36083247	13.22966877	-1.08075498	1.73389244	0.67316945	0.64394282	2.72470927	24.281425712575437	0.9945893491505678
0.00000000	45.02550426	-23.26103417	-1.95285545	2.11995888	0.82209455	0.74148641	1.96256411	50.6791056010777	2.0476506262311296
0.00000000	39.92567062	17.37942947	-0.63413642	1.98417759	0.62586089	0.60058389	0.62584633	43.54427336814148	1.1602384595984785
0.00000000	28.02288407	3.37694068	-1.49841855	1.77637696	0.66421150	1.18922772	0.58846635	28.225622401585735	1.4508680855934766
0.00000000	45.48327797	14.38550196	-0.78758119	1.79308605	0.63477770	0.77601295	-2.92424107	47.70399607514502	1.2644704574987906
1.00000000	32.39193465	-16.52821051	-2.05033610	1.50884545	1.62031211	3.45839576	0.18575333	36.36508178229145	2.0426158037413686
1.00000000	32.83696426	-13.87252431	-1.99896930	1.62463892	1.62057171	3.59665469	0.02963551	35.64706372962657	1.9705193009371422
1.00000000	45.55495413	-1.03503528	-1.40164361	1.52959251	1.60214713	3.54863374	0.12999323	45.566710917261176	1.5935130049519342
1.00000000	32.85821112	-19.44634161	-2.27118183	1.51598740	1.67316230	3.94674885	-3.10046911	38.181438422606725	2.105183807403969
