0.00000000	12.90863564	-7.70565083	-1.77612029	1.84343350	0.81144062	1.07726267	-2.38319731	15.03362660172714	2.108961068448391
0.00000000	16.91289450	-2.21242905	-1.59171544	1.83592772	0.73528149	0.96645489	-3.06329346	17.056988089033016	1.7008708863125146
0.00000000	19.18896248	-0.64121798	-1.54550753	1.80109441	0.72049867	1.00663744	-2.41190720	19.199672954420944	1.604199877048854
0.00000000	17.23301662	-0.95194515	-1.57463203	1.87750673	0.70378098	0.99204967	-0.71547842	17.259289133501554	1.6259798550207998
0.00000000	18.87784632	-4.14508016	-1.63822709	1.76451194	0.73472622	1.02139962	-2.61714101	19.327565061703016	1.786940056433611
0.00000000	18.01900864	-1.55229819	-1.53863285	1.83442330	0.67167000	1.01054272	-1.97978783	18.085748589402428	1.6567319701672019
0.00000000	24.90337773	2.05059553	-1.45839499	1.83960867	0.71640054	0.95799157	-2.74038005	24.987660242421978	1.4886396080623416
0.00000000	19.02106436	-2.04338024	-1.54618536	1.81175423	0.70533658	1.01540246	-3.05455518	19.130506846199467	1.677813135566862
0.00000000	44.98187115	-23.32380555	-1.95314966	2.19433904	0.86493406	0.84724528	1.94839180	50.669207981666865	2.0491465218646296
0.00000000	30.13795050	2.02339574	-1.43551062	1.77218890	0.70890525	0.97496329	3.02435279	30.205797302191847	1.5037591274976616
1.00000000	32.39941848	-16.52274006	-1.98904751	1.45252049	1.61016097	3.42811566	0.14486039	36.36926252940104	2.042388297821277
1.00000000	32.80983975	-13.98412805	-2.00028489	1.60378742	1.67920668	3.61333552	0.06070780	35.665689699478364	1.9736977601108143
1.00000000	32.95038123	-19.51695053	-2.20181648	1.52630663	1.67660823	3.95245332	-3.11063051	38.29672285186819	2.1055447038049184
2.00000000	12.94247602	2.20756531	-1.53117071	1.73401904	0.71985055	1.85894872	0.13212985	13.129395649693494	1.4018546966755714
2.00000000	36.37893074	10.80695955	-1.22882102	1.76595855	0.63675446	1.75297966	3.03195024	37.950190730759886	1.2820330373725446
