0.00000000	27.11520948	10.73454556	-1.21722887	1.79618490	0.60842210	0.90143571	3.11150384	29.162733985756507	0.376955240025378
0.00000000	16.99812412	-2.06967655	-1.60838948	1.80422354	0.66613539	1.05846956	0.63619810	17.123661542454805	-0.12116270685008697
0.00000000	27.00146876	11.62205244	-1.16556428	1.85816884	0.61113517	0.89845650	-3.08189774	29.396452475007354	0.406454972286598
0.00000000	26.89075470	6.74215618	-1.33679436	1.79018879	0.69963948	1.05647633	0.20556784	27.72308349175979	0.24565990969306045
0.00000000	45.03897115	-23.30621716	-1.87820194	2.24501657	0.81078818	0.74691843	1.91914999	50.711819929476114	-0.47752399335612766
1.00000000	32.77090223	-13.87630262	-2.01064108	1.60756910	1.67241018	3.59718172	0.09741283	35.587691796041476	-0.4005431839456729
1.00000000	32.33806209	-16.49049960	-1.99533484	1.45244873	1.58902924	3.38811655	0.16711326	36.29995642964734	-0.4715686439465169
1.00000000	45.53250263	-1.08211417	-1.43518136	1.49928594	1.51134918	3.25813450	0.03107709	45.54535944339304	-0.023761279229904883
1.00000000	32.93930355	-19.47763719	-2.20203606	1.55227339	1.69407192	4.00864858	-3.11458373	38.26716698247093	-0.5340119854128313
2.00000000	29.11057221	4.64313909	-1.40824531	1.76057339	0.66004239	1.83247438	2.99317861	29.478537192383044	0.15816779924587496
2.00000000	19.36426163	4.24964302	-1.52415834	1.77385163	0.71350273	1.86718122	-3.14079595	19.825087497222427	0.2160333118726626
