0.00000000	14.62436852	-5.66899024	-1.68529795	1.85140681	0.76544951	1.04916692	-2.42301440	15.684693332991317	-0.36980600724519364
0.00000000	16.01938699	-4.70493342	-1.63179551	1.83924055	0.74425889	1.02833855	-2.39788580	16.69602222153571	-0.28566927108414053
0.00000000	14.04366117	-5.54079006	-1.69901810	1.85330057	0.71571234	1.05798746	-2.43258619	15.09717766825179	-0.37579088220260004
0.00000000	15.77147434	12.79233380	-1.17068432	1.82649350	0.62946677	0.80714014	2.87364006	20.307220560871958	0.6814761616122733
0.00000000	23.16575552	0.21903891	-1.53368423	1.81904054	0.76421687	0.95484296	-2.55468369	23.16679103493845	0.009455007095274671
0.00000000	16.60951188	-5.06221997	-1.62008570	1.79101849	0.70548458	1.10861777	-2.36363125	17.363811675911712	-0.2958348350887775
0.00000000	30.44498594	8.73321734	-1.29919789	1.81226516	0.68543836	1.39127327	0.63731927	31.6727999077201	0.279351562920986
0.00000000	31.37742093	5.18653016	-1.43021880	1.80713701	0.64134449	0.99619337	0.52792919	31.80318599321445	0.16381376706420853
0.00000000	45.03686805	-23.32080320	-1.97184281	2.24033928	0.85827489	0.83786469	1.93302250	50.71665747706803	-0.4777984776735875
1.00000000	32.38641588	-16.52836611	-2.01324980	1.45724261	1.58137616	3.44157188	0.16371861	36.3602367954131	-0.4718922741392325
1.00000000	32.82303810	-14.10858129	-2.06565485	1.61755204	1.74017141	3.68571595	0.06693920	35.726795212145596	-0.4059611303103221
1.00000000	32.93485391	-19.52100490	-2.22102700	1.54596484	1.67200848	3.96719230	-3.11199141	38.285431098250235	-0.5350461788317921
2.00000000	30.99639290	1.85063011	-1.48132692	1.87227297	0.63220776	1.91478525	0.25317663	31.05158940561995	0.059633901834199074
