0.00000000	6.00251461	3.70383263	-1.65408502	1.75553107	0.65919341	0.95470344	2.25340319	7.053265753841703	0.5528597309046487
0.00000000	25.45911889	6.76439436	-1.32817338	1.76270366	0.62710321	1.07693892	-2.81274843	26.342432797916643	0.25969625366571164
0.00000000	27.74764864	8.48660469	-1.24483297	1.83409452	0.68422917	1.11748670	-2.51310468	29.01645161306296	0.2968146385073654
0.00000000	19.61567527	7.78661276	-1.36314033	1.82281709	0.72189703	0.89807126	1.15823209	21.104645331591914	0.3778818117724025
0.00000000	28.57631382	8.01555734	-1.24588130	1.86593771	0.61085903	1.04756771	-2.36560583	29.679199298666244	0.2734690911786936
0.00000000	45.00348442	-23.30017592	-1.90534590	2.18897462	0.84133070	0.78287556	1.83633363	50.67752764139279	-0.4777399393006632
0.00000000	22.42826663	3.87298935	-1.49714885	1.82812786	0.69766201	1.28542616	0.83139110	22.760210687328556	0.1709970239673958
1.00000000	32.81754444	-14.03516594	-2.03624235	1.61126304	1.71964357	3.70529670	0.04187414	35.692815888280805	-0.4041322197001013
1.00000000	32.30459063	-16.52122736	-2.01439295	1.43412030	1.60530539	3.45858085	0.16918549	36.284122274800815	-0.47274214900576256
1.00000000	32.94154719	-19.48770536	-2.21290420	1.55049515	1.69269239	3.94495412	-3.11329722	38.274223590677444	-0.5342085774105412
1.00000000	45.32332169	-1.01883788	-1.54186390	1.53279948	1.50978722	3.07507672	0.20472361	45.3347716398897	-0.02247554417661945
2.00000000	28.22743215	0.83676137	-1.52307914	1.83477664	0.68264376	1.90080138	0.16295534	28.239831716445796	0.029634874191866705
2.00000000	48.42724549	3.52728994	-1.39987336	1.71947837	0.66071364	1.80538767	2.87474298	48.555533979862176	0.07270849313272597
2.00000000	39.65283444	2.08830833	-1.45565091	1.86783195	0.73332543	1.91877500	-0.99685121	39.70778652616131	0.0526161841649888
2.00000000	22.42826663	3.87298935	-1.49714885	1.82812786	0.69766201	1.28542616	0.83139110	22.760210687328556	0.1709970239673958
