0.00000000	16.66585772	-2.52351008	-1.57354913	1.80543804	0.66590678	0.99469164	-1.80042768	16.85582738008269	-0.15027641053689156
0.00000000	18.90149995	-1.06919690	-1.55280672	1.79756904	0.69734117	1.01125209	-1.13400483	18.931716308111625	-0.05650655671976382
0.00000000	25.39719531	2.42830076	-1.45759199	1.87494326	0.69924138	0.90297923	-2.71775770	25.513019699661243	0.09532317825666164
0.00000000	17.81736173	-1.87920018	-1.54419468	1.82991779	0.63162724	1.02176274	-1.04089248	17.91618743857578	-0.1050816783152611
0.00000000	16.99353896	-1.38540017	-1.57058702	1.81259322	0.64386235	1.01332712	-1.20567060	17.049917888836703	-0.08134521438714874
0.00000000	19.23566366	-3.57817349	-1.58957217	1.80158114	0.70375777	1.00271365	3.06106853	19.565635230300686	-0.18391558746179806
0.00000000	45.01846715	-23.26572239	-1.96448169	2.23189592	0.92440059	1.02346132	1.82939541	50.67500589900485	-0.47700023245713286
0.00000000	18.78491828	-2.37658651	-1.55826400	1.77557302	0.66608881	0.96812240	-2.80506063	18.93465917902385	-0.12584706646868066
0.00000000	12.61928332	-8.10775757	-1.81795977	1.83379292	0.81296234	1.11884851	-2.30215526	14.999401465535966	-0.5710773293987258
0.00000000	30.97704084	2.33434878	-1.44235943	1.79670072	0.72435925	0.95343009	3.12663960	31.064871534093225	0.07521522376865997
1.00000000	32.39040375	-16.54697782	-1.98727427	1.48805249	1.61629758	3.45503249	0.14288840	36.37225219949386	-0.47229821146747164
1.00000000	32.86588819	-19.49408556	-2.18702803	1.56822920	1.71189826	3.98271805	-3.12933421	38.21237990937207	-0.5353603980558107
1.00000000	32.83717005	-14.05582177	-1.96981702	1.63425803	1.72611757	3.69784895	0.04400922	35.718984623343125	-0.40444786909668307
1.00000000	45.65116481	-1.14880361	-1.41027472	1.44709110	1.52852237	3.69251747	0.01873432	45.66561724365643	-0.025159515787077463
2.00000000	14.50379397	2.09647480	-1.51697562	1.69468904	0.64789974	1.78730221	0.32963449	14.65452988366544	0.14355237648621835
