0.00000000	18.03214174	11.66607706	-1.21483658	1.77821541	0.67916262	0.89251485	2.96516037	21.476859400324535	0.9965610550937216
0.00000000	17.92136368	10.98644357	-1.26587449	1.72580326	0.67784849	0.95311074	2.96158385	21.02087577784564	1.020846532453375
0.00000000	23.26454614	4.79536307	-1.43734262	1.64317513	0.60950769	1.08114348	0.36443248	23.75362317780824	1.3675200518755004
0.00000000	14.21149781	-5.72665365	-1.75411425	1.75940800	0.69812348	0.97811700	-2.35343170	15.321919985128924	1.9538511240425673
0.00000000	45.02475136	-23.27998861	-1.97167800	2.23761845	0.90837188	0.97697518	1.84896600	50.68713944100172	2.047989677003804
0.00000000	39.06096659	17.00511983	-0.63150595	1.93848777	0.62875093	0.57419758	0.69472849	42.602032948883505	1.160193448305287
1.00000000	32.35680681	-16.54310979	-2.00402574	1.44993830	1.60594253	3.50093998	0.14604454	36.340575510903186	2.0434203398183155
1.00000000	32.81880178	-13.96867351	-1.99378608	1.62237656	1.67180817	3.61192070	0.09658412	35.66787896558901	1.9732006470799541
1.00000000	32.88204544	-19.52962875	-2.19745741	1.54013276	1.65953620	3.95933860	-3.11124229	38.24441542802101	2.1067405361467104
1.00000000	45.57058435	-1.02322227	-1.43518351	1.45468462	1.54871501	3.43451814	0.02560247	45.582070398505245	1.5932461237358837
2.00000000	22.81308927	0.88781809	-1.51922617	1.77643752	0.71387503	1.86897140	3.13038731	22.83035836341428	1.5318989080651324
2.00000000	17.83262554	1.06777392	-1.54585193	1.76562607	0.70895364	1.79578427	0.42440864	17.86456478042755	1.5109901837411808
