0.00000000	6.98303988	0.09186644	-1.67846213	1.78566158	0.73629782	0.90049199	-2.46532106	6.983644135297036	1.557641434037857
0.00000000	23.93303921	6.14669448	-1.38741277	1.78507042	0.76346013	1.08709594	-2.43386006	24.7097595872129	1.3194009272301062
0.00000000	23.18388537	7.65560050	-1.31552551	1.87148619	0.74839780	1.14867977	-2.60617423	24.415174786695676	1.2518574679236445
0.00000000	25.55570351	7.20221118	-1.37421380	1.84483397	0.74578892	1.06573693	-2.53489184	26.551192586630517	1.2960970097763307
0.00000000	24.80087029	5.51596190	-1.40617476	1.81492090	0.79031665	1.06977687	-2.54414439	25.406869205465995	1.3519484338446983
0.00000000	22.61788469	4.64262962	-1.45758985	1.76731372	0.81610523	1.05903062	-2.46736288	23.08945035375762	1.368344723818983
0.00000000	22.95048864	6.94418455	-1.35487459	1.82195735	0.78155194	1.11004326	-2.55332613	23.978044705088603	1.2769812015560684
0.00000000	8.01148038	-0.54448529	-1.68686901	1.78923512	0.75816536	0.81791690	-2.35926008	8.029961526069183	1.6386551064931587
0.00000000	19.34833276	0.78577744	-1.53235040	1.77595639	0.76578487	0.98773021	-2.38165331	19.364282242750498	1.530206480102668
0.00000000	25.86559496	6.43935455	-1.42269741	1.76610160	0.77829102	1.03636478	-2.57544351	26.65509875531102	1.3268019677435283
0.00000000	44.91257919	-23.45429565	-1.99018697	2.18782997	0.93037431	1.04086885	1.79933643	50.66797562500035	2.052062360921178
1.00000000	32.39258716	-16.54005113	-2.00201092	1.45496249	1.62464819	3.45263952	0.13843292	36.37104609852748	2.0428976316615093
1.00000000	32.70680277	-13.98821504	-2.00062201	1.61914682	1.67143580	3.54199033	0.07390305	35.57253304785818	1.974939151077732
1.00000000	32.88551632	-19.49453542	-2.16259883	1.56263506	1.69080464	3.96422775	-3.11969543	38.229492474719315	2.1059049194314414
1.00000000	44.84502391	-0.16548006	-1.44684551	1.53873312	1.50950284	2.71592203	0.64108825	44.8453292232171	1.5744863529002777
