1.00000000	22.79891215	-12.40666415	-1.56429015	1.67510116	1.66915436	4.28035981	1.54683554	25.956034183871637	-0.49836228267637944
1.00000000	41.95414342	1.57614507	-1.40718887	1.54242957	1.70804027	3.83947335	-0.12063587	41.983739511715896	0.037550622128952896
1.00000000	46.14123796	-4.80251814	-1.26171921	1.84333706	1.73588975	4.23759536	0.70679307	46.390494942028525	-0.10370956408544652
1.00000000	25.60126907	-22.25764990	-1.47702585	1.56347346	1.65374640	4.60273216	1.43438482	33.923855280105016	-0.7156474238925435
1.00000000	44.35934268	10.49486461	-1.26292692	1.43140352	1.55271841	3.65139811	-3.00971532	45.58391674904538	0.2323158166945347
1.00000000	40.87072674	-10.09924035	-1.26973281	1.47563410	1.57145544	3.87360046	0.94524139	42.100011400269466	-0.24224932620519468
1.00000000	23.76005273	23.45721094	-1.54587613	1.63062346	1.68106634	3.99707368	-1.52749503	33.38833405272021	0.7789844576059253
1.00000000	26.25844353	-13.23989065	-1.44810663	1.54452336	1.58390920	3.98242850	1.44469583	29.407491580244585	-0.4670136032267191
1.00000000	28.68973330	-22.29454957	-1.42129133	1.53004277	1.60374532	3.69338111	-1.41840243	36.333837360707115	-0.6606154593958595
1.00000000	47.89510526	-20.47845470	-0.89618896	1.92937016	1.65140943	3.71325173	0.48484591	52.08942517216361	-0.40404446622779566
