1.00000000	44.36568210	10.59680236	-1.25466965	1.40883636	1.67669340	3.80597585	-3.04793024	45.61365988884428	0.2344585918262677
1.00000000	23.86309222	22.58787155	-1.52560614	1.69391799	1.77362498	4.51884270	-1.53108299	32.85816658700732	0.757952006286117
1.00000000	22.78650434	-12.43068043	-1.55199097	1.69157302	1.68604192	4.29490836	1.52972221	25.956629133799787	-0.49940347650112565
1.00000000	25.58282049	-22.21163354	-1.51390181	1.68351376	1.65330250	4.65887471	1.42526603	33.879748652237915	-0.7149796834632469
1.00000000	46.12909618	-4.82486298	-1.29602788	1.86021304	1.76628671	4.27215444	0.69511545	46.38073756592778	-0.10421584634039012
1.00000000	43.04068716	1.39660835	-1.43023835	1.55918241	1.68797280	3.91465425	-0.11038711	43.063340164091755	0.03243717943044254
1.00000000	40.88996084	-10.12054995	-1.29092358	1.48831105	1.61899250	3.87043169	0.89024043	42.123798840883026	-0.24263090076268878
1.00000000	26.26572910	-13.23527662	-1.43390916	1.58535397	1.61616583	3.95279966	1.46272469	29.411920582690712	-0.466762002292997
1.00000000	47.88066964	-20.54444175	-0.89466451	2.05152440	1.73074964	3.86984035	0.50436497	52.10213634769654	-0.4053179056565056
1.00000000	46.64801547	14.02075416	-1.37884007	1.55433524	1.53906345	3.50916731	-0.54964280	48.70953597094224	0.291974932508282
