1.00000000	32.06757495	3.75714553	-1.39313899	1.63897419	1.75005464	4.29242849	-0.43120247	32.286924686434084	0.11663164398498732
1.00000000	22.78164311	-12.43323652	-1.52950380	1.66656041	1.68140891	4.24324086	1.53281033	25.953586132819336	-0.49957963570986236
1.00000000	25.59525088	-22.21433614	-1.52150069	1.64418912	1.67096696	4.59156601	1.44088125	33.89090730197483	-0.7147994392911858
1.00000000	46.60177231	1.06509610	-1.29361926	1.45586205	1.61874655	3.79140408	-0.03848831	46.61394225052541	0.022851291905539226
1.00000000	40.42555909	-10.74006683	-1.22972177	1.44695532	1.59999665	3.73633880	-1.73109734	41.82791966201461	-0.25967648181538516
1.00000000	45.98757091	-4.89739619	-1.22850667	1.79895127	1.77188359	4.35650882	0.70974839	46.24760715587462	-0.10609404556469862
1.00000000	47.65719364	10.80945918	-1.22636436	1.48322511	1.64582525	3.99963134	-3.09100986	48.86770419617176	0.22304316458561255
1.00000000	26.28712403	-13.26070836	-1.42336724	1.59843707	1.60528531	3.98777849	1.45753407	29.442474012514257	-0.46720638254064206
1.00000000	46.55877665	14.32939329	-1.31389473	1.53425527	1.58058640	3.37406428	-0.75563592	48.71397330544986	0.2985698755498854
1.00000000	28.51643562	-22.75911099	-1.44040869	1.48893082	1.55166168	3.67737193	-1.61233616	36.485123454974676	-0.6735844102349939
