1.00000000	46.18152317	-4.79314453	-1.26662443	1.84720135	1.76224175	4.29657384	0.68529326	46.42959526839229	-0.10341893648762265
1.00000000	25.58592746	-22.21026954	-1.56158839	1.68632352	1.67781867	4.64098297	1.44488704	33.88120064324512	-0.7148891641995799
1.00000000	44.11433370	10.57209467	-1.23713515	1.39917064	1.65972318	3.77187164	-3.02394772	45.36346132634059	0.23521604440428634
1.00000000	22.78967406	-12.43108197	-1.54829178	1.64691639	1.66525166	4.25106663	1.53384042	25.95960405526047	-0.4993585803683976
1.00000000	40.91706778	-10.05765137	-1.29287456	1.48130488	1.60527449	3.87438912	0.87680107	42.135054133032476	-0.24102727396473048
1.00000000	45.28056195	1.27740659	-1.35148273	1.57669985	1.66566090	3.90443488	-0.09234231	45.29857677790731	0.02820344579099045
1.00000000	24.03004295	20.54933749	-1.55151163	1.57998252	1.69572391	4.34714085	-1.48602164	31.618321199215558	0.7074774287123997
1.00000000	26.25998447	-13.24421230	-1.46636019	1.54008770	1.57679319	3.93560905	1.46669638	29.41081338236181	-0.46712122042434373
1.00000000	28.71271435	-22.21266816	-1.45973895	1.61502957	1.63708314	3.79366059	-1.51218128	36.301826291950846	-0.658445979854892
1.00000000	47.89913077	-20.55125142	-0.88915346	2.03270650	1.71312015	3.79799636	0.50638199	52.12178684052967	-0.40529830742993134
