1.00000000	32.85238617	3.42472227	-1.36186884	1.59824908	1.73351953	4.26235732	-0.44704545	33.030410225872785	0.10387059335829255
1.00000000	22.77962032	-12.40615594	-1.52592395	1.67157352	1.66098632	4.23395195	1.52926064	25.938847451861736	-0.4987005730448695
1.00000000	25.59465609	-22.27025471	-1.50155483	1.63769746	1.67352291	4.66870226	1.44654858	33.92713759240015	-0.716055689156165
1.00000000	47.16582047	10.79570118	-1.24446104	1.47709799	1.69013535	4.02614537	-3.13003540	48.38555346977158	0.2250122199681132
1.00000000	26.26099837	-13.24399145	-1.43956492	1.57749724	1.59187489	4.00408820	1.45987654	29.4116192161672	-0.46709899223038853
1.00000000	46.01609079	-4.90252219	-1.25235639	1.84014857	1.75801641	4.34137740	0.71080339	46.276509542282525	-0.10613892928199821
1.00000000	40.42017836	-10.71844226	-1.20268414	1.44627106	1.59335952	3.69314771	-1.11132741	41.81717139089116	-0.25920973654048757
1.00000000	46.55658822	14.27650201	-1.35862945	1.47429633	1.55578334	3.50101747	-0.63977587	48.696349106767514	0.29754500312089865
1.00000000	47.74693941	1.07101139	-1.29627786	1.45368803	1.61239317	3.65692722	-0.01048736	47.758949825343954	0.022427234732418352
1.00000000	28.57297596	-22.75327570	-1.41127561	1.54188406	1.56751840	3.67391737	-1.58304238	36.525696575027126	-0.6724939395356782
