0.00000000	9.72634303	-3.76115598	-1.62728463	1.81875181	0.75718494	1.06739268	-2.41060853	10.428232977984303	1.9397830039414536
0.00000000	15.00962282	3.69775923	-1.45179437	1.83617854	0.81093421	1.02340610	-2.50443316	15.45840226290269	1.3292471883305925
0.00000000	10.05710865	-4.46980125	-1.60340426	1.78747976	0.76971587	1.05114767	-2.45573115	11.00566025336083	1.9890185958201856
0.00000000	7.72882324	-5.04532488	-1.66123078	1.81055284	0.74758114	1.00039879	-2.37242389	9.229843542547789	2.149132774541095
0.00000000	14.33359071	11.28788747	-1.21950744	1.77541995	0.63673960	1.06368653	3.12921119	18.24467665312765	0.9037159888151907
0.00000000	15.65175056	2.24638989	-1.46576784	1.79963851	0.82518576	1.02706340	-2.41078186	15.812133414892328	1.4282465618353481
0.00000000	15.07553552	2.85213872	-1.45583270	1.82218301	0.85839449	0.99204888	-2.41092110	15.342961464231895	1.3838163922399036
0.00000000	30.19516844	17.38496580	-0.70646284	2.02742934	0.78391245	0.56432352	0.43200049	34.84229086881547	1.0483961578965202
0.00000000	11.53127143	-0.30478176	-1.58577106	1.83899474	0.82777527	1.03714058	-2.40365601	11.53529855329124	1.597221063988215
0.00000000	20.80540281	6.95533501	-1.35185311	1.75544691	0.86823482	1.06019495	-2.60842323	21.937216577945517	1.2481721835810173
0.00000000	12.02767774	-0.94958105	-1.54570470	1.65993559	0.83320643	1.02641959	-2.39320087	12.065104060380524	1.6495825636676418
0.00000000	21.39786419	6.06861115	-1.37023209	1.80546916	0.91961403	1.06652559	-2.66742086	22.24177675419814	1.2944448243203646
0.00000000	36.17322068	-17.47344105	-1.74858622	1.73810792	0.77817503	0.75323244	1.46495223	40.172416363617025	2.0207914754064458
1.00000000	24.71399307	-19.32555688	-2.19570534	1.59714210	1.72204485	3.93799136	-3.11304975	31.37289598022668	2.234445158827459
1.00000000	37.15382124	-0.78984562	-1.29704116	1.49247468	1.52423131	3.19309360	0.04810984	37.16221587630786	1.592051924178937
1.00000000	23.98038663	-16.31391425	-2.01244334	1.38813651	1.59619670	3.28386551	0.08636638	29.003495325229956	2.168179729851244
1.00000000	24.30781314	-13.78639372	-2.05928848	1.52771950	1.62956009	3.45097467	0.01029050	27.945204086784052	2.0867178820467074
2.00000000	34.83606138	4.43755953	-1.29773388	1.70724249	0.75869576	1.89438180	3.10907245	35.1175612344226	1.444094626111377
