0.00000000	7.33954655	-5.70209152	-1.68796168	1.85580444	0.74295056	0.96547251	-2.44215131	9.294234302086041	2.231292153398527
0.00000000	13.90695195	1.59808460	-1.53803919	1.76172793	0.90095260	1.06434414	-2.34959459	13.998470878219733	1.4563855179950203
0.00000000	9.55098805	-2.58267553	-1.62646745	1.77156043	0.92672063	0.96042611	-2.45271635	9.894017668495625	1.8348895662050482
0.00000000	13.50360670	2.13351501	-1.55584071	1.92416358	0.88815846	1.05403450	-2.37182713	13.671111154773785	1.4140957116240687
0.00000000	30.23642741	17.25103981	-0.76212619	1.97429824	0.75302234	0.53351969	0.52151000	34.81149116378677	1.0523215996773603
0.00000000	17.82080751	4.32942792	-1.42701552	1.84072733	0.84354336	1.14461074	-2.45029235	18.33916918573325	1.3324711581979594
0.00000000	38.12076669	-3.59267938	-1.38653300	1.76324511	0.54699159	0.77126685	0.26326579	38.28968788278237	1.6647634534488056
0.00000000	17.15933147	5.90453650	-1.42056582	1.85141802	0.94458963	1.13329236	-2.48266125	18.1467960747115	1.2393867214020466
0.00000000	7.64354718	-6.29887832	-1.68531321	1.74735522	0.71406561	0.95098097	-2.44023824	9.904528337233023	2.2600474590722834
0.00000000	17.46006639	11.61335393	-1.17571972	1.76286900	0.65134336	1.01510914	-2.95445418	20.9695948422151	0.9838527661735673
0.00000000	17.32543268	4.92253554	-1.41742788	1.84906888	0.92036379	1.09297155	-2.45757484	18.011162474748126	1.2939694551217331
1.00000000	24.09088737	-16.38239622	-1.98510776	1.51137018	1.61102571	3.40269584	0.08216122	29.133378797920024	2.1679898112563945
1.00000000	37.14179993	-0.82130683	-1.36753080	1.51488256	1.53415846	3.07501617	0.01500197	37.150879490923934	1.5929054600398234
1.00000000	24.45240272	-13.78703494	-2.06725011	1.61678672	1.65003632	3.63058856	0.05223894	28.07137921830426	2.084196678601064
1.00000000	24.71602339	-19.33233173	-2.09517531	1.63922381	1.78583029	4.10913417	-3.13783288	31.378668906341325	2.234575381663492
1.00000000	35.79307355	11.91209994	-0.93372355	1.59889996	1.67998232	3.61136418	0.14475800	37.72323208761754	1.2495216974314647
