1.00000000	16.29525737	-14.90699617	-1.33928965	1.44450879	1.64013285	4.03973743	1.49149728
1.00000000	5.55366215	1.51456532	-1.66288577	1.48803949	1.64420071	4.06876489	-1.63156283
1.00000000	10.80081337	-0.89630579	-1.51091824	1.64984012	1.74994029	4.18170032	1.63430917
1.00000000	17.59444914	-4.72257890	-1.44835947	1.58993566	1.61704327	3.86977917	1.28925204
1.00000000	17.12775858	-10.03460006	-1.36528037	1.46616828	1.65983940	3.97300156	1.47916925
1.00000000	15.51287174	-19.99915619	-1.28622101	1.46480238	1.63028758	3.88166183	1.38719702

1215	232
1163	227
1348	228
1422	234
1215	164
1163	165
1348	165
1422	164

687	373
700	450
53	435
212	365
687	193
700	201
53	200
212	192

529	289
534	271
797	269
839	286
529	164
534	165
797	165
839	164

724	236
732	231
892	234
899	240
724	169
732	169
892	169
899	169

968	233
941	227
1111	229
1156	234
968	168
941	168
1111	168
1156	168

1489	229
1416	224
1628	226
1729	232
1489	158
1416	159
1628	158
1729	157

