1.00000000	17.64859275	-4.44402067	-1.46988259	1.52019691	1.64377454	4.18106318	1.41404593
1.00000000	8.25467047	3.48851053	-1.57994650	1.58406687	1.69067995	4.34661978	2.25683975
1.00000000	26.61313760	-4.00107032	-1.26678203	1.53442490	1.64189637	3.78662505	-0.69141608
1.00000000	3.37830092	-20.25809821	-1.51543091	1.52073550	1.63421035	3.71579465	-1.56199539
1.00000000	12.88389156	-9.07382087	-1.40853534	2.22801852	1.77749019	4.72115498	-1.53814864
1.00000000	14.55667521	-24.47910772	-1.34735833	1.57635403	1.64289239	4.27077664	1.57165277
1.00000000	26.91699078	-1.12197274	-1.16638682	1.51728535	1.64888125	3.40472428	-0.70669729

709	238
710	232
880	234
896	240
709	173
710	173
880	173
896	173

55	370
48	334
446	290
510	307
55	178
48	177
446	175
510	176

728	209
766	210
713	215
673	213
728	170
766	170
713	169
673	169

4688	404
7604	570
6517	576
4033	406
4688	125
7604	91
6517	89
4033	124

1220	245
1315	256
1032	257
973	246
1220	127
1315	120
1032	119
973	126

1812	235
1681	228
1885	228
2041	235
1812	150
1681	153
1885	153
2041	150

652	207
686	208
630	212
594	210
652	168
686	168
630	168
594	168

