1.00000000	17.64247543	-4.47932294	-1.42751501	1.56373477	1.62067884	4.25017507	1.42579424
1.00000000	6.71894237	4.19912589	-1.66142557	1.58307505	1.65571257	3.64874413	-2.72545385
1.00000000	16.35444164	-14.91142072	-1.30217860	1.48927879	1.67054471	3.98580212	1.53346753
1.00000000	17.14246399	-10.04868683	-1.32112906	1.54861188	1.64613253	3.87012017	1.50199413
1.00000000	14.59777104	-24.49389759	-1.21531795	1.50960517	1.70891803	4.35983099	1.49577224
1.00000000	26.92081552	-1.16981205	-1.20109532	1.50089800	1.65949934	3.39298907	-0.70746350
1.00000000	26.58934091	-4.02774560	-1.28155373	1.50439191	1.67373309	3.67986779	-0.74224991

709	236
709	231
883	233
900	238
709	169
709	169
883	169
900	169

237	413
-65	449
87	330
258	318
237	189
-65	191
87	183
258	182

1220	231
1163	225
1338	226
1416	231
1220	161
1163	162
1338	162
1416	160

972	231
943	226
1107	227
1153	232
972	162
943	163
1107	163
1153	162

1792	227
1666	221
1898	222
2057	228
1792	147
1666	150
1898	149
2057	147

653	208
688	209
632	213
595	211
653	170
688	170
632	169
595	169

730	209
768	211
712	215
673	213
730	171
768	171
712	170
673	171

