0.00000000	18.69041167	7.67125080	-1.44523368	1.73698688	0.72506352	0.89857061	1.03781807
1.00000000	17.58468528	-9.72438361	-1.25744591	1.56119967	1.68343939	3.96950810	1.48959088
1.00000000	17.97013659	-4.32681912	-1.34065245	1.74032950	1.69922474	4.44431148	1.42565894
1.00000000	16.80440777	-14.64815077	-1.24970911	1.54151511	1.72036290	4.25086021	1.49613142
1.00000000	15.25359279	-24.22148021	-1.26563833	1.52071643	1.68517310	4.13982021	1.57639670
1.00000000	26.94779948	-3.42211221	-1.08752463	1.48934686	1.63670355	3.67443436	-0.65969276
1.00000000	27.22490461	-0.58428112	-1.09723018	1.56239712	1.63335581	3.47845868	-0.68716133
2.00000000	23.95988766	4.73075164	-1.35578845	1.70912886	0.64428770	1.76957171	0.37238130

288	237
312	235
335	237
311	239
288	169
312	169
335	169
311	169

946	227
920	222
1084	223
1127	228
946	159
920	161
1084	160
1127	159

697	231
698	226
876	228
892	234
697	158
698	160
876	159
892	158

1181	227
1130	222
1317	222
1390	228
1181	157
1130	158
1317	158
1390	156

1746	228
1624	222
1811	222
1955	228
1746	151
1624	153
1811	153
1955	151

709	204
747	205
697	209
657	208
709	167
747	166
697	166
657	166

637	205
671	206
614	210
579	208
637	166
671	166
614	165
579	165

453	219
472	219
482	222
462	223
453	169
472	169
482	168
462	168

