1.00000000	5.86734006	4.63810971	-1.67109178	1.50750268	1.72169914	4.37484352	-1.57877326
1.00000000	16.30209371	-14.89112440	-1.37959145	1.46543205	1.67378783	4.13087261	1.48848045
1.00000000	17.65469375	-4.78299919	-1.39725588	1.54122758	1.59359245	3.78304751	1.36833370
1.00000000	17.08317054	-10.01490292	-1.36326788	1.48004627	1.65068946	3.91213298	1.47648072
1.00000000	10.84499861	-1.34936132	-1.51227484	1.55527878	1.66906416	4.23797338	1.64436722
1.00000000	15.49786267	-19.93492246	-1.35634659	1.45868194	1.65551885	4.06218202	1.37255073
1.00000000	14.57134046	-24.58699851	-1.28860198	1.48910284	1.76475660	4.47565505	1.41287029
1.00000000	26.51690182	-3.69394202	-1.18562363	1.56094718	1.69273254	3.47266197	-0.67182618
1.00000000	26.84292542	-0.93478655	-1.14843820	1.57754040	1.66721517	3.29175780	-0.72331917

343	364
244	434
-419	432
-143	363
343	195
244	203
-419	203
-143	195

1212	234
1159	228
1348	229
1424	236
1212	165
1159	166
1348	166
1424	165

730	234
732	229
888	231
901	237
730	169
732	169
888	169
901	169

969	233
942	227
1110	229
1156	235
969	167
942	168
1110	167
1156	167

562	288
561	271
826	268
872	284
562	171
561	171
826	171
872	171

1480	232
1408	226
1633	229
1735	236
1480	161
1408	162
1633	162
1735	161

1779	230
1660	224
1925	226
2086	233
1779	152
1660	155
1925	154
2086	151

717	207
756	208
708	212
667	211
717	167
756	167
708	166
667	166

647	207
681	208
625	211
589	210
647	166
681	166
625	166
589	166

