1.00000000	9.78830927	-0.75039613	-1.52568517	1.46683013	1.54508556	3.71690047	1.72234094
1.00000000	14.22991376	8.31906670	-1.56932734	1.47558761	1.68580397	4.28858995	1.51795709
1.00000000	16.30693862	-14.91227652	-1.32752834	1.46595275	1.68197422	4.00074846	1.53031135
1.00000000	17.07734560	-9.96511233	-1.33609412	1.49479473	1.66377613	3.98020776	1.48800349
1.00000000	17.62507966	-4.67968740	-1.37255762	1.52131855	1.63245907	3.87610166	1.36294198
1.00000000	9.25485084	-20.80004027	-1.34859620	1.52226985	1.64402017	4.29873686	1.45887887
1.00000000	14.56282766	-24.52324750	-1.24062322	1.49313366	1.72689541	4.06821151	1.53727663

533	304
528	284
783	278
831	296
533	179
528	178
783	178
831	179

40	267
108	256
311	257
268	268
40	186
108	185
311	185
268	187

1221	232
1164	226
1341	227
1419	233
1221	163
1164	164
1341	164
1419	163

966	232
939	226
1109	227
1155	233
966	165
939	166
1109	166
1155	165

724	233
727	228
886	231
899	236
724	169
727	169
886	169
899	168

2212	271
1964	255
2355	259
2699	277
2212	140
1964	146
2355	144
2699	138

1815	229
1681	223
1885	223
2047	230
1815	149
1681	152
1885	152
2047	149

