0.00000000	21.99762997	10.02555897	-1.47411786	1.79283714	0.60903391	0.98737368	-0.84773266
1.00000000	22.52947657	-7.71966984	-1.06582115	1.47309077	1.65041967	3.95939727	1.58634400
1.00000000	22.44562099	-2.35141453	-1.21222125	1.70969605	1.70915095	4.56336862	1.50963414
1.00000000	22.29616517	-12.69288189	-1.00753568	1.52491832	1.65340963	4.17706308	1.56711400
1.00000000	21.99721838	-17.90637531	-0.98945449	1.51542306	1.67296999	4.04649753	1.40358877

292	229
299	230
264	231
258	230
292	170
299	170
264	170
258	170

806	211
791	208
914	208
938	211
806	161
791	162
914	162
938	161

612	218
615	214
759	215
768	218
612	160
615	161
759	161
768	160

972	207
946	205
1079	205
1115	207
972	156
946	157
1079	157
1115	156

1148	205
1118	202
1263	203
1305	206
1148	153
1118	155
1263	154
1305	153

