1.00000000	37.57793527	6.60781358	-1.49749659	1.55765748	1.65157977	4.01092611	3.12861395
1.00000000	30.47773211	10.15490231	-1.53414522	1.47307193	1.51657258	3.55791795	-3.11756325
1.00000000	43.97773241	6.28952729	-1.48534022	1.46263981	1.63092535	4.10533422	2.99796438
1.00000000	43.30905613	6.16483939	-1.51303993	1.43004012	1.60935584	4.01150992	3.02068806

492	211
458	211
475	207
505	207
492	179
458	179
475	178
505	178

374	220
335	220
363	215
398	215
374	183
335	183
363	182
398	182

510	206
483	206
503	203
528	203
510	181
483	181
503	180
528	180

512	207
484	207
503	204
528	204
512	182
484	182
503	181
528	181

