0.00000000	18.51482140	7.15811629	-1.48153899	1.71011651	0.78359434	1.02806938	2.69725370
1.00000000	17.67466194	-4.47596123	-1.44966171	1.67656267	1.66502501	4.25735053	1.47840405
1.00000000	16.27778380	-14.91831165	-1.34989319	1.45117688	1.66116325	4.11265461	1.48933554
1.00000000	10.88637553	-3.58997646	-1.44695733	1.47130656	1.64140479	4.37477200	1.55856180
1.00000000	26.54645317	-3.83889299	-1.24288915	1.51582003	1.67042252	3.53040381	-0.70294470
1.00000000	26.90748666	-1.04628864	-1.18647514	1.54319310	1.64096465	3.41351911	-0.68614626
1.00000000	14.57832612	-24.57289508	-1.31216286	1.50068998	1.69996039	4.26641075	1.50810122
1.00000000	17.07071380	-10.12702616	-1.33331130	1.42375004	1.62383553	3.71141371	1.39361489
1.00000000	15.51026043	-20.02031960	-1.38941894	1.45866537	1.64213996	4.04546606	1.16627967

324	241
301	240
333	236
356	238
324	171
301	171
333	171
356	171

711	237
707	232
879	233
900	239
711	165
707	166
879	166
900	165

1215	233
1162	227
1350	228
1426	234
1215	165
1162	165
1350	165
1426	164

717	279
703	264
980	264
1041	279
717	171
703	171
980	171
1041	171

722	208
761	210
710	214
670	212
722	169
761	169
710	169
670	169

649	207
684	209
629	213
592	211
649	168
684	168
629	168
592	168

1803	232
1675	226
1899	227
2058	234
1803	153
1675	155
1899	154
2058	152

973	231
952	226
1118	228
1157	234
973	168
952	169
1118	168
1157	168

1456	232
1407	227
1668	232
1751	239
1456	163
1407	164
1668	163
1751	162

