0.00000000	18.55440014	7.15491646	-1.47855614	1.73560143	0.78313272	1.07379258	2.84547091
1.00000000	17.68964466	-4.42897897	-1.42438982	1.62822723	1.68287534	4.15226033	1.45372140
1.00000000	10.90826486	-3.02424180	-1.48604284	1.48015511	1.59287437	4.33226008	1.53836298
1.00000000	4.91863332	-5.69723405	-1.55085073	1.63474607	1.67068165	4.17369730	-1.64656699
1.00000000	14.60107753	-24.54430920	-1.21625898	1.52586389	1.75101647	4.37728888	1.51067317
1.00000000	26.60036589	-3.84620616	-1.22374568	1.53755760	1.70042342	3.67648413	-0.67692691
1.00000000	26.92608080	-1.04540273	-1.16523920	1.55163014	1.67612873	3.50555903	-0.69331348

329	241
302	240
331	236
356	237
329	170
302	170
331	170
356	170

710	236
708	230
876	232
895	238
710	166
708	167
876	167
895	166

675	281
669	266
945	267
996	283
675	173
669	173
945	173
996	173

1685	372
2153	463
1270	440
1091	361
1685	149
2153	139
1270	142
1091	151

1799	227
1668	221
1896	222
2059	228
1799	146
1668	149
1896	149
2059	146

722	208
761	209
711	213
669	212
722	168
761	168
711	168
669	168

649	207
685	208
628	212
591	210
649	168
685	167
628	167
591	167

