0.00000000	18.73384275	7.68970941	-1.44552408	1.77401018	0.69413295	0.82044209	1.24634469
1.00000000	17.67655674	-9.63373059	-1.27790938	1.63363171	1.72036573	3.96048458	1.50225449
1.00000000	18.07330910	-4.16023480	-1.35595737	1.67882156	1.72134340	4.49879640	1.41349542
1.00000000	16.93767372	-14.62182748	-1.22387097	1.51038980	1.70880666	4.16095602	1.52172959
1.00000000	27.03891302	-3.21822668	-1.08560203	1.49637353	1.67430153	3.68109628	-0.71831691
1.00000000	15.39162335	-24.18797338	-1.20484660	1.44416428	1.60634408	3.88993840	1.46840525
1.00000000	27.24779782	-0.41507671	-1.02949403	1.50496054	1.61923107	3.49948249	-0.72561139
2.00000000	23.44180157	4.84096377	-1.33265696	1.73378420	0.64468529	1.81441778	0.26925474

288	237
308	235
334	236
315	238
288	167
308	168
334	167
315	167

941	228
915	223
1077	224
1121	229
941	157
915	159
1077	158
1121	157

687	232
691	227
869	229
884	234
687	162
691	163
869	162
884	161

1180	225
1128	220
1306	221
1378	226
1180	157
1128	158
1306	158
1378	157

706	204
743	205
688	209
649	207
706	166
743	166
688	165
649	166

1715	224
1613	219
1816	220
1945	225
1715	152
1613	154
1816	154
1945	151

635	203
668	204
607	208
574	206
635	166
668	165
607	165
574	165

449	219
469	219
473	222
452	223
449	167
469	167
473	167
452	166

