0.00000000	18.55015504	7.34219802	-1.49943374	1.71836686	0.79851754	0.97843612	2.79075956
1.00000000	17.64087301	-4.49021741	-1.43538473	1.53555822	1.61447117	4.19880905	1.42033243
1.00000000	17.13355089	-10.15351446	-1.34540556	1.59098983	1.68421488	3.96582704	1.48363376
1.00000000	26.93934943	-1.14228098	-1.15744136	1.54437900	1.63958826	3.43881626	-0.71419859
1.00000000	26.60629122	-3.99481874	-1.18208049	1.58804846	1.65057339	3.65484922	-0.75132048
1.00000000	14.59033364	-24.55221477	-1.27265559	1.52488613	1.71676262	4.37640328	1.51967788
1.00000000	13.14984623	-10.81978145	-1.36060975	1.47938561	1.63753127	4.08262203	1.50651586
1.00000000	15.42462299	-19.88313826	-1.38954018	1.51082110	1.63127200	4.00618942	1.37140155

321	242
295	241
323	237
348	238
321	171
295	171
323	171
348	171

710	236
711	231
883	233
899	239
710	171
711	171
883	171
899	171

974	232
945	227
1115	228
1162	233
974	161
945	162
1115	162
1162	161

653	207
687	208
630	212
594	210
653	167
687	167
630	167
594	167

730	207
767	208
710	212
672	210
730	166
767	166
710	165
672	165

1801	230
1671	224
1897	225
2057	231
1801	149
1671	152
1897	152
2057	149

1131	250
1074	241
1300	242
1389	252
1131	162
1074	163
1300	163
1389	162

1482	234
1411	228
1634	231
1735	238
1482	160
1411	161
1634	161
1735	160

