1.00000000	46.56198401	-1.21891122	-1.24393986	1.67108989	1.65327976	4.44803426	1.48812938
1.00000000	42.73371446	16.01899047	-1.58597861	1.78231955	1.89470523	4.47564000	1.59545517
1.00000000	47.43162456	14.37521483	-1.54403649	1.45465481	1.57498984	3.46397005	1.09317398
2.00000000	31.50642797	1.82341776	-1.45323442	1.81253469	0.63935479	1.82814363	0.02166918

593	198
596	197
664	198
664	199
593	172
596	172
664	172
664	172

293	209
306	208
381	208
372	209
293	178
306	178
381	178
372	178

362	205
380	204
419	205
402	206
362	182
380	182
419	182
402	183

562	211
577	211
576	213
560	213
562	170
577	170
576	170
560	170

