1.00000000	6.08734896	6.14096742	-1.69966469	1.49079180	1.74167141	4.41650529	-1.60571587
1.00000000	10.87051065	-1.58362640	-1.49638162	1.48607063	1.66959480	4.28282336	1.62915504
1.00000000	16.31623569	-14.89230959	-1.38139508	1.48798990	1.70404237	4.15438069	1.50811613
1.00000000	17.64247668	-4.84299283	-1.40825341	1.51792812	1.57391194	3.78286023	1.37796330
1.00000000	17.12926940	-10.01520910	-1.37717960	1.47926354	1.64697578	4.02850446	1.47687078
1.00000000	3.14143457	-21.77417184	-1.43349789	1.65990436	1.71647668	3.56107386	-1.62728131
1.00000000	14.57998753	-24.57060634	-1.28187535	1.51768434	1.71098537	4.32490863	1.51876748
1.00000000	15.50171752	-19.91164590	-1.35965691	1.49698973	1.67287588	4.04445090	1.38084102
1.00000000	26.56496700	-3.75131557	-1.20255158	1.54118490	1.71707084	3.56902668	-0.69972134

190	364
31	433
-586	425
-271	360
190	201
31	211
-586	210
-271	200

577	286
575	269
843	267
890	283
577	175
575	174
843	174
890	175

1214	235
1158	228
1345	229
1423	236
1214	164
1158	165
1345	165
1423	164

733	235
734	230
890	232
904	238
733	170
734	170
890	170
904	170

965	234
939	228
1112	229
1157	235
965	168
939	168
1112	168
1157	168

5340	404
9577	614
7495	572
4417	392
5340	73
9577	-17
7495	1
4417	78

1804	231
1674	224
1897	225
2058	232
1804	150
1674	153
1897	152
2058	150

1480	233
1407	227
1629	229
1732	236
1480	160
1407	161
1629	160
1732	159

720	207
759	209
708	213
666	211
720	168
759	168
708	167
666	167

