0.00000000	18.55498239	7.33708331	-1.48213027	1.70882297	0.78285297	1.04120515	2.90785193
1.00000000	10.69631075	-6.45496092	-1.43032763	1.51198411	1.67305783	4.25504446	1.55803263
1.00000000	17.67558173	-4.42149890	-1.43082176	1.56799126	1.64591152	4.18820224	1.42992854
1.00000000	17.15323047	-10.10012125	-1.41403995	1.52907848	1.69792834	4.13274232	1.56123698
1.00000000	16.27909008	-15.18271722	-1.35070227	1.52242339	1.68204809	3.94035452	1.46599293
1.00000000	26.92561401	-1.14309411	-1.19639109	1.51664495	1.65864543	3.40393217	-0.70658386
1.00000000	26.60006975	-4.00461272	-1.26835499	1.50714397	1.65967847	3.70775932	-0.72916710
1.00000000	14.58790553	-24.55985174	-1.29189203	1.50775337	1.70484719	4.26374109	1.51393223

323	241
295	240
321	237
348	237
323	171
295	171
321	171
348	171

939	277
891	262
1166	262
1262	278
939	164
891	165
1166	165
1262	164

708	236
708	231
878	233
895	239
708	169
708	169
878	169
895	169

974	236
939	230
1109	230
1161	236
974	167
939	168
1109	168
1161	167

1229	233
1176	227
1360	228
1436	234
1229	161
1176	162
1360	162
1436	161

652	208
687	209
631	213
595	211
652	169
687	169
631	169
595	169

729	209
767	210
712	215
672	213
729	170
767	170
712	170
672	170

1803	231
1674	225
1896	226
2055	232
1803	151
1674	154
1896	153
2055	151

