0.00000000	18.56141090	7.34205748	-1.50193403	1.73454213	0.80895589	1.02191709	3.07846141
1.00000000	17.68327261	-4.41122055	-1.42577515	1.61345804	1.65242976	4.25271549	1.46763027
1.00000000	16.27290249	-14.88440413	-1.32742367	1.46965408	1.65589279	4.00712365	1.51470149
1.00000000	10.87405682	-3.63226439	-1.44221042	1.47478044	1.64613708	4.37413266	1.55349648
1.00000000	26.90610133	-1.06194647	-1.20906888	1.51960421	1.65641574	3.40358427	-0.68077773
1.00000000	26.58917276	-3.89284084	-1.26198314	1.52428830	1.68623265	3.51774253	-0.67573786
1.00000000	17.04910303	-10.28677915	-1.31581638	1.43255389	1.61269417	3.67441648	1.42713714
1.00000000	14.59339543	-24.57880931	-1.32314656	1.50114369	1.70844950	4.27744420	1.52243912
1.00000000	15.48790053	-19.98659937	-1.40232907	1.47787166	1.67101778	4.05126685	1.37883723

329	241
297	241
316	237
346	238
329	171
297	171
316	171
346	171

707	236
705	231
877	232
897	238
707	167
705	167
877	167
897	167

1219	232
1163	226
1344	227
1420	233
1219	163
1163	164
1344	163
1420	163

720	278
706	263
984	264
1045	279
720	170
706	170
984	170
1045	170

649	208
684	209
630	213
593	212
649	169
684	169
630	169
593	169

722	209
761	210
713	214
672	213
722	170
761	170
713	169
672	169

984	231
960	225
1122	227
1163	233
984	167
960	167
1122	167
1163	167

1805	233
1675	226
1895	227
2055	234
1805	153
1675	155
1895	155
2055	153

1484	235
1411	229
1634	231
1738	238
1484	163
1411	164
1634	163
1738	162

