0.00000000	18.61976950	7.65826326	-1.48255096	1.72785068	0.65968562	1.11288538	0.66124219
1.00000000	17.63375684	-4.43896871	-1.43329034	1.56065249	1.62942315	4.24764188	1.43472314
1.00000000	6.47918802	7.08335575	-1.70243166	1.52553725	1.76200004	4.38908307	-1.61881506
1.00000000	16.31089135	-14.88255702	-1.36475347	1.47442913	1.69263106	4.03222191	1.51245010
1.00000000	17.12515982	-10.05963652	-1.35430179	1.53436160	1.65070029	3.93606550	1.48085523
1.00000000	26.91551510	-1.13819775	-1.19619582	1.51545739	1.63831178	3.33761291	-0.71252698
1.00000000	14.62678909	-24.57952045	-1.29768012	1.52408099	1.71550434	4.32217874	1.53107882
1.00000000	26.59190328	-4.00458763	-1.25255249	1.52658677	1.68992406	3.70051704	-0.74461651
1.00000000	15.49558640	-19.97923035	-1.38241063	1.47041202	1.66269337	4.07519497	1.13453376

291	238
318	236
331	239
303	241
291	171
318	171
331	171
303	171

708	236
708	231
881	233
898	239
708	170
708	170
881	170
898	169

115	356
-63	418
-621	408
-310	350
115	198
-63	206
-621	205
-310	197

1217	234
1161	228
1342	228
1420	235
1217	164
1161	165
1342	165
1420	164

970	233
943	227
1111	228
1157	234
970	164
943	165
1111	165
1157	164

652	208
686	209
631	213
595	211
652	169
686	169
631	169
595	169

1803	232
1673	225
1891	226
2051	232
1803	151
1673	153
1891	153
2051	150

729	208
768	210
711	214
671	212
729	169
768	169
711	169
671	169

1450	232
1405	226
1672	232
1753	239
1450	162
1405	163
1672	162
1753	161

