0.00000000	18.53759163	7.14121116	-1.47081731	1.72002411	0.76018525	1.03404483	-0.02448787
1.00000000	17.67327033	-4.44817543	-1.43047712	1.61067772	1.65717225	4.22946842	1.46130955
1.00000000	16.27476968	-14.87964768	-1.35369347	1.50372624	1.69537507	4.13723713	1.49555528
1.00000000	10.88755507	-3.58259301	-1.45510672	1.48594248	1.64193684	4.35896234	1.57514310
1.00000000	26.58789785	-3.82164654	-1.20684371	1.55330420	1.67358675	3.56793372	-0.71801889
1.00000000	26.91598691	-1.06578124	-1.17531107	1.54826808	1.63597794	3.39943578	-0.72801805
1.00000000	14.58805862	-24.57189238	-1.30004690	1.50115991	1.69461354	4.29075925	1.52633476
1.00000000	17.06118458	-10.26615218	-1.33819340	1.42975569	1.62512127	3.70090572	1.42840886
1.00000000	15.51405254	-20.01816599	-1.40293048	1.48937893	1.67592278	4.11061519	1.32060266

324	236
352	236
336	240
306	240
324	170
352	170
336	170
306	170

709	236
707	231
879	232
898	238
709	167
707	168
879	168
898	167

1214	233
1159	227
1348	228
1425	235
1214	162
1159	163
1348	163
1425	162

718	280
702	264
977	264
1039	280
718	170
702	170
977	170
1039	170

723	207
761	209
708	213
668	211
723	168
761	167
708	167
668	167

651	207
685	208
627	212
592	211
651	168
685	168
627	167
592	167

1805	232
1676	225
1895	226
2054	233
1805	152
1676	154
1895	154
2054	152

982	232
958	226
1121	228
1163	234
982	168
958	168
1121	168
1163	168

1474	234
1407	228
1645	232
1744	239
1474	162
1407	163
1645	163
1744	161

