0.00000000	18.61371241	7.44130235	-1.42283175	1.76277995	0.66219506	0.95543077	0.40844887
1.00000000	16.28755394	-14.98951285	-1.34952257	1.52150571	1.67645796	4.01218910	1.50317132
1.00000000	17.13514328	-9.92797174	-1.36771486	1.55665755	1.68543897	3.87966319	1.45241261
1.00000000	14.57394173	-24.55686746	-1.28119157	1.51384020	1.71254450	4.23299262	1.50756395

305	235
332	234
334	237
305	238
305	167
332	167
334	167
305	167

1222	233
1167	227
1349	228
1426	234
1222	161
1167	162
1349	162
1426	161

963	233
938	227
1106	229
1150	235
963	164
938	165
1106	164
1150	164

1804	231
1675	224
1897	225
2057	232
1804	150
1675	153
1897	152
2057	150

