0.00000000	18.56153764	7.35108476	-1.48101793	1.67054629	0.76483206	1.06066112	2.36699080
1.00000000	17.23452116	-9.99954625	-1.35904406	1.54370189	1.69545679	4.08510095	1.50244379
1.00000000	17.68179693	-4.46368268	-1.41925583	1.64024842	1.68194614	4.26406421	1.41501999
1.00000000	16.42298573	-14.84021576	-1.34539090	1.51061177	1.75316051	4.14320983	1.53140211
1.00000000	15.54457263	-20.00392801	-1.36205314	1.46329904	1.62413418	3.98024101	-1.49642324
1.00000000	14.73863752	-24.57220323	-1.30637966	1.50502992	1.68950966	4.17554535	1.49447608
1.00000000	26.54640800	-3.80830012	-1.28244958	1.52537799	1.64334335	3.47713985	-0.70737010
2.00000000	26.42275660	4.34807727	-1.25802646	1.71520305	0.63253006	1.71680780	-0.02075009

307	241
295	239
335	236
349	238
307	173
295	173
335	173
349	173

963	233
935	227
1106	228
1154	234
963	164
935	165
1106	165
1154	164

707	236
709	230
882	232
899	238
707	166
709	166
882	166
899	165

1211	233
1153	227
1334	227
1415	233
1211	162
1153	163
1334	163
1415	162

1588	227
1703	234
1525	235
1426	228
1588	162
1703	161
1525	161
1426	162

1788	231
1666	225
1886	226
2039	233
1788	152
1666	155
1886	154
2039	152

722	209
759	211
709	215
669	213
722	170
759	170
709	170
669	170

487	213
504	213
496	215
478	215
487	167
504	167
496	166
478	166

