1.00000000	19.59503575	-3.05419972	-1.25500033	1.66248834	1.71779598	4.44866889	1.44363856
1.00000000	19.46907043	-8.50670965	-1.15778659	1.47199965	1.69388919	4.12376492	1.54299605
1.00000000	18.61885598	-18.62236512	-1.15411566	1.48355293	1.63812637	3.83884060	1.46861875
1.00000000	18.14415204	-23.19907891	-1.12623785	1.55468786	1.72378907	4.22422855	1.51206481
1.00000000	28.44629288	-1.71331857	-0.96674440	1.48497510	1.65257642	3.60958168	-0.92947513
1.00000000	28.54476979	1.09533762	-0.95224259	1.47005939	1.57042130	3.42629897	-0.63335222
1.00000000	19.09510211	-13.36535906	-1.12092600	1.53054643	1.66983369	3.96644661	1.56410837
2.00000000	20.40653982	5.68996731	-1.42448376	1.80559516	0.65637435	1.63117882	-0.61780846

640	224
645	220
807	221
817	226
640	160
645	161
807	161
817	160

864	219
844	215
994	216
1028	220
864	162
844	162
994	162
1028	161

1289	216
1238	212
1397	213
1464	217
1289	156
1238	157
1397	157
1464	155

1499	214
1421	210
1596	211
1692	215
1499	149
1421	151
1596	151
1692	148

675	201
703	202
632	204
605	203
675	165
703	164
632	164
605	164

594	201
625	202
571	205
539	204
594	166
625	165
571	165
539	165

1068	217
1030	213
1176	213
1228	217
1068	155
1030	157
1176	157
1228	155

423	228
438	229
391	233
376	232
423	166
438	166
391	165
376	166

