1.00000000	10.35576306	0.59839550	-1.52103851	1.48331022	1.66990004	4.27131684	1.81122553
1.00000000	16.26503969	-14.84042783	-1.35878180	1.55074644	1.62859198	3.99788493	1.47671449
1.00000000	17.07628903	-10.00486299	-1.37303207	1.47299874	1.61771790	3.93150072	1.51860046
1.00000000	17.69634172	-4.55890831	-1.41222642	1.56408119	1.66096609	4.13385598	1.38386500
1.00000000	5.06583044	-6.12511384	-1.55343054	1.38768005	1.55318426	4.06888378	1.54813826

411	301
415	281
695	271
738	288
411	179
415	178
695	177
738	178

1213	233
1162	227
1347	229
1420	235
1213	160
1162	162
1347	161
1420	160

971	234
942	228
1107	229
1154	235
971	168
942	168
1107	168
1154	168

713	235
716	229
885	232
899	238
713	168
716	169
885	169
899	168

1348	434
1148	361
1690	364
2107	440
1348	186
1148	182
1690	183
2107	187

