0.00000000	18.60752231	7.76380238	-1.48438797	1.76764512	0.69212631	1.03036408	0.78313082
1.00000000	16.27276571	-14.96350891	-1.39780543	1.55349874	1.66369143	3.99403729	1.48363602
1.00000000	17.04582917	-10.12638996	-1.39322780	1.52206981	1.63990871	3.67308102	1.41805649
1.00000000	14.58694182	-24.59427824	-1.29420469	1.52832317	1.71753780	4.26949639	1.53291988
1.00000000	15.50307901	-20.00915094	-1.37713049	1.48965657	1.65226381	3.94874999	1.35139072

285	238
312	237
328	239
301	241
285	169
312	169
328	169
301	169

1220	235
1166	229
1351	230
1426	237
1220	162
1166	163
1351	163
1426	162

976	234
953	228
1116	230
1157	236
976	166
953	167
1116	167
1157	166

1810	232
1678	225
1893	226
2055	232
1810	150
1678	153
1893	152
2055	150

1483	233
1413	227
1636	230
1736	237
1483	161
1413	162
1636	161
1736	160

