1.00000000	17.07018300	-10.04925653	-1.36389325	1.51301277	1.66037255	3.98464642	1.47824550
1.00000000	16.32353005	-14.85233495	-1.36061297	1.47672987	1.67406562	4.03493078	1.49968910
1.00000000	5.34858829	-0.09844680	-1.65252731	1.52864099	1.64326759	4.00538099	-1.65187168
1.00000000	17.51218344	-4.47702157	-1.37612460	1.51697481	1.60271682	4.09484349	1.35656404
1.00000000	11.56434260	-23.16950936	-1.13187955	2.27670836	1.97378899	4.89983214	-0.74059451
1.00000000	10.78248526	-0.79193366	-1.51296471	1.57188869	1.67431847	3.65083186	1.71779788
1.00000000	15.49486738	-20.13715945	-1.31049273	1.46930790	1.66463679	3.87469279	-1.50584745

970	233
942	228
1114	229
1159	235
970	166
942	166
1114	166
1159	165

1213	233
1159	227
1342	228
1418	235
1213	164
1159	165
1342	165
1418	164

891	378
981	461
300	440
399	367
891	185
981	191
300	189
399	185

711	234
716	229
885	231
897	237
711	169
716	169
885	169
897	169

1877	221
2097	227
2438	249
2094	239
1877	102
2097	94
2438	62
2094	77

546	291
540	273
768	268
812	284
546	170
540	170
768	170
812	170

1595	225
1713	231
1537	232
1435	226
1595	160
1713	158
1537	158
1435	159

