1.00000000	4.81593640	5.61085249	-1.70770369	1.47807240	1.59203849	4.19856498	2.70314217
1.00000000	16.29204625	-14.84755027	-1.50833414	1.68566728	1.69818605	3.91646310	1.50109482
1.00000000	14.59313192	-24.59466316	-1.29211972	1.51228523	1.72462542	4.23953565	1.52199876
1.00000000	26.58940114	-3.68838812	-1.26574991	1.61824489	1.72985322	3.75019657	-0.80116743

-1187	721
-1128	596
37	358
144	379
-1187	255
-1128	236
37	200
144	204

1218	241
1162	234
1340	235
1417	242
1218	161
1162	162
1340	162
1417	161

1808	231
1677	225
1894	225
2055	232
1808	151
1677	153
1894	153
2055	151

724	209
762	211
698	215
660	213
724	168
762	167
698	167
660	167

