1.00000000	32.06938944	-2.59906869	-1.23973296	1.57513845	1.66416058	4.26935930	1.48055351
1.00000000	31.61962911	-13.32332461	-0.67356728	1.47345173	1.64486844	4.42219157	1.53067064
1.00000000	31.94812223	-8.27022854	-0.92695377	1.44484472	1.52916814	3.94215615	1.53680170
1.00000000	40.94179304	-1.27686199	-0.94689367	1.44894505	1.60894378	3.63013556	-1.18832874

620	206
623	205
718	205
720	207
620	170
623	170
718	170
720	170

872	191
860	190
961	190
978	191
872	156
860	157
961	157
978	156

757	198
751	197
840	197
850	198
757	164
751	165
840	165
850	164

656	194
668	195
609	196
598	195
656	170
668	169
609	169
598	169

