0.00000000	18.55427591	7.32334789	-1.50866209	1.71575058	0.80841050	0.98142404	2.82869267
1.00000000	17.64490981	-4.46831929	-1.43875740	1.55294991	1.64480868	4.25498015	1.43027091
1.00000000	17.07830680	-10.03808222	-1.33881138	1.50778413	1.62149605	3.82187429	1.50284672
1.00000000	26.59261603	-4.01428875	-1.23266659	1.55767024	1.67860028	3.72536308	-0.70616972
1.00000000	14.59882761	-24.54334290	-1.23743842	1.50278437	1.69472538	4.35423098	1.54240692
1.00000000	26.92256476	-1.09265478	-1.18007992	1.52586126	1.63203117	3.32864052	-0.71523786
1.00000000	16.37653928	-14.89055847	-1.33854232	1.65560365	1.66361442	3.80217151	1.53998387
1.00000000	15.43138906	-20.22538624	-1.39751671	1.42330539	1.65809816	3.94519097	-1.01433814
1.00000000	12.99891346	-13.42510801	-1.33087883	1.43482566	1.63283505	3.81565314	1.48151231

323	242
296	241
323	238
349	238
323	172
296	172
323	172
349	172

709	237
709	231
882	233
899	239
709	170
709	170
882	170
899	170

974	232
945	227
1108	228
1154	233
974	165
945	165
1108	165
1154	165

728	208
767	209
713	214
673	212
728	168
767	168
713	167
673	168

1805	229
1674	222
1891	223
2050	229
1805	148
1674	151
1891	151
2050	148

651	207
685	209
629	212
594	211
651	169
685	168
629	168
594	168

1223	232
1165	227
1332	227
1408	233
1223	155
1165	156
1332	156
1408	154

1529	227
1654	232
1636	241
1495	234
1529	166
1654	165
1636	164
1495	165

1298	247
1224	238
1445	240
1552	249
1298	161
1224	163
1445	162
1552	161

