0.00000000	18.56285647	7.33705571	-1.50038169	1.68260717	0.78831284	1.00279113	2.58743787
1.00000000	17.66309864	-4.43150872	-1.43311129	1.51459861	1.64271170	4.23754328	1.43763113
1.00000000	16.30336234	-14.90645471	-1.30596266	1.52150571	1.68422962	4.19330597	1.54863882
1.00000000	17.12609341	-10.00743916	-1.35644887	1.48360145	1.63909134	3.98956882	1.49969912
1.00000000	26.58406308	-4.02824377	-1.22567330	1.51321149	1.65939033	3.73291028	-1.26450717
1.00000000	26.93181791	-1.11630841	-1.16231714	1.52191198	1.63589496	3.37008614	-0.73256475

315	242
295	240
329	237
349	239
315	173
295	173
329	173
349	173

708	236
707	231
880	233
897	239
708	172
707	172
880	172
897	171

1219	231
1160	225
1343	226
1423	232
1219	159
1160	160
1343	160
1423	159

968	233
939	227
1109	228
1155	234
968	167
939	167
1109	167
1155	166

756	208
779	211
684	212
665	210
756	169
779	169
684	169
665	169

652	207
686	208
629	212
594	210
652	168
686	168
629	168
594	168

