0.00000000	18.48297621	7.12334733	-1.52456758	1.77890801	0.74751659	1.10312434	2.58887339
1.00000000	16.90943869	-10.13355381	-1.36953805	1.51339889	1.67778228	4.10663235	1.44623697
1.00000000	16.07353311	-15.06157674	-1.35575722	1.53453398	1.73512180	4.17862942	1.47455454
1.00000000	17.47536408	-4.54138580	-1.46209202	1.57518983	1.67842570	4.21624905	1.37909675
1.00000000	26.80671592	-1.46674608	-1.26756714	1.54126072	1.70214019	3.64240031	-0.70171839
1.00000000	15.27364379	-20.12746679	-1.37423621	1.43434513	1.63078637	3.92598290	1.36096537
1.00000000	14.23750426	-24.80537589	-1.24572514	1.58434701	1.75693615	4.51243081	1.39055634
1.00000000	26.35892065	-4.22089100	-1.31145857	1.54280865	1.66855047	3.67126151	-2.09053802
1.00000000	3.03260904	-23.45388532	-1.45678673	1.49939358	1.60985809	3.36684804	-1.61120284

320	243
301	241
338	238
358	239
320	170
301	170
338	170
358	170

972	234
946	228
1127	230
1173	236
972	166
946	166
1127	166
1173	165

1228	234
1172	228
1368	229
1449	236
1228	161
1172	162
1368	162
1449	160

712	238
715	232
890	235
904	241
712	170
715	170
890	170
904	170

662	209
698	211
639	215
601	213
662	170
698	170
639	170
601	170

1504	234
1431	228
1655	231
1758	238
1504	163
1431	164
1655	163
1758	162

1812	229
1691	222
1974	225
2142	232
1812	144
1691	147
1974	146
2142	142

785	213
771	216
672	213
690	211
785	170
771	170
672	170
690	170

5841	414
10309	621
8444	591
4973	405
5841	103
10309	44
8444	52
4973	106

