0.00000000	18.01512869	6.72442035	-1.39996431	1.77677584	0.69598414	1.13290839	-2.99327111
0.00000000	17.70278153	7.43049069	-1.37130771	1.85638762	0.67307784	1.15492430	-0.36723462
0.00000000	31.35007557	16.36642908	-0.78172110	1.90390706	0.59215293	0.46732159	1.14285648
0.00000000	39.71007498	12.56906108	-0.84019278	1.85166574	0.66615610	0.61767713	-0.26904455
0.00000000	13.12128870	10.70074031	-1.26540945	1.80701327	0.66306175	1.02849258	3.06269312
0.00000000	39.17998766	13.70929668	-0.81817589	1.85799503	0.65611099	0.61531306	-1.99832547
0.00000000	33.07072238	11.77120209	-0.92665575	1.76367307	0.78416969	0.98218032	-0.09586446
0.00000000	18.48900946	6.19306062	-1.42081211	1.79927671	0.69133577	1.10640494	-3.13525867
0.00000000	35.05177749	0.52612706	-1.30446694	1.70195758	0.74315824	1.37926826	0.21730378
0.00000000	34.95675890	1.16033554	-1.29055284	1.70970225	0.70296157	1.03147767	-0.38675517
1.00000000	24.81037692	-19.22531002	-2.05778710	1.52352297	1.64395492	3.84403091	-3.11972237
1.00000000	24.08587807	-16.34579897	-1.94873295	1.41505647	1.56232589	3.33897942	0.07532171
1.00000000	24.31789699	-13.78465954	-1.92829965	1.51073074	1.56349540	3.37213654	0.05465785
1.00000000	37.23528762	-0.74326114	-1.23791323	1.42842460	1.52146157	3.12056981	0.07751583

346	235
315	235
327	232
355	231
346	162
315	161
327	163
355	163

309	231
330	232
295	236
273	235
309	159
330	158
295	157
273	157

221	198
233	197
240	197
228	198
221	154
233	154
240	154
228	154

376	193
386	193
380	193
369	193
376	160
386	160
380	160
369	160

4	253
-30	253
22	248
55	248
4	149
-30	149
22	152
55	152

362	193
354	193
345	193
354	193
362	159
354	159
345	159
354	160

346	198
362	198
353	198
336	198
346	160
362	160
353	160
336	160

370	234
342	234
357	231
384	231
370	162
342	162
357	163
384	163

583	201
597	201
603	202
588	202
583	167
597	167
603	167
588	167

578	201
591	201
582	202
569	202
578	167
591	167
582	166
569	167

1232	231
1182	231
1095	223
1139	223
1232	183
1182	183
1095	183
1139	183

1034	223
1075	223
1154	229
1107	230
1034	184
1075	184
1154	184
1107	184

960	223
1002	223
1067	229
1020	230
960	181
1002	181
1067	182
1020	182

601	198
629	198
636	199
606	199
601	172
629	172
636	171
606	171

