0.00000000	11.02458803	0.57181057	-1.59224067	1.86388707	0.86817781	1.07483746	-2.44021320
0.00000000	12.41539528	-0.84887053	-1.54689477	1.84733653	0.86588640	1.09587751	-2.51783657
0.00000000	11.42988456	-0.07144526	-1.57995651	1.78691435	0.83141013	1.03090625	-2.42583942
0.00000000	31.37654505	16.42329567	-0.68345879	1.97168875	0.62744112	0.49078257	1.26424038
0.00000000	7.33377745	-2.64786921	-1.65522383	1.76602030	0.80712689	1.06047502	-2.42931342
1.00000000	24.79934943	-19.22331107	-2.04051707	1.52704406	1.64620892	3.86109289	-3.12178349
1.00000000	24.05783001	-16.33895008	-1.94001828	1.42593861	1.57557491	3.30908769	0.08175997
1.00000000	24.29558854	-13.76042366	-1.93513535	1.51477873	1.58466477	3.41186712	0.06356528
1.00000000	37.36050254	-0.82080992	-1.27418635	1.45841169	1.58890203	3.32694054	0.07565394
2.00000000	25.95682897	5.43004086	-1.46158360	1.72878540	0.72945450	1.64007466	-2.99726892
2.00000000	26.40727947	4.24126073	-1.40858922	1.77995849	0.69500459	1.66054086	-2.89519238

613	279
567	284
525	277
570	272
613	154
567	153
525	155
570	156

696	264
657	267
616	261
654	258
696	154
657	153
616	155
654	156

653	274
613	279
570	272
609	268
653	159
613	158
570	159
609	160

219	195
231	195
239	195
228	195
219	150
231	151
239	151
228	150

948	336
908	349
805	330
848	320
948	155
908	153
805	156
848	157

1233	230
1182	230
1096	223
1139	223
1233	182
1182	182
1096	182
1139	182

1034	223
1076	223
1154	229
1107	229
1034	183
1076	183
1154	184
1107	184

959	223
1001	223
1068	230
1020	230
959	181
1001	181
1068	182
1020	182

602	198
631	198
638	200
607	200
602	172
631	172
638	171
607	171

463	218
442	218
446	216
466	216
463	169
442	169
446	169
466	169

501	215
481	215
478	213
496	213
501	166
481	165
478	166
496	166

