0.00000000	6.95561735	-4.43818820	-1.69734762	1.81601143	0.75628224	0.99874978	-2.37764263
0.00000000	17.31199842	5.63734707	-1.41239307	1.69736695	0.72691417	0.94405224	0.25830099
0.00000000	11.06369872	1.62686298	-1.57753633	1.80641305	0.89812271	0.97362854	0.35281342
0.00000000	31.29525687	16.41313904	-0.71404527	1.95262694	0.62489847	0.49420293	1.06599963
0.00000000	7.61508377	-5.07644603	-1.66907917	1.72967279	0.68135646	0.95997586	-2.32177234
0.00000000	15.16886259	-4.75746330	-1.59229050	1.90597057	0.74064245	1.01515596	2.97977924
1.00000000	24.76462314	-19.18775345	-2.06055437	1.52180707	1.67001643	3.84198804	-3.11372256
1.00000000	24.29046882	-13.78920329	-2.00768946	1.50616491	1.55688116	3.39946715	0.05777473
1.00000000	24.04081947	-16.31625012	-1.96736101	1.42198718	1.61322465	3.43685589	0.14579396
1.00000000	37.27012684	-0.75809328	-1.32857118	1.48058069	1.55537677	3.31791420	0.05752663

1155	347
1139	361
1009	342
1033	330
1155	150
1139	148
1009	151
1033	153

356	234
387	234
385	237
352	237
356	165
387	165
385	164
352	164

464	275
521	272
536	280
475	283
464	159
521	160
536	158
475	157

218	196
232	196
239	196
225	196
218	151
232	152
239	151
225	151

1162	327
1154	338
1038	324
1053	315
1162	158
1154	156
1038	158
1053	160

855	249
817	248
810	244
846	244
855	154
817	155
810	156
846	156

1233	231
1182	231
1095	223
1139	223
1233	183
1182	183
1095	183
1139	183

960	225
1002	225
1068	232
1021	232
960	184
1002	184
1068	184
1021	184

1030	224
1071	223
1158	230
1113	231
1030	184
1071	184
1158	185
1113	185

601	199
630	199
636	201
605	201
601	172
630	172
636	172
605	172

