0.00000000	7.35222352	-5.45536593	-1.66781459	1.77250528	0.93804865	0.99293935	-2.09822655
0.00000000	5.87126079	-2.16222562	-1.71250139	1.78184271	0.76234913	1.00161080	3.11936593
0.00000000	15.06024034	4.67750650	-1.46223901	1.80985975	0.66170034	1.01032634	0.26078185
0.00000000	15.51865026	4.00946015	-1.47347305	1.81818080	0.64347065	1.06860431	0.34223574
0.00000000	16.19166700	3.37771616	-1.48924766	1.81693017	0.67233953	1.10452512	-2.60662460
0.00000000	31.39419054	16.41046624	-0.79671166	1.87238157	0.55532130	0.50304316	1.28491139
0.00000000	42.32718317	14.99330872	-0.82988129	1.81363797	0.68235225	0.91407628	0.26987705
0.00000000	35.32789381	-2.78461356	-1.42520342	1.76175666	0.74992478	1.41009845	0.04546116
1.00000000	24.07570136	-16.33374628	-2.00910233	1.46726286	1.60027821	3.23117940	0.04704578
1.00000000	24.74810701	-19.15378257	-2.09644512	1.52073383	1.67110374	3.76283746	-3.07836533
1.00000000	24.28066605	-13.78904895	-1.97239159	1.53301358	1.61056926	3.36683110	0.02912946
1.00000000	37.32279476	-0.81427474	-1.32076738	1.38784087	1.58110543	3.41017968	0.00574270
2.00000000	7.62466631	4.33081075	-1.57230494	1.70765400	0.62384139	1.70449003	3.11533380

1210	327
1234	346
1100	334
1091	318
1210	153
1234	150
1100	152
1091	155

965	403
858	402
818	366
908	366
965	153
858	154
818	158
908	158

366	245
398	244
397	248
362	249
366	160
398	160
397	159
362	159

401	243
431	242
437	246
405	247
401	160
431	160
437	159
405	159

477	243
448	244
432	241
461	239
477	160
448	160
432	161
461	162

220	198
230	198
239	198
229	198
220	155
230	155
239	155
229	155

345	192
357	192
356	193
344	193
345	162
357	162
356	162
344	162

651	203
665	203
669	204
654	204
651	168
665	168
669	167
654	167

1035	225
1078	225
1152	231
1103	231
1035	184
1078	184
1152	185
1103	185

1232	232
1183	232
1094	225
1137	224
1232	184
1183	184
1094	184
1137	184

961	224
1005	224
1068	231
1018	231
961	182
1005	182
1068	182
1018	182

604	199
633	199
636	201
604	201
604	174
633	174
636	173
604	173

165	348
98	347
207	312
261	313
165	160
98	160
207	164
261	164

