0.00000000	11.66727668	1.23845653	-1.56980012	1.86284518	0.90183129	1.01893403	-2.51240444
0.00000000	31.36658669	16.36508640	-0.71456478	1.95827556	0.61740005	0.51778214	0.88730019
0.00000000	10.61053402	-4.21841521	-1.61482046	1.79044247	0.79739533	1.02177615	-2.76154137
0.00000000	13.17995222	-0.19922006	-1.53238688	1.83868325	0.83456337	1.05957679	-2.45484185
0.00000000	12.19241619	0.57194107	-1.56317292	1.78457618	0.83898502	1.01664670	-2.44412136
0.00000000	24.81170955	8.90208295	-1.25417874	1.81068265	0.80989787	1.12171863	3.05371451
0.00000000	6.83474917	-3.30355544	-1.70649646	1.81928051	0.76763857	1.01632735	-2.42498231
1.00000000	24.79864673	-19.20732887	-2.04639504	1.56149733	1.66351717	3.93457664	-3.12759948
1.00000000	24.08060275	-16.32628441	-1.94347141	1.46441591	1.58192327	3.38721432	0.11091302
1.00000000	24.28767556	-13.78973911	-1.93468903	1.52270329	1.56126665	3.43947662	0.05442530
1.00000000	37.13618580	-0.81281662	-1.36249493	1.49271297	1.54741391	3.39583190	-0.07119070
2.00000000	22.20996305	5.43589090	-1.41228221	1.82005215	0.81404526	1.74000028	-2.98041487
2.00000000	23.13437462	4.43622689	-1.43861840	1.82701921	0.83361315	1.79509097	-2.80324864

570	272
520	277
489	270
537	266
570	155
520	153
489	155
537	156

221	196
235	196
240	196
226	196
221	151
235	152
240	151
226	151

945	282
902	285
850	276
891	273
945	155
902	155
850	157
891	158

653	258
618	261
581	256
615	253
653	156
618	154
581	156
615	157

610	267
570	271
534	265
573	262
610	160
570	159
534	160
573	161

351	215
328	215
343	213
365	213
351	161
328	161
343	162
365	162

1043	353
1012	368
894	346
930	335
1043	152
1012	150
894	153
930	155

1233	230
1182	230
1094	223
1138	223
1233	181
1182	181
1094	181
1138	181

1032	223
1072	223
1155	229
1109	230
1032	182
1072	182
1155	183
1109	183

960	223
1002	223
1069	230
1021	230
960	181
1002	181
1069	181
1021	181

606	200
635	200
633	202
602	202
606	173
635	173
633	172
602	172

440	224
412	224
418	221
444	220
440	163
412	163
418	164
444	164

484	222
457	223
450	219
475	219
484	164
457	163
450	165
475	165

