0.00000000	15.97204208	5.77327578	-1.42960272	1.80036402	0.73438765	1.07399108	0.44415566
0.00000000	16.39385474	5.06526545	-1.45176790	1.76469994	0.72343412	1.00598743	0.40019673
0.00000000	31.29756325	16.37025130	-0.80845545	1.90943670	0.64387596	0.61822581	0.61482394
0.00000000	6.39163130	-1.43200473	-1.67703794	1.75651789	0.79729675	1.02779481	1.75153220
0.00000000	17.05028634	4.46265622	-1.46580098	1.73843217	0.72831488	1.03548436	0.32974792
0.00000000	6.43418588	-6.02358893	-1.66973732	1.81142354	0.90358775	1.02025702	-2.33076549
0.00000000	41.08306232	14.43181289	-0.86238120	1.86285818	0.68543098	0.79088203	0.02764561
0.00000000	41.38420005	13.26389564	-0.93549607	1.79949820	0.72017398	0.85903924	0.24220717
1.00000000	24.78010780	-19.20047873	-2.11261360	1.55022192	1.67007744	3.92209323	-3.11476445
1.00000000	24.07608785	-16.36622140	-1.95093606	1.43455386	1.57926741	3.29560920	0.08504730
1.00000000	24.30443764	-13.76843703	-1.93699823	1.49747729	1.58182571	3.35571295	0.06837693
1.00000000	36.81198672	-0.84552514	-1.34464798	1.45218706	1.47311013	2.97929927	0.11181506

324	240
359	239
364	243
328	244
324	160
359	161
364	160
328	159

364	239
396	238
401	241
367	243
364	163
396	163
401	162
367	162

220	198
237	198
239	198
222	198
220	155
237	155
239	154
222	154

736	378
704	353
810	349
856	371
736	156
704	159
810	159
856	156

399	237
430	236
434	239
401	240
399	165
430	165
434	164
401	164

1386	353
1400	374
1224	352
1229	336
1386	144
1400	139
1224	144
1229	147

349	193
361	193
357	193
345	194
349	161
361	161
357	161
345	161

369	194
382	194
381	194
368	194
369	163
382	163
381	163
368	163

1234	232
1183	233
1094	225
1138	225
1234	184
1183	184
1094	183
1138	183

1035	223
1076	223
1155	229
1108	230
1035	183
1076	183
1155	184
1108	184

959	223
1001	223
1068	230
1020	230
959	182
1001	182
1068	182
1020	182

603	200
630	200
639	202
609	202
603	173
630	173
639	172
609	172

