0.00000000	12.30751966	-4.13138490	-1.59437666	1.82964325	0.75961775	1.02795072	0.26835996
0.00000000	31.33848592	16.38094500	-0.67942546	1.97731566	0.62404032	0.47876258	1.27703595
0.00000000	10.13883164	-0.50783157	-1.58048187	1.80705619	0.77461514	1.09998717	-1.42672169
0.00000000	10.41795643	-1.25965570	-1.57564841	1.72073483	0.71638454	1.01495589	-1.24986315
0.00000000	11.22427991	-1.88399365	-1.52328835	1.82073700	0.73966180	1.06592727	-2.95311522
0.00000000	8.18895164	-1.60400742	-1.60972474	1.78302026	0.73162066	1.04951890	-2.48534656
1.00000000	24.81465340	-19.22611249	-2.05749355	1.53324854	1.65655252	3.87656249	-3.12351966
1.00000000	24.07761373	-16.32664706	-1.94461540	1.41170990	1.57299716	3.29847493	0.07884548
1.00000000	37.26196540	-0.83714535	-1.37095688	1.43923473	1.55720836	3.38079114	0.02151310
1.00000000	24.31122127	-13.78775270	-1.92640553	1.52391255	1.60312151	3.35324407	0.06758071
2.00000000	31.64857563	5.46877510	-1.36503170	1.75853658	0.66111300	1.71689862	-3.13361049
2.00000000	31.84515552	4.45217333	-1.35990522	1.72690392	0.70266669	1.68391074	-3.03133297
2.00000000	22.77096447	-2.22792123	-1.50994061	1.87923515	0.69878517	1.45119821	0.48910177

813	261
851	259
888	266
848	268
813	156
851	157
888	155
848	154

220	195
231	195
240	195
229	195
220	150
231	150
240	150
229	150

675	280
689	288
608	290
600	282
675	156
689	154
608	154
600	156

715	276
739	283
672	286
652	279
715	161
739	160
672	160
652	161

765	273
717	274
694	266
738	265
765	150
717	150
694	152
738	153

812	317
768	325
695	310
738	303
812	153
768	151
695	154
738	155

1233	231
1182	231
1095	223
1139	223
1233	183
1182	183
1095	182
1139	182

1034	223
1075	223
1153	229
1106	230
1034	184
1075	184
1153	184
1106	184

604	200
632	200
637	202
605	202
604	174
632	174
637	173
605	173

959	223
1002	223
1068	229
1020	229
959	181
1002	181
1068	181
1020	181

485	208
469	208
476	207
491	207
485	167
469	167
476	168
491	168

511	207
495	207
497	206
512	206
511	168
495	168
497	168
512	168

653	220
671	220
697	222
678	222
653	162
671	162
697	161
678	161

