0.00000000	13.31237617	4.00329138	-1.53672133	1.73529446	0.69876729	0.95477308	0.66149879
0.00000000	31.40044714	16.40468899	-0.71387957	1.93562746	0.64123245	0.55189713	0.92354196
0.00000000	14.31383585	3.00756505	-1.54717300	1.75258088	0.77399870	0.95186641	0.62434489
0.00000000	41.90010021	13.31308264	-0.92008839	1.78052831	0.75554228	0.94652254	0.28072083
0.00000000	35.29681156	-18.69647252	-1.82439141	1.73767567	0.72022237	0.77769537	1.64088917
1.00000000	24.79343665	-19.21931191	-2.04520140	1.54348576	1.66594057	3.93990655	-3.13166881
1.00000000	24.10784270	-16.34233939	-1.94145070	1.44324136	1.58768061	3.37836115	0.07344662
1.00000000	24.31621552	-13.78046462	-1.92945538	1.51529634	1.59530451	3.44405112	0.05579033
1.00000000	37.24652592	-0.79883525	-1.32112740	1.40960455	1.54307955	3.27036600	0.04196188

360	258
396	256
416	260
378	263
360	165
396	165
416	165
378	164

219	196
234	196
240	196
225	196
219	152
234	152
240	152
225	151

425	252
461	250
482	254
445	257
425	165
461	165
482	164
445	164

370	194
384	194
383	194
370	194
370	164
384	164
383	163
370	163

978	207
969	207
984	207
993	207
978	172
969	172
984	172
993	172

1234	230
1182	230
1095	223
1139	223
1234	182
1182	182
1095	182
1139	182

1033	223
1075	223
1154	229
1106	229
1033	183
1075	183
1154	183
1106	183

959	223
1001	223
1069	229
1020	230
959	181
1001	181
1069	182
1020	182

603	199
631	199
636	201
605	201
603	173
631	173
636	173
605	173

