0.00000000	35.63108946	-18.34654118	-1.83014665	1.76423001	0.75788663	0.76990496	1.58225977
0.00000000	14.44640662	8.14619817	-1.32364617	1.80964983	0.65028950	1.04937906	3.12867546
0.00000000	31.31030484	16.38698578	-0.73983906	1.91977525	0.58643477	0.49098424	1.44716895
0.00000000	10.58455894	-0.51050437	-1.59400080	1.78018844	0.80157275	0.99999552	0.52778757
1.00000000	24.80213266	-19.23489131	-2.05867658	1.55060661	1.68912050	3.94809466	-3.12759614
1.00000000	24.10226621	-16.34623628	-1.95322071	1.44825721	1.58624210	3.37932549	0.08285492
1.00000000	24.28196355	-13.78311233	-1.93385599	1.52819037	1.59157750	3.41848072	0.04740183
1.00000000	37.16160875	-0.75748092	-1.33070324	1.45800471	1.54046181	3.19294898	0.03322240

967	207
959	207
974	207
983	207
967	172
959	172
974	172
983	172

198	247
164	247
196	242
228	242
198	153
164	153
196	155
228	155

220	197
228	196
239	196
230	197
220	152
228	153
239	153
230	152

600	279
646	275
685	284
637	288
600	159
646	160
685	158
637	157

1235	231
1182	231
1095	223
1139	223
1235	182
1182	182
1095	182
1139	182

1033	223
1074	223
1155	230
1107	230
1033	183
1074	183
1155	183
1107	183

960	223
1003	223
1069	230
1020	230
960	181
1003	181
1069	181
1020	181

602	200
631	200
635	201
604	201
602	173
631	173
635	172
604	172

