0.00000000	13.61249999	0.27727830	-1.52278123	1.77567410	0.84856592	1.01313160	-2.52645421
0.00000000	31.36487760	16.37518782	-0.73244474	1.97144938	0.65405314	0.64351343	0.73071980
0.00000000	12.66665082	0.95579750	-1.53185282	1.79773462	0.80947194	1.00638537	-2.48701286
0.00000000	25.43233821	9.03322320	-1.29610513	1.85027122	0.79049052	1.13547860	3.13730478
0.00000000	12.03726844	1.61397583	-1.57508526	1.84182239	0.85365419	1.01512961	-2.87978363
0.00000000	10.14707026	-4.24306016	-1.61767290	1.72792029	0.80476788	0.98040010	-2.37810040
0.00000000	6.51918210	-3.57898662	-1.71888528	1.85889387	0.76551226	1.00944521	-2.39179993
1.00000000	24.81437733	-19.22223693	-2.06320975	1.54206753	1.66259016	3.89272226	-3.11217690
1.00000000	24.06675188	-16.31382892	-1.98288141	1.44723654	1.57093296	3.31341342	0.07947723
1.00000000	24.30543147	-13.77224420	-1.98356120	1.57834315	1.58527258	3.50880184	0.05100613
1.00000000	37.11963202	-0.59545166	-1.34150837	1.47139728	1.56587974	3.29673290	0.08299232
2.00000000	31.73777179	3.09805619	-1.36639355	1.90924335	0.64239126	1.79267243	-0.10250966
2.00000000	20.16047929	5.51293273	-1.39443896	1.77121603	0.81127725	1.82957618	-2.79429054
2.00000000	21.28708488	4.66566086	-1.42183755	1.77728939	0.82092418	1.85781608	-2.72449613

625	255
587	258
557	253
594	251
625	159
587	159
557	160
594	161

220	196
236	196
240	196
224	197
220	151
236	152
240	151
224	151

587	262
547	266
516	260
554	257
587	158
547	157
516	158
554	159

355	215
332	215
344	214
366	214
355	162
332	162
344	163
366	163

539	272
486	274
480	266
529	264
539	157
486	156
480	158
529	159

960	285
937	291
864	283
890	278
960	160
937	159
864	160
890	161

1097	363
1072	380
940	357
972	343
1097	147
1072	144
940	148
972	151

1233	231
1183	231
1094	223
1138	223
1233	183
1183	183
1094	182
1138	182

1034	224
1075	224
1153	231
1106	231
1034	184
1075	184
1153	184
1106	184

959	224
1001	224
1069	231
1020	231
959	181
1001	181
1069	181
1020	181

598	200
626	200
634	202
603	202
598	173
626	173
634	172
603	172

531	206
545	206
537	207
522	207
531	164
545	164
537	163
522	163

426	228
395	229
391	225
420	224
426	162
395	162
391	164
420	164

468	226
439	226
427	223
454	222
468	164
439	163
427	165
454	165

