0.00000000	35.22621456	-17.70096453	-1.67796848	1.74001026	0.76209511	0.77514123	1.45970273
0.00000000	31.35713778	16.42628469	-0.74496756	1.91052222	0.61391349	0.57266719	1.19645905
0.00000000	12.78591031	3.25687308	-1.54902993	1.81159353	0.76165089	0.90085919	0.57454348
0.00000000	43.14503921	13.65035961	-0.87171064	1.85872507	0.67011769	1.22993204	0.24467368
1.00000000	24.78461767	-19.21241472	-2.05666475	1.54572797	1.67285486	3.89465219	-3.12706971
1.00000000	24.06186556	-16.37233245	-1.94326125	1.43836904	1.57588516	3.31725196	0.07125909
1.00000000	24.30249515	-13.77790602	-1.91360865	1.54066002	1.58042139	3.39691012	0.06776109
1.00000000	37.30904680	-0.80352833	-1.29603956	1.40045786	1.54779287	3.34410699	0.04243982

957	205
951	204
967	204
973	205
957	169
951	169
967	169
973	169

218	197
230	196
240	197
228	197
218	153
230	153
240	153
228	153

392	262
433	259
451	264
407	267
392	160
433	161
451	160
407	159

373	192
384	192
383	193
371	193
373	162
384	162
383	162
371	162

1233	231
1182	231
1095	223
1139	223
1233	182
1182	182
1095	182
1139	182

1035	223
1077	223
1155	229
1108	230
1035	183
1077	183
1155	183
1108	183

959	223
1001	222
1068	229
1021	229
959	180
1001	180
1068	180
1021	180

603	199
631	199
636	201
606	201
603	173
631	173
636	173
606	173

