0.00000000	6.13161827	-5.36734681	-1.68626354	1.79184723	0.82679885	0.97164692	-2.38799095
0.00000000	31.33447045	16.37616408	-0.74371562	1.92183948	0.63250998	0.62377845	0.94901824
0.00000000	11.87254379	2.34227933	-1.58241103	1.80956697	0.88769213	0.96146323	0.48515239
0.00000000	35.38919750	-16.14574068	-1.71624313	1.72565126	0.82259233	0.76747372	1.43869126
0.00000000	16.37212226	4.73260127	-1.46330390	1.72550213	0.83907976	0.85958674	0.40333557
0.00000000	15.60973368	-5.23105421	-1.56952093	1.80350947	0.70294306	0.86660942	2.83111668
1.00000000	24.07474518	-16.33578351	-1.94245730	1.44120550	1.57479518	3.35594384	0.08521448
1.00000000	24.77867729	-19.19220811	-2.06063930	1.53974366	1.64734705	3.90607683	3.13821769
1.00000000	24.30997648	-13.78360422	-1.90071152	1.53094292	1.55497758	3.36994403	0.04865814
1.00000000	37.16451243	-0.79344197	-1.36893175	1.51813006	1.56319518	3.23602024	0.04780942

1348	367
1347	388
1177	363
1193	347
1348	147
1347	143
1177	148
1193	151

219	197
234	196
241	197
226	197
219	153
234	153
241	153
226	152

428	269
480	266
498	273
444	276
428	161
480	161
498	160
444	159

923	206
918	205
934	205
940	206
923	171
918	171
934	171
940	171

375	240
413	239
418	242
379	243
375	165
413	165
418	164
379	164

865	245
830	244
830	241
863	242
865	159
830	159
830	160
863	160

1033	223
1075	223
1155	229
1108	230
1033	183
1075	183
1155	183
1108	183

1232	231
1180	231
1095	223
1140	223
1232	183
1180	183
1095	182
1140	182

960	222
1002	222
1067	228
1019	229
960	180
1002	180
1067	180
1019	180

602	200
631	200
637	202
605	202
602	172
631	172
637	172
605	172

