0.00000000	31.35711770	16.39270030	-0.74725006	1.94093275	0.58028247	0.40878501	1.42416859
0.00000000	13.85874372	10.79038570	-1.24488137	1.85021544	0.68582336	1.15267368	3.08598590
0.00000000	39.23190769	12.42017997	-0.85422395	1.82498348	0.60616202	0.56800285	0.29163194
0.00000000	33.76532354	12.44425021	-0.84266828	1.80497169	0.71720112	0.89537799	-0.00719815
0.00000000	18.39458942	7.87860971	-1.28762506	1.83580697	0.67861990	1.23092626	-0.00816934
0.00000000	38.98873580	13.30175902	-0.84162210	1.88203681	0.61531561	0.57169622	-0.66615129
1.00000000	24.80956379	-19.23167141	-2.05058543	1.51506937	1.63327283	3.88460316	-3.13897419
1.00000000	24.07395965	-16.33879009	-1.93080280	1.41082919	1.55854978	3.30716340	0.06831896
1.00000000	24.28700798	-13.78676766	-1.89682696	1.47977078	1.54963418	3.33190529	0.07073709
1.00000000	37.15918441	-0.81354693	-1.33253835	1.49948382	1.56019267	3.17959315	0.07357556
1.00000000	36.40611046	1.78373236	-1.26317916	1.43452191	1.52258700	2.76757008	0.37944576

221	197
230	197
238	197
230	197
221	152
230	153
238	153
230	152

32	248
-3	248
49	243
82	243
32	147
-3	147
49	150
82	150

372	193
383	193
383	194
372	194
372	160
383	161
383	160
372	160

336	196
351	196
344	196
329	196
336	158
351	158
344	158
329	158

294	227
319	227
299	230
271	230
294	157
319	157
299	155
271	155

361	194
368	194
359	194
352	194
361	159
368	159
359	159
352	159

1232	230
1181	230
1096	223
1140	223
1232	183
1181	183
1096	183
1140	183

1035	223
1076	223
1153	229
1106	229
1035	183
1076	183
1153	184
1106	184

960	222
1001	222
1068	228
1021	229
960	181
1001	181
1068	182
1021	182

602	200
631	200
638	201
607	201
602	172
631	172
638	171
607	171

546	200
574	199
592	201
563	201
546	172
574	172
592	172
563	172

