0.00000000	20.27634696	8.97761897	-1.19928096	1.87895131	0.69072105	1.28193356	-3.13992405
0.00000000	31.32634916	16.36254913	-0.73227940	1.94465578	0.60469045	0.47085113	1.26767409
0.00000000	15.88777492	10.89750591	-1.21854947	1.82709384	0.58625235	1.00674339	3.07465172
0.00000000	37.76019749	11.77533300	-0.92686115	1.83453751	0.65994694	0.62024915	-0.10011336
0.00000000	37.28745360	12.67891432	-0.86773453	1.86923099	0.63020073	0.64788178	-0.59011018
0.00000000	36.93715397	2.86632086	-1.28651879	1.78887606	0.59716321	0.95232568	1.08997607
0.00000000	36.06890879	2.71638067	-1.31528018	1.79440844	0.55058151	1.08514161	0.39397094
0.00000000	35.75799089	13.45302933	-0.77880309	1.90087759	0.67244423	0.81415294	-1.83518755
0.00000000	35.38000458	3.34481691	-1.31913124	1.81650651	0.59835248	1.12709011	0.00801087
0.00000000	20.71057997	7.60237794	-1.27440451	1.86130822	0.75388268	1.21101133	2.95970631
1.00000000	24.77836107	-19.23080495	-2.05523286	1.52452338	1.65187779	3.87476055	-3.13388467
1.00000000	24.08214117	-16.34894358	-1.93682192	1.41580796	1.56494897	3.32730632	0.08119310
1.00000000	3.25113190	2.72253689	-1.63442109	1.49018097	1.67541190	3.88036245	-0.01581894
1.00000000	24.26513371	-13.78504603	-1.91072653	1.50471640	1.54456167	3.33474404	0.08231395
1.00000000	37.24163206	-0.84309076	-1.33512960	1.45850408	1.53470212	3.26839529	0.07832994

288	222
263	222
284	219
308	219
288	153
263	153
284	155
308	155

220	196
231	196
240	196
229	197
220	152
231	152
240	152
229	152

104	237
78	237
114	233
139	234
104	151
78	151
114	153
139	153

377	195
389	195
385	196
372	196
377	161
389	161
385	161
372	161

362	195
370	195
359	195
352	195
362	159
370	159
359	159
352	159

537	201
543	200
559	201
553	201
537	166
543	166
559	166
553	166

541	201
552	201
558	202
548	202
541	166
552	166
558	166
548	166

346	194
338	194
324	194
332	194
346	156
338	156
324	156
332	156

531	202
543	202
541	203
529	203
531	166
543	166
541	166
529	166

341	223
316	223
340	220
363	221
341	156
316	157
340	158
363	158

1233	231
1182	231
1096	223
1140	223
1233	183
1182	183
1096	182
1140	182

1034	223
1075	223
1154	229
1107	229
1034	183
1075	183
1154	184
1107	184

100	410
341	412
-746	1334
-1893	1303
100	195
341	195
-746	253
-1893	251

960	223
1001	222
1069	229
1022	229
960	181
1001	181
1069	181
1022	181

603	200
631	200
638	201
608	201
603	173
631	173
638	172
608	172

