0.00000000	13.74510464	-1.23871753	-1.53044687	1.77794337	0.66149352	1.05506229	-2.85131669
0.00000000	15.27785000	0.12770954	-1.49278210	1.83555424	0.70905058	1.12867167	-3.03467727
0.00000000	14.63449754	0.75865043	-1.51960323	1.85207653	0.70890533	1.19464735	0.55706578
0.00000000	13.31809320	-0.61299926	-1.52468977	1.87974834	0.70742533	1.10657074	-2.85074806
0.00000000	34.49518053	12.01890644	-0.94179795	1.85323143	0.70620681	0.88879850	0.00603278
0.00000000	15.31821176	-0.50210200	-1.49447010	1.79356647	0.72780212	1.25319417	0.40757507
0.00000000	37.56690527	15.18702256	-0.70964764	1.78609622	0.56380677	0.55283034	2.93105316
0.00000000	41.02511155	15.61269258	-0.66506622	1.92107415	0.63999464	0.48778100	0.08279369
0.00000000	28.11916502	8.58334240	-1.24126170	1.70538664	0.78783255	1.05199186	0.14352654
0.00000000	41.24747076	14.93263245	-0.69689105	1.92761207	0.64481618	0.45333030	-3.00885940
0.00000000	34.44823968	11.01490322	-1.04315470	1.72189116	0.75155261	0.99324796	0.27417257
0.00000000	30.82065833	17.58123197	-0.70438526	2.06621528	0.80253521	0.68092903	0.49625424
1.00000000	24.77098515	-19.24676268	-2.14277528	1.53150010	1.65327066	3.85041488	-3.11284280
1.00000000	24.05489620	-16.35849288	-1.97934447	1.46576810	1.59414175	3.33570556	0.07053822
1.00000000	24.30832261	-13.78303954	-1.97182171	1.51570511	1.58480688	3.40830841	0.04386846
1.00000000	37.27191875	-0.09744293	-1.37268363	1.40369606	1.53033922	3.07873958	0.11944012
2.00000000	28.48144330	8.10492415	-1.23521481	1.67758524	0.76883686	1.53979738	0.20364407

698	255
665	256
645	251
676	250
698	158
665	158
645	160
676	160

619	246
585	247
580	242
613	241
619	156
585	156
580	158
613	158

539	247
569	246
598	250
567	252
539	158
569	158
598	157
567	156

668	258
630	259
612	253
647	252
668	152
630	152
612	154
647	154

351	197
365	197
359	198
344	198
351	160
365	160
359	159
344	159

601	242
631	241
658	245
626	247
601	159
631	160
658	158
626	158

316	192
307	192
313	192
323	192
316	158
307	158
313	159
323	158

327	190
339	190
336	190
325	190
327	157
339	157
336	157
325	157

377	209
398	208
394	210
373	210
377	166
398	166
394	165
373	165

350	191
338	191
340	191
352	190
350	157
338	157
340	157
352	157

368	199
384	199
383	200
366	200
368	164
384	164
383	164
366	164

185	196
206	196
206	196
184	197
185	149
206	149
206	148
184	148

1235	233
1184	233
1096	226
1140	226
1235	185
1184	185
1096	185
1140	185

1035	224
1077	224
1156	230
1107	231
1035	183
1077	183
1156	184
1107	184

960	224
1002	224
1068	231
1019	231
960	182
1002	182
1068	183
1019	183

588	201
616	200
624	202
594	202
588	175
616	175
624	174
594	174

392	208
411	208
409	209
388	209
392	167
411	167
409	166
388	166

