0.00000000	13.70771433	-3.86944570	-1.56055055	1.67096591	0.69263413	0.85328378	-3.06773043
0.00000000	29.38087614	13.11883675	-0.91363857	1.89344740	0.73276350	0.96166353	3.13262916
0.00000000	29.49358539	12.39015178	-0.96556435	1.85236025	0.73311650	0.99432766	3.07419109
0.00000000	13.52787896	1.40804743	-1.49416242	1.81329942	0.81625824	1.02926053	-2.08053780
0.00000000	13.04278123	1.95386786	-1.53066359	1.89755094	0.85072549	1.03594959	-0.45751113
0.00000000	7.32923809	-5.56162658	-1.68597672	1.77438474	0.70063895	0.96842396	-2.42454886
0.00000000	40.34974199	12.99883190	-0.81237314	1.84410846	0.73094242	1.08579013	0.13083693
0.00000000	7.72251895	-6.04338771	-1.67757926	1.73748624	0.63941165	1.17191265	-2.34336829
1.00000000	24.07565117	-16.34434462	-2.01315616	1.48184037	1.59188431	3.38710201	0.05897059
1.00000000	24.32885923	-13.76470767	-1.98972432	1.54927015	1.57176146	3.51567049	0.02804345
1.00000000	24.74305755	-19.20876440	-2.13044701	1.53204155	1.65587491	3.86852904	-3.12537289
1.00000000	37.15451140	-0.76515800	-1.32119642	1.45364547	1.51412691	3.18173892	0.02196313
2.00000000	7.72251895	-6.04338771	-1.67757926	1.73748624	0.63941165	1.17191265	-2.34336829

837	255
800	255
784	251
819	250
837	164
800	164
784	165
819	165

288	201
270	201
281	201
298	201
288	155
270	155
281	155
298	155

306	202
288	202
301	202
317	202
306	157
288	157
301	157
317	157

565	253
541	257
495	254
521	251
565	157
541	156
495	157
521	158

494	255
533	258
500	264
460	261
494	155
533	154
500	152
460	153

1239	336
1227	347
1100	330
1119	321
1239	153
1227	151
1100	154
1119	156

369	192
382	192
378	193
365	193
369	160
382	160
378	160
365	160

1262	326
1260	336
1111	319
1121	312
1262	157
1260	155
1111	158
1121	159

1034	225
1076	225
1155	232
1106	232
1034	184
1076	184
1155	184
1106	184

959	225
1001	224
1067	231
1018	232
959	182
1001	182
1067	182
1018	182

1234	233
1183	233
1096	225
1140	225
1234	185
1183	185
1096	184
1140	184

603	199
631	199
635	201
604	201
603	173
631	173
635	172
604	172

1262	326
1260	336
1111	319
1121	312
1262	157
1260	155
1111	158
1121	159

