0.00000000	23.83322214	10.15346176	-1.19516204	1.90231490	0.74768333	1.06085758	-2.87163186
0.00000000	21.50170678	4.74944115	-1.43384288	1.82201290	0.73406673	1.00332797	-3.14002967
0.00000000	24.22177415	8.64401115	-1.24770818	1.88099337	0.78747814	0.89389925	0.11954992
0.00000000	21.87474652	4.11976764	-1.43131278	1.79198098	0.74045039	0.99364527	-2.72410893
0.00000000	23.97584162	9.33088754	-1.20589087	1.92805970	0.74739542	1.07153199	-3.10904503
0.00000000	36.29795125	11.55617112	-0.86875711	1.80710995	0.74050881	1.00473879	0.14831729
0.00000000	23.31863454	5.71129197	-1.41158960	1.79779840	0.70318878	1.09776964	0.23582307
1.00000000	24.78404547	-19.23147001	-2.12479470	1.54509783	1.67560421	3.89662322	-3.12085676
1.00000000	24.06819745	-16.34173205	-1.96759842	1.46417034	1.59715571	3.37064423	0.08743510
1.00000000	24.32638469	-13.77150385	-1.96490250	1.52290523	1.63431999	3.43987785	0.05238611
1.00000000	37.36741668	-0.80587237	-1.30444620	1.45728326	1.54743791	3.44912629	0.12366544
1.00000000	34.67103808	0.52183302	-1.40216730	1.50439894	1.54996138	2.97779786	0.21364412

308	215
284	215
289	214
313	213
308	157
284	156
289	157
313	158

454	225
429	225
437	223
461	223
454	163
429	163
437	164
461	164

339	214
363	214
357	215
333	215
339	159
363	159
357	159
333	159

485	224
461	224
454	222
477	222
485	164
461	164
454	164
477	165

331	215
307	215
320	213
342	213
331	156
307	156
320	157
342	157

370	195
385	195
382	195
367	195
370	160
385	160
382	159
367	159

418	219
439	219
440	221
417	221
418	165
439	165
440	164
417	164

1234	233
1183	233
1095	225
1139	225
1234	184
1183	184
1095	184
1139	184

1033	224
1075	223
1156	230
1108	230
1033	183
1075	183
1156	183
1108	183

958	224
1002	224
1069	231
1019	231
958	182
1002	182
1069	182
1019	182

600	199
628	199
639	201
609	201
600	172
628	172
639	172
609	172

572	203
602	203
615	205
583	205
572	173
602	173
615	173
583	173

