0.00000000	13.32815948	-1.58267523	-1.52648781	1.73505640	0.67598373	1.10078407	-2.83188510
0.00000000	12.95645362	-0.94432078	-1.53005217	1.85089970	0.74568822	1.06673335	-1.92241561
0.00000000	14.18913540	0.41095081	-1.53748272	1.79110730	0.72943796	1.14226529	3.08810973
0.00000000	14.85798484	-0.21530453	-1.50509618	1.85479808	0.73921022	1.12479682	-2.87903762
0.00000000	40.75334700	14.70089461	-0.81187747	1.91848004	0.67174662	0.49858325	-2.65567875
0.00000000	14.89115765	-0.77146229	-1.51182554	1.78981733	0.75047157	1.23022544	3.03777218
0.00000000	35.11142731	12.10492285	-0.91204999	1.80773449	0.77168487	0.88283529	0.08448280
0.00000000	36.92021621	14.89137348	-0.68942116	1.85218167	0.61093094	0.53546731	-3.03408909
0.00000000	34.96144696	11.26123730	-0.95543776	1.72485900	0.78761272	1.02059951	0.17250459
0.00000000	40.49245182	15.49817135	-0.77918504	1.92801285	0.62817041	0.52226754	-2.20944405
0.00000000	38.27087503	9.93917365	-0.98925684	1.71396708	0.71109369	1.01594517	-0.05536809
1.00000000	24.09190881	-16.33281708	-1.95813100	1.46285164	1.58598643	3.34438242	0.06705928
1.00000000	24.78085317	-19.21830115	-2.09321670	1.52292287	1.64205244	3.85018368	-3.11703396
1.00000000	24.32474337	-13.77318784	-1.93979917	1.53172898	1.56766615	3.46689758	0.04335796
1.00000000	37.15270444	-0.78180464	-1.35149787	1.49401057	1.51681429	2.79945355	0.05752883
1.00000000	36.60007527	11.58477131	-0.88280938	1.58157420	1.62819906	2.37669960	0.01465673
2.00000000	27.72728017	8.37944432	-1.23424433	1.73016894	0.78858576	1.68194677	0.14223087

722	257
687	258
663	252
696	251
722	160
687	159
663	161
696	161

693	257
683	261
624	259
636	255
693	154
683	153
624	154
636	155

601	255
563	255
569	249
605	249
601	160
563	160
569	161
605	161

641	248
606	249
592	244
625	243
641	155
606	155
592	157
625	157

353	193
340	193
339	193
352	193
353	159
340	159
339	159
352	159

660	249
622	249
627	243
662	244
660	158
622	158
627	160
662	160

352	197
368	196
363	197
347	197
352	160
368	160
363	160
347	160

320	192
308	192
311	192
323	192
320	156
308	156
311	156
323	156

367	197
383	197
380	198
363	198
367	162
383	163
380	162
363	162

338	192
328	193
323	192
333	192
338	158
328	158
323	158
333	159

415	196
428	196
422	196
408	196
415	164
428	164
422	164
408	164

1033	223
1076	223
1154	230
1106	230
1033	183
1076	183
1154	183
1106	183

1233	232
1183	232
1096	224
1139	224
1233	184
1183	184
1096	184
1139	184

959	223
1001	223
1068	230
1019	230
959	181
1001	181
1068	181
1019	181

602	200
630	200
636	202
606	202
602	172
630	172
636	172
606	172

369	195
400	195
387	196
354	196
369	165
400	165
387	164
354	164

381	208
401	208
395	210
373	210
381	165
401	165
395	164
373	164

