0.00000000	13.76101092	2.76964338	-1.53466509	1.83140516	0.79755838	1.00761134	0.59354746
0.00000000	13.21297068	-3.81030033	-1.55448280	1.69547558	0.66332480	0.87080653	-3.04749155
0.00000000	14.32958904	2.22810444	-1.50654994	1.83234656	0.83876880	1.00957587	0.39936870
0.00000000	28.46803163	12.88021489	-0.97203682	1.87170553	0.70194233	0.99189234	3.12184715
0.00000000	28.55240420	12.25471999	-1.00315354	1.85568345	0.70023945	1.01064898	3.03567672
0.00000000	41.25883454	12.69343527	-0.84301112	1.82689571	0.83493002	0.98182614	0.33094937
1.00000000	24.78351091	-19.21064101	-2.11871837	1.53900683	1.65952852	3.85591952	-3.12277174
1.00000000	24.08265315	-16.34210160	-1.94852911	1.46075225	1.58787009	3.32537450	0.08942676
1.00000000	37.31293427	-0.77980192	-1.34219156	1.41685247	1.52534199	3.30472369	0.05275553
1.00000000	24.32410341	-13.75038875	-1.92753301	1.56521964	1.60975817	3.38208362	0.06341574

430	254
469	252
490	257
450	259
430	160
469	160
490	159
450	158

842	258
806	258
788	253
822	253
842	162
806	162
788	163
822	163

466	249
507	248
520	252
478	254
466	159
507	159
520	158
478	157

283	204
265	204
277	203
294	203
283	156
265	156
277	157
294	157

298	204
281	204
295	203
311	203
298	157
281	157
295	158
311	158

376	192
391	192
392	193
377	193
376	161
391	161
392	161
377	161

1233	233
1182	233
1095	225
1139	225
1233	184
1182	184
1095	184
1139	184

1033	223
1075	223
1155	229
1107	230
1033	182
1075	182
1155	183
1107	183

602	200
630	200
636	201
606	202
602	174
630	174
636	173
606	173

958	223
1001	223
1067	229
1018	230
958	180
1001	180
1067	180
1018	180

