0.00000000	28.09726565	11.00375276	-1.08237074	1.84291315	0.65540020	1.03907405	-3.11068201
0.00000000	18.49932169	2.41863351	-1.49603556	1.81333673	0.63306928	0.98541630	-2.78702998
0.00000000	28.17028949	9.66994888	-1.20573423	1.80790222	0.69508717	1.02571327	2.94116306
0.00000000	19.98301807	3.98404222	-1.50252555	1.74237967	0.65918541	1.06300618	3.13739944
0.00000000	20.78315208	2.48167640	-1.45812426	1.85531461	0.71373841	1.12263780	2.93169117
0.00000000	18.05742791	3.09770484	-1.49704228	1.84526062	0.67382823	0.96379668	-2.69016337
0.00000000	20.75790481	3.07598365	-1.49216781	1.77796650	0.69014493	1.02798774	-3.13408828
0.00000000	33.01378802	10.58192504	-1.05324064	1.77202153	0.70858833	1.08981595	-0.91831523
0.00000000	30.90121621	17.58836445	-0.69482229	2.05472970	0.79080862	0.60753607	0.54312068
1.00000000	24.08010332	-16.32385819	-1.95689080	1.42040050	1.57004109	3.32961208	0.07649063
1.00000000	24.76555423	-19.21826664	-2.08965312	1.52266741	1.65645762	3.83630646	-3.12829661
1.00000000	24.29824126	-13.77871915	-1.95813344	1.50622511	1.57879262	3.39151495	0.05250684
1.00000000	37.16395278	-0.81415176	-1.34900449	1.52201545	1.58676238	3.25351640	0.04576774

327	206
310	206
320	205
337	205
327	159
310	158
320	159
337	159

527	234
503	235
494	232
518	232
527	162
503	162
494	163
518	163

359	209
343	209
357	208
373	208
359	162
343	162
357	163
373	163

469	231
445	231
454	229
477	229
469	167
445	167
454	168
477	168

524	227
500	227
513	224
536	225
524	161
500	161
513	162
536	162

500	236
473	237
463	234
489	233
500	161
473	161
463	162
489	162

508	228
483	228
489	226
512	226
508	165
483	165
489	166
512	166

383	200
389	201
365	201
360	201
383	163
389	162
365	162
360	162

186	196
207	196
207	196
186	196
186	149
207	149
207	149
186	148

1034	223
1075	223
1154	230
1106	230
1034	184
1075	184
1154	184
1106	184

1233	232
1182	232
1096	224
1140	224
1233	184
1182	184
1096	183
1140	183

960	224
1002	224
1068	230
1020	231
960	182
1002	182
1068	183
1020	183

603	200
632	200
637	202
605	202
603	172
632	172
637	171
605	171

