0.00000000	9.99540781	-2.50577425	-1.56444762	1.77872729	0.67507397	1.04998985	-2.59284806
0.00000000	10.66830033	-3.83508833	-1.56304751	1.73285818	0.67055790	0.93820683	-2.88695121
0.00000000	9.07423810	-4.21772254	-1.59168289	1.80838418	0.64702552	0.99993215	-2.45113850
0.00000000	10.63779279	-3.09505463	-1.56301473	1.75460517	0.67524063	0.98897823	-2.67410302
0.00000000	31.07659189	12.11526017	-0.95657371	1.81725478	0.73698485	0.97522445	-3.12758946
0.00000000	40.93115455	11.14991088	-0.90865682	1.75659084	0.73683152	0.87981663	0.57067209
0.00000000	9.26602138	-4.66856204	-1.60866306	1.71338546	0.60965199	0.97644878	-2.54308701
0.00000000	35.18355520	14.00326177	-0.80886434	2.06709480	0.71160221	0.87623314	2.98444319
0.00000000	39.08564166	12.47419558	-0.76815746	1.83338761	0.67726303	0.77691713	0.46733665
0.00000000	39.21076122	13.89513267	-0.74492071	1.90169954	0.70511518	0.69716479	-3.04634023
0.00000000	40.74676413	11.75320776	-0.83205388	1.75552464	0.72737932	0.80566312	0.67146957
0.00000000	24.26635341	4.99108214	-1.39180015	1.77632987	0.71536342	0.93259851	0.32543650
0.00000000	39.34127155	13.27897373	-0.76189063	1.87947845	0.70221855	0.64084757	0.41494367
0.00000000	35.38262217	13.19954019	-0.81401680	1.94095349	0.69201361	0.87243358	3.02532244
0.00000000	38.80906858	15.77005637	-0.73270069	1.86664486	0.63337837	0.77784446	-1.29498875
1.00000000	24.80079249	-19.22404390	-2.06472687	1.52082443	1.65497849	3.87991416	-3.11154675
1.00000000	24.08775781	-16.35559484	-1.94721041	1.45653749	1.59345426	3.35253697	0.09287813
1.00000000	24.30432721	-13.77861876	-1.96910862	1.52035713	1.60193882	3.40738924	0.08590475
1.00000000	37.16388000	-0.80336270	-1.35328434	1.44428134	1.54242970	3.23068374	0.04710151

837	287
801	291
745	281
779	277
837	153
801	152
745	154
779	155

909	279
868	281
830	272
869	271
909	156
868	156
830	158
869	158

1001	298
978	304
896	293
921	288
1001	149
978	147
896	150
921	151

862	279
826	282
778	274
812	271
862	155
826	155
778	157
812	157

329	201
312	201
321	200
338	200
329	158
312	158
321	159
338	159

400	193
413	193
418	194
405	194
400	163
413	163
418	163
405	163

1028	297
1003	301
926	291
951	287
1028	158
1003	157
926	159
951	160

321	195
308	195
318	195
331	195
321	153
308	153
318	153
331	153

368	192
381	192
383	192
370	192
368	159
381	159
383	159
370	158

356	192
342	192
346	192
359	192
356	157
342	157
346	158
359	158

389	192
401	192
407	192
394	193
389	162
401	162
407	162
394	161

444	217
465	217
469	218
447	218
444	165
465	165
469	165
447	165

355	192
369	192
370	192
356	192
355	158
369	158
370	158
356	158

339	195
326	195
335	195
348	195
339	155
326	155
335	156
348	156

322	192
320	192
305	192
306	192
322	158
320	158
305	158
306	158

1233	231
1183	231
1095	223
1138	223
1233	183
1183	183
1095	183
1138	183

1033	223
1075	223
1155	229
1108	230
1033	183
1075	183
1155	183
1108	183

958	224
1000	224
1069	231
1022	231
958	182
1000	182
1069	183
1022	183

603	200
631	200
637	202
606	202
603	173
631	173
637	173
606	173

