0.00000000	17.70604535	2.48783764	-1.49119757	1.82648158	0.60550963	1.12852376	-2.13363624
0.00000000	33.70538762	8.69457596	-1.10630463	1.85011065	0.70843399	1.10459281	-0.77964360
0.00000000	18.10931030	2.05391081	-1.48942719	1.81912041	0.64131147	1.12341486	-2.42771506
0.00000000	30.82119289	10.99475559	-0.99125264	1.88893366	0.74345328	1.00480436	0.30980366
0.00000000	36.81205699	-3.23535267	-1.40908025	1.79152322	0.62576179	0.93604954	-0.37459952
0.00000000	30.94141358	11.71333162	-0.97682653	1.89801812	0.71774243	1.06530535	2.93979836
0.00000000	18.31720001	1.07225619	-1.50345228	1.78871942	0.68161135	1.27573021	3.13882470
0.00000000	30.80396903	9.62586152	-1.07796810	1.83639216	0.67310349	1.07083775	0.33849883
0.00000000	15.74713180	1.49964784	-1.50625024	1.86781180	0.67631171	1.05108540	-2.56305075
0.00000000	31.08868097	9.00529309	-1.15458379	1.79530501	0.67235914	1.13144674	0.32633540
0.00000000	31.01950445	10.47651642	-1.03735850	1.80871296	0.76777457	0.94446995	0.38758257
0.00000000	16.13065569	1.13031739	-1.49841867	1.83435893	0.69178955	1.03564953	-2.43478107
1.00000000	24.78226611	-19.20687211	-2.08621309	1.52571082	1.64886399	3.84938309	-3.11134601
1.00000000	24.06579821	-16.35063008	-1.94243107	1.42939067	1.57537037	3.33547561	0.06969446
1.00000000	24.31964623	-13.76931040	-1.93142746	1.51287305	1.60729822	3.43543605	0.05501217
1.00000000	37.69427852	-0.72110578	-1.22339890	1.42569590	1.58993210	4.21072903	0.00235836

529	236
514	238
478	236
494	234
529	161
514	161
478	161
494	162

426	200
434	201
413	201
405	201
426	162
434	162
413	161
405	161

547	235
525	236
500	233
521	232
547	161
525	161
500	162
521	162

340	201
358	201
357	201
339	201
340	158
358	158
357	157
339	157

663	201
675	201
670	202
658	202
663	167
675	167
670	167
658	167

333	201
318	201
333	200
347	201
333	157
318	157
333	157
347	157

575	235
547	235
551	232
577	232
575	163
547	163
551	164
577	164

372	202
388	202
389	203
372	203
372	160
388	160
389	160
372	160

562	244
534	246
512	242
539	241
562	157
534	157
512	158
539	159

388	204
404	204
405	204
389	205
388	163
404	163
405	163
389	162

352	202
371	201
372	202
353	202
352	160
371	161
372	160
353	160

581	242
556	244
528	240
553	239
581	159
556	158
528	159
553	160

1233	232
1183	232
1095	224
1138	224
1233	184
1183	184
1095	183
1138	183

1035	223
1076	223
1155	229
1107	230
1035	183
1076	183
1155	184
1107	184

958	223
1001	223
1068	230
1019	230
958	181
1001	181
1068	182
1019	182

602	197
631	197
634	199
602	199
602	172
631	172
634	171
602	171

