0.00000000	10.05282088	-3.52393201	-1.54695032	1.68096638	0.68001112	0.96290857	-2.52076626
0.00000000	38.39355770	12.37539241	-0.80790565	1.87074900	0.69815289	0.78562012	0.71004862
0.00000000	34.74890056	13.01542081	-0.80225454	1.89350390	0.77907796	0.87110243	3.04372954
0.00000000	10.07805561	-4.19286929	-1.56766079	1.73608112	0.68604076	0.94937345	-2.58797956
0.00000000	8.49081780	-4.65965146	-1.60252247	1.92425323	0.67148373	1.04053836	-2.39134955
0.00000000	9.49660163	-2.98019459	-1.58702848	1.78731465	0.74783399	1.04540155	-2.39475012
0.00000000	23.40923861	4.97750734	-1.43286989	1.77116632	0.69311544	0.90427830	0.35748595
0.00000000	30.33090140	11.87137805	-0.92811535	1.79427719	0.73330214	0.97283776	3.11071253
0.00000000	38.10313124	15.76180207	-0.76066278	1.88656211	0.62234770	0.80208324	0.36376426
0.00000000	38.53666657	13.74892185	-0.78832160	1.93018472	0.69810223	0.71217402	0.04873396
0.00000000	41.62570301	11.35789470	-0.85679172	1.81515718	0.81653077	0.71442112	0.71512014
0.00000000	23.83160842	4.54175096	-1.42852579	1.76353908	0.69636812	0.98998413	0.22254017
0.00000000	41.50144677	11.92881936	-0.81168328	1.79993129	0.84383347	0.98724757	0.85733175
0.00000000	38.68375326	13.07050052	-0.79007481	1.88427711	0.70233478	0.67420108	0.36966705
0.00000000	34.52618499	13.73916927	-0.76794003	2.03550577	0.80518205	0.80462639	3.02908206
1.00000000	24.07317914	-16.29645636	-1.98816035	1.48540258	1.60113401	3.35648875	0.09606235
1.00000000	24.77564561	-19.26884965	-2.13353757	1.55967093	1.66268427	3.88132177	-3.12189651
1.00000000	24.50627277	-13.77888102	-2.08160637	1.63676679	1.69192270	3.50754732	0.05455340
1.00000000	37.15841645	-0.81291701	-1.34247444	1.48659730	1.55611964	3.14626725	0.02777144

909	283
879	287
818	279
847	275
909	158
879	157
818	159
847	160

364	193
377	193
383	193
370	193
364	158
377	159
383	158
370	158

339	195
324	195
333	195
348	195
339	156
324	156
333	156
348	156

957	284
926	288
865	279
896	276
957	155
926	154
865	156
896	157

1071	307
1053	314
952	302
973	296
1071	137
1053	134
952	139
973	141

889	292
860	299
785	289
815	283
889	153
860	151
785	153
815	155

439	220
460	219
465	221
443	221
439	166
460	166
465	166
443	166

327	201
310	201
320	200
337	200
327	158
310	158
320	158
337	158

302	193
315	193
314	193
302	193
302	158
315	158
314	158
302	158

344	193
357	193
353	193
340	193
344	157
357	157
353	157
340	157

400	192
413	192
418	192
405	193
400	161
413	162
418	161
405	161

457	218
477	218
479	220
457	220
457	166
477	166
479	166
457	166

387	192
400	192
410	192
397	192
387	161
400	161
410	161
397	161

355	193
369	193
369	193
356	193
355	158
369	158
369	158
356	158

323	195
307	195
316	194
331	194
323	152
307	152
316	153
331	153

1032	224
1073	224
1154	231
1107	231
1032	183
1073	183
1154	183
1107	183

1235	233
1184	233
1097	225
1141	225
1235	184
1184	184
1097	184
1141	184

955	227
999	227
1067	234
1015	234
955	182
999	182
1067	182
1015	182

603	200
632	200
636	202
605	202
603	172
632	172
636	172
605	172

