0.00000000	20.94893581	8.44523279	-1.23788748	1.82666957	0.68156186	1.14386121	0.25105187
0.00000000	20.78494273	9.18546225	-1.22562073	1.84548402	0.69433560	1.19420596	3.11359501
0.00000000	25.84030754	6.01122756	-1.35597370	1.90202546	0.73069514	0.96920744	2.77392411
0.00000000	24.41109607	5.30150815	-1.41770075	1.87856424	0.73041751	1.00556283	1.14295137
0.00000000	21.48950727	7.84708575	-1.29422019	1.81420779	0.67569935	1.10387300	1.51535940
0.00000000	25.58088303	7.34021036	-1.31997321	1.85797608	0.74189282	1.14185010	-2.64722013
0.00000000	25.86941970	6.86398807	-1.32383452	1.88674164	0.71616455	1.17722075	-2.90387821
0.00000000	23.61889889	3.66536944	-1.43428073	1.92779040	0.79618598	1.07841154	0.59785223
0.00000000	24.05223345	6.00011725	-1.40343330	1.91239929	0.71667276	1.03445939	0.76624322
1.00000000	24.77885798	-19.21734371	-2.12287639	1.52195644	1.65547007	3.83987866	-3.12072158
1.00000000	24.06806946	-16.35234795	-1.97594450	1.47207379	1.60473350	3.37853463	0.05787966
1.00000000	24.45345176	-13.77111736	-2.02916161	1.57915401	1.67440458	3.51841701	0.07181012
1.00000000	37.15604983	-0.81330601	-1.34305082	1.48187613	1.54229355	3.21308814	0.05601232
2.00000000	24.45756009	1.23565573	-1.43328355	1.90583503	0.71213410	2.05787185	-0.04667252

305	219
330	219
324	221
299	222
305	158
330	158
324	157
299	157

289	222
264	222
285	219
308	219
289	156
264	156
285	157
308	157

438	215
421	215
437	213
454	214
438	161
421	161
437	162
454	162

430	218
443	217
467	218
454	219
430	163
443	163
467	163
454	162

319	221
329	220
365	220
356	222
319	160
329	160
365	160
356	160

413	215
391	215
385	214
405	213
413	162
391	162
385	162
405	163

424	214
403	215
404	213
424	213
424	161
403	161
404	162
424	162

475	219
497	218
511	220
489	220
475	161
497	161
511	161
489	160

408	218
427	218
443	219
424	220
408	162
427	162
443	161
424	161

1233	233
1182	233
1096	225
1139	225
1233	185
1182	185
1096	184
1139	184

1034	224
1077	224
1155	230
1106	231
1034	183
1077	183
1155	183
1106	183

955	225
998	225
1068	232
1018	233
955	182
998	182
1068	183
1018	183

603	200
631	200
637	202
606	202
603	173
631	173
637	172
606	172

561	215
581	215
576	219
554	218
561	162
581	162
576	160
554	160

