0.00000000	33.65610022	13.91874615	-0.74514983	2.01583791	0.72265997	0.74329039	2.92781711
0.00000000	9.55327373	-1.94088785	-1.57713173	1.80711555	0.73994077	1.06402777	-2.46994424
0.00000000	9.10280253	-4.88713415	-1.60889349	1.77822375	0.68871583	0.98634613	-2.30359697
0.00000000	9.14528056	-1.33837399	-1.60020743	1.80465460	0.75212764	1.06224975	-2.43328118
0.00000000	10.75585767	-2.54781623	-1.55458973	1.76655579	0.72843621	1.00829601	-2.54724312
0.00000000	33.67607719	13.09744684	-0.81126926	1.90846300	0.74832455	0.82079086	3.07831740
0.00000000	36.48462797	11.76110569	-0.88305865	1.81101608	0.68040004	0.94571067	0.36374310
0.00000000	38.03155046	12.14027154	-0.96635936	1.86570096	0.66811552	0.64424131	0.14389977
0.00000000	14.12451644	-4.07284937	-1.64786695	1.80823052	0.79597345	0.96165554	-3.09712887
0.00000000	38.32489064	11.00491474	-0.98888634	1.81397486	0.71378397	0.63567232	0.68360823
1.00000000	24.81046978	-19.25619652	-2.06525741	1.51890922	1.63910969	3.88789334	-3.12739396
1.00000000	24.07319922	-16.27815272	-1.94106601	1.44878685	1.57684762	3.28329394	0.13755570
1.00000000	19.47299556	-10.23293796	-1.77717046	1.62226093	1.85580740	4.03660504	1.53811932
1.00000000	24.49382481	-13.77585060	-1.95931588	1.60732365	1.66521606	3.47724777	0.03019625
1.00000000	37.16163133	-0.73411339	-1.33721850	1.47574687	1.53316855	3.23989862	0.03993342

310	195
296	195
306	194
320	194
310	151
296	152
306	152
320	152

807	293
770	299
706	288
743	283
807	151
770	150
706	152
743	154

1052	297
1040	304
949	295
965	288
1052	152
1040	151
949	153
965	154

768	300
728	307
663	296
702	290
768	153
728	151
663	154
702	155

823	277
789	281
737	273
770	270
823	155
789	154
737	156
770	157

329	196
314	196
322	196
337	196
329	155
314	155
322	156
337	156

366	195
380	195
381	195
367	196
366	160
380	160
381	160
367	160

370	196
383	196
381	196
368	196
370	161
383	161
381	161
368	161

843	257
802	258
786	252
825	252
843	162
802	161
786	163
825	163

390	196
402	196
407	196
395	196
390	162
402	163
407	162
395	162

1234	231
1183	231
1096	223
1140	223
1234	183
1183	183
1096	183
1140	183

1031	223
1071	223
1153	229
1109	230
1031	183
1071	183
1153	183
1109	183

921	237
894	232
1038	232
1080	238
921	175
894	175
1038	175
1080	175

956	223
1001	223
1065	230
1014	230
956	180
1001	180
1065	180
1014	180

602	200
630	200
635	201
604	202
602	173
630	173
635	172
604	172

