0.00000000	25.41169618	10.46795594	-1.15353892	1.86435032	0.72891187	1.02242239	-3.01597118
0.00000000	20.24474646	4.18235126	-1.45791553	1.84684670	0.69708361	0.99570187	-0.05273001
0.00000000	25.45053833	9.62737987	-1.18563960	1.86969721	0.77698223	1.00847749	-3.07280970
0.00000000	20.64416409	3.42246106	-1.47995005	1.79803824	0.67615870	0.99492418	2.64986277
0.00000000	22.06431690	5.09200849	-1.43314765	1.82181811	0.77836670	1.09385009	0.12416457
0.00000000	35.01602725	11.29913079	-0.89798568	1.75446308	0.72148489	0.97168166	-0.06615538
0.00000000	25.69626507	9.06790683	-1.21148775	1.83581781	0.86643288	0.90807323	3.00142717
1.00000000	24.07900409	-16.34747919	-1.94454203	1.40939927	1.57851420	3.34989272	0.09746584
1.00000000	24.77710623	-19.19360349	-2.08772830	1.52100027	1.66052988	3.86578786	-3.11744094
1.00000000	24.28741957	-13.74855543	-1.93331419	1.50331020	1.58302596	3.41447968	0.07895500
1.00000000	37.23999074	-0.72521661	-1.30749891	1.48710954	1.52427805	3.25183837	0.14005983
2.00000000	38.12313833	1.07094614	-1.21662305	1.64731097	0.67350096	1.74091835	0.14413431

315	211
294	212
302	210
323	210
315	158
294	158
302	159
323	159

449	226
472	227
464	229
439	229
449	163
472	163
464	162
439	162

340	212
317	212
326	211
348	211
340	158
317	158
326	159
348	159

484	229
465	228
487	226
505	226
484	164
465	164
487	165
505	165

428	222
453	222
450	224
423	224
428	164
453	164
450	163
423	163

370	196
384	196
376	197
362	196
370	161
384	161
376	160
362	160

356	212
333	212
346	211
368	211
356	160
333	160
346	161
368	161

1033	223
1074	223
1155	229
1109	230
1033	184
1074	184
1155	184
1109	184

1233	232
1182	232
1095	224
1138	224
1233	184
1182	184
1095	183
1138	183

958	223
1000	223
1068	230
1021	230
958	182
1000	182
1068	182
1021	182

599	199
626	199
638	201
607	201
599	172
626	172
638	171
607	171

575	198
588	198
592	199
579	199
575	168
588	168
592	167
579	167

