0.00000000	35.91137183	15.30130035	-0.64527224	1.86053348	0.60182147	0.60991770	0.06830864
0.00000000	8.01830166	-4.46073256	-1.65812085	1.76228189	0.79265182	1.00570180	-2.32735610
0.00000000	36.48973013	11.67578446	-0.81815670	1.77935290	0.68386511	0.91759210	-0.03406607
0.00000000	8.65843923	-4.67029622	-1.61753200	1.75964761	0.72154058	0.94601371	-2.33513784
0.00000000	43.84785200	11.59854939	-0.85216520	1.81668735	0.63576890	0.90681863	0.17798014
0.00000000	32.50066858	13.11703732	-0.76576505	1.86626172	0.68386158	0.80499147	-3.13313937
0.00000000	8.64962214	-5.53475556	-1.64435099	1.81637120	0.73777414	0.93642552	-2.33000994
0.00000000	28.09480868	10.83405645	-1.11017178	1.81167126	0.65549204	1.00879316	-3.12901950
0.00000000	43.67538753	12.30088033	-0.77783857	1.84969592	0.65789438	0.82246206	0.12840329
0.00000000	21.86739319	3.73371275	-1.44011603	1.78534710	0.64822718	1.14952020	0.35676903
0.00000000	36.57715948	12.75235477	-0.74513886	1.84212434	0.67313698	0.78780612	0.00609837
0.00000000	7.13613472	-6.14575838	-1.67333601	1.83969903	0.74865410	0.99369664	-2.40744543
0.00000000	32.81060771	12.33293885	-0.81496654	1.77476883	0.77421250	0.79804651	3.11148262
1.00000000	24.78501671	-19.21051552	-2.15084217	1.55865359	1.70113742	3.94171476	-3.10448694
1.00000000	37.33766455	-0.77837141	-1.32779418	1.42940807	1.53281720	3.38289110	0.04995649
1.00000000	24.04065383	-16.38647318	-1.99358348	1.48232174	1.64239250	3.37193326	0.09353967
1.00000000	24.28146162	-13.83815816	-2.01873241	1.57764387	1.60145462	3.40325864	0.04832708
2.00000000	22.26997677	3.40363101	-1.42771194	1.82302237	0.66060447	1.40787441	0.36038318

295	192
307	192
303	192
291	192
295	155
307	155
303	155
291	155

1079	318
1063	330
956	316
978	307
1079	155
1063	153
956	156
978	158

372	194
385	194
378	194
365	194
372	159
385	159
378	159
365	159

1057	304
1042	312
950	302
969	295
1057	154
1042	152
950	154
969	156

410	191
421	191
420	192
409	192
410	162
421	162
420	162
409	162

319	196
304	196
311	195
326	195
319	154
304	154
311	155
326	155

1130	305
1121	314
1024	303
1039	296
1130	150
1121	148
1024	150
1039	152

331	207
314	207
324	206
341	206
331	160
314	160
324	161
341	161

398	190
409	190
407	191
396	191
398	161
409	161
407	160
396	160

468	222
489	222
496	224
474	224
468	165
489	165
496	164
474	164

351	193
364	193
359	193
345	193
351	157
364	157
359	157
345	157

1321	338
1315	350
1172	332
1186	322
1321	144
1315	141
1172	145
1186	147

340	196
323	196
330	196
347	196
340	157
323	157
330	158
347	158

1235	234
1184	234
1093	226
1138	226
1235	185
1184	185
1093	184
1138	184

602	199
630	199
636	201
605	201
602	173
630	173
636	173
605	173

1034	224
1077	224
1159	231
1110	231
1034	183
1077	183
1159	184
1110	184

961	226
1004	225
1071	232
1021	232
961	182
1004	182
1071	182
1021	182

480	221
500	220
510	223
489	223
480	163
500	163
510	162
489	162

