0.00000000	19.92125135	8.77635604	-1.25114248	1.83427310	0.70512671	1.13353000	-3.04877305
0.00000000	20.12195964	8.07880351	-1.25249670	1.85316336	0.70325199	1.12565348	3.11128306
0.00000000	22.78942058	3.13942558	-1.42086099	1.81410682	0.76279044	1.13365195	0.44871667
0.00000000	26.56293919	6.41449627	-1.35056684	1.82103145	0.75081603	0.99947782	-3.11754751
0.00000000	26.48893908	7.45155435	-1.29236386	1.90641570	0.79519615	1.04701331	-2.73629189
0.00000000	20.75882711	7.62025432	-1.28720234	1.78446102	0.77315545	0.97429643	2.96407223
0.00000000	25.13075126	5.66798260	-1.39532087	1.82564187	0.72710342	1.06925204	3.10771203
0.00000000	39.36196879	12.45225354	-0.88581679	1.81689560	0.73857056	0.75151599	-0.62873644
1.00000000	24.77220736	-19.23784394	-2.09464715	1.51929796	1.65527149	3.85457403	-3.12783265
1.00000000	24.06175764	-16.32203805	-1.95666436	1.43613160	1.57681782	3.33993404	0.07710438
1.00000000	24.40208134	-13.78256898	-2.02146719	1.51568568	1.64865334	3.50112507	0.06678513
1.00000000	37.25674780	-0.81736163	-1.31676863	1.45634794	1.56891519	3.26066268	0.05324714
2.00000000	21.81435133	1.20718605	-1.48198150	1.91531742	0.70345268	2.00468678	0.11712000

294	224
267	225
282	222
307	222
294	156
267	156
282	158
307	158

319	224
294	224
312	221
336	221
319	156
294	156
312	157
336	157

489	220
511	219
523	221
499	222
489	163
511	164
523	163
499	163

438	214
418	214
424	213
444	213
438	164
418	164
424	164
444	164

416	212
393	213
390	212
411	211
416	160
393	160
390	161
411	161

344	223
319	223
338	221
362	221
344	160
319	160
338	161
362	161

449	217
428	217
436	216
456	216
449	164
428	164
436	165
456	165

379	194
388	194
376	194
368	194
379	161
388	161
376	161
368	161

1234	232
1183	232
1097	224
1140	224
1234	184
1183	184
1097	184
1140	184

1034	223
1075	223
1154	230
1107	230
1034	183
1075	183
1154	184
1107	184

956	225
1000	225
1069	232
1019	232
956	184
1000	184
1069	184
1019	184

603	199
631	199
637	201
606	201
603	173
631	173
637	172
606	172

552	222
574	221
579	225
555	226
552	161
574	161
579	160
555	159

