0.00000000	24.09779900	9.37779075	-1.21146927	1.90644753	0.77282128	1.07168767	-3.13603139
0.00000000	24.38413218	8.74514078	-1.24299584	1.83030486	0.76423609	0.85951357	0.18282206
0.00000000	21.32714422	4.69649214	-1.43899487	1.82440281	0.74183745	1.00567458	0.28462917
0.00000000	21.77655320	4.05477725	-1.45150803	1.78363776	0.73829701	1.01567460	-2.79774356
0.00000000	23.19078194	5.63658915	-1.44106815	1.81607282	0.74043337	1.07651988	0.11474922
0.00000000	23.98722548	10.18555792	-1.21115730	1.91506696	0.72716788	1.05256274	-2.96770000
0.00000000	36.12726864	11.56303255	-0.89031635	1.77761865	0.77327560	0.93398533	0.06815487
1.00000000	24.07007719	-16.34799556	-1.94977699	1.42914557	1.58339378	3.32885228	0.07939512
1.00000000	24.78384721	-19.20573335	-2.10338156	1.52840734	1.65718512	3.88747924	-3.11890030
1.00000000	24.27516235	-13.78413251	-1.93175999	1.49988782	1.56955562	3.34613951	0.06020092
1.00000000	37.40685614	-0.80594013	-1.30547474	1.47647095	1.54813246	3.48420300	0.07722897
1.00000000	35.01841395	0.50959587	-1.41798876	1.53324199	1.51928444	2.99468919	0.12609647
2.00000000	34.03512804	1.12921062	-1.41612206	1.68855214	0.70605278	1.72982232	0.06101130
2.00000000	23.47709254	4.67703217	-1.42351602	1.83505416	0.71296629	1.46975125	3.03512621

330	215
307	215
320	213
342	213
330	157
307	157
320	158
342	158

338	214
361	214
357	215
333	215
338	161
361	161
357	160
333	160

433	224
458	223
460	225
434	226
433	164
458	164
460	163
434	163

486	224
461	225
456	223
480	223
486	165
461	165
456	165
480	165

421	220
443	220
440	222
416	222
421	165
443	165
440	165
416	165

307	215
284	215
292	214
315	214
307	157
284	157
292	158
315	158

370	195
385	195
380	196
365	196
370	161
385	161
380	160
365	160

1034	223
1076	223
1155	229
1107	230
1034	183
1076	183
1155	184
1107	184

1233	232
1182	232
1095	225
1138	224
1233	184
1182	184
1095	184
1138	184

960	223
1002	223
1068	230
1020	230
960	182
1002	182
1068	182
1020	182

602	199
630	199
638	201
607	201
602	172
630	172
638	171
607	171

575	203
605	203
613	205
581	205
575	173
605	173
613	172
581	172

572	204
587	204
588	206
573	206
572	170
587	170
588	169
573	169

465	221
443	221
458	218
478	219
465	163
443	163
458	164
478	164

