0.00000000	35.07324771	14.01332554	-0.71964858	1.92768288	0.68098142	0.85593470	3.08136463
0.00000000	11.65792942	-1.89616053	-1.54172657	1.88716161	0.70671572	1.11201907	0.04795003
0.00000000	12.04690682	-2.57441370	-1.55135248	1.77938664	0.67360534	1.10467123	-3.05216885
0.00000000	13.61964000	-1.80569950	-1.51679001	1.82005286	0.72961834	1.09395502	-3.03390408
0.00000000	12.88515141	-0.59745688	-1.53816782	1.82902098	0.77383479	1.17952533	-2.63615561
0.00000000	13.43012734	-1.05815938	-1.49815736	1.83542585	0.72866168	1.12230315	-2.52644062
0.00000000	36.75648790	11.43411586	-0.87160025	1.77634454	0.80131457	0.89298189	0.35282490
0.00000000	39.90044594	10.87929575	-0.96003340	1.83077455	0.68790450	0.67489186	0.31420323
0.00000000	39.12745777	14.37044897	-0.81661580	1.83133745	0.60861883	0.55460106	-0.35832155
0.00000000	38.84776517	14.84761489	-0.77792285	1.83975983	0.55480560	0.57359432	-0.86139977
1.00000000	24.78747619	-19.22249041	-2.09246729	1.52338409	1.65339238	3.88175375	-3.11849666
1.00000000	24.08739893	-16.35364545	-1.94626592	1.40376902	1.56844368	3.33196489	0.08951877
1.00000000	24.32151092	-13.78683542	-1.94718657	1.49825668	1.57369877	3.40939007	0.05280929
1.00000000	37.26480384	-0.77330690	-1.34791730	1.44686604	1.47984342	3.34270942	0.02230386
2.00000000	26.40331419	7.50545702	-1.32958816	1.85556388	0.82939353	1.70810599	0.05642509
2.00000000	27.07811406	6.99219955	-1.32390461	1.78974533	0.77329317	1.67416899	0.10859222

321	193
307	193
315	193
329	193
321	154
307	154
315	154
329	154

696	263
738	263
755	271
709	272
696	151
738	151
755	148
709	148

793	268
751	268
732	260
770	260
793	156
751	156
732	158
770	158

729	255
689	256
676	250
713	249
729	155
689	154
676	156
713	157

676	261
638	264
604	257
640	255
676	155
638	154
604	157
640	157

698	254
667	257
629	252
658	249
698	153
667	153
629	154
658	155

373	195
389	195
390	195
374	195
373	160
389	161
390	160
374	160

402	195
415	195
416	195
403	195
402	162
415	162
416	162
403	162

340	193
349	193
342	194
333	193
340	160
349	160
342	160
333	160

334	193
338	193
327	193
324	193
334	159
338	159
327	159
324	159

1234	232
1183	232
1095	224
1139	224
1234	184
1183	184
1095	183
1139	183

1034	223
1075	223
1155	229
1108	230
1034	184
1075	184
1155	185
1108	185

960	224
1002	223
1068	230
1020	230
960	182
1002	182
1068	183
1020	183

603	200
631	200
635	202
605	202
603	173
631	173
635	173
605	173

395	212
417	212
407	214
383	214
395	163
417	163
407	162
383	162

412	211
432	211
426	213
405	213
412	165
432	165
426	164
405	164

