0.00000000	31.31201644	16.15919063	-0.76992581	1.89059019	0.60532285	0.58394874	0.59271318
0.00000000	13.21570371	-4.11400669	-1.54451917	1.79913819	0.65390562	0.85627021	-3.10763216
0.00000000	13.78443241	5.09230714	-1.49326740	1.78681874	0.61284264	0.92525561	-2.90494704
0.00000000	14.55044872	4.97123317	-1.48892842	1.77832329	0.62389327	0.98521615	-2.65916419
0.00000000	14.83987884	4.23683869	-1.52599738	1.68528891	0.64653005	0.99312059	0.15135404
1.00000000	24.07168589	-16.33006899	-1.95770941	1.42683995	1.57785259	3.33194293	0.08127148
1.00000000	24.78193986	-19.21636745	-2.07109801	1.52482188	1.66160684	3.82767571	-3.12646627
1.00000000	24.30372238	-13.78345239	-1.95305202	1.47726679	1.59106615	3.41649087	0.05005296
1.00000000	31.68820080	4.64289063	-1.37968836	2.05007982	1.89072474	5.13708937	-3.10469675
1.00000000	37.25747811	-0.79471438	-1.34370993	1.52545810	1.57969484	3.38081780	0.03741730
2.00000000	10.28694228	1.04392704	-1.57210479	1.76324224	0.64619529	1.70822238	0.02267391

226	197
241	197
243	197
228	197
226	154
241	154
243	154
228	154

858	257
821	257
806	252
840	252
858	155
821	155
806	157
840	157

352	257
317	258
324	253
357	252
352	160
317	160
324	161
357	162

379	252
345	253
338	249
370	248
379	162
345	161
338	162
370	163

386	248
418	248
412	252
379	253
386	168
418	169
412	168
379	168

1034	223
1075	223
1154	230
1107	230
1034	184
1075	184
1154	184
1107	184

1233	231
1181	231
1096	224
1140	224
1233	183
1181	183
1096	183
1140	183

960	224
1002	224
1068	230
1020	230
960	183
1002	183
1068	183
1020	183

515	210
469	210
485	205
525	205
515	159
469	159
485	162
525	163

602	200
631	200
637	202
605	202
602	172
631	172
637	171
605	171

516	276
558	276
552	294
502	294
516	161
558	161
552	157
502	157

