0.00000000	25.96361010	9.81036487	-1.24811075	1.78322363	0.71342831	1.00854855	3.10700607
0.00000000	25.96991941	10.56703266	-1.14513991	1.86432779	0.65480894	0.97901876	-3.05855632
0.00000000	31.22258688	16.09990722	-0.79653726	1.86038136	0.63263499	0.52067614	0.83704937
1.00000000	24.78955419	-19.22123809	-2.07359527	1.51261377	1.64568691	3.82255786	-3.12078905
1.00000000	24.06351692	-16.36493143	-1.94351087	1.44266796	1.56267395	3.32336081	0.06752457
1.00000000	24.29641422	-13.78618165	-1.93083940	1.52758467	1.57441654	3.40634773	0.05431281
1.00000000	38.04205844	-0.79135895	-1.22540472	1.40565097	1.66188463	4.62628728	0.03888508
2.00000000	8.91548521	0.61041179	-1.56740878	1.73692203	0.68921306	1.69892076	0.03115263

337	213
317	213
329	212
348	212
337	163
317	163
329	164
348	164

317	210
298	210
308	209
326	209
317	158
298	158
308	159
326	159

225	198
240	198
245	198
229	198
225	155
240	156
245	155
229	155

1232	231
1182	231
1096	224
1139	224
1232	184
1182	184
1096	183
1139	183

1035	223
1077	223
1155	229
1107	230
1035	183
1077	183
1155	183
1107	183

960	223
1002	223
1068	230
1020	230
960	181
1002	181
1068	181
1020	181

601	197
630	197
638	199
604	199
601	172
630	172
638	171
604	171

533	290
585	290
586	314
523	314
533	160
585	160
586	155
523	155

