0.00000000	16.90344685	6.72254060	-1.36997674	1.74832690	0.67913893	1.08969455	0.46656781
0.00000000	16.68582465	7.33918140	-1.31797646	1.81982958	0.62808026	1.17931107	-1.22960496
0.00000000	16.62232625	-4.55093007	-1.55411551	1.73554754	0.67630544	0.83757247	1.85683060
0.00000000	31.27729767	16.20455792	-0.81966279	1.96281815	0.60171022	0.47663274	0.89557815
0.00000000	35.83210142	-23.66129097	-2.09847973	1.90211034	0.75620225	0.78127031	-1.61948335
0.00000000	35.33791492	-3.22529893	-1.50366865	1.80294037	0.77767717	1.02047677	0.32358256
0.00000000	35.44338879	-3.92012345	-1.50928829	1.81871486	0.66443023	1.05923234	0.23220782
1.00000000	24.07930525	-16.37548271	-1.96573816	1.44356716	1.58717868	3.38202150	0.06278543
1.00000000	24.77602959	-19.21461068	-2.08432512	1.54726601	1.65886503	3.88530681	-3.11602116
1.00000000	32.82217979	1.73983323	-1.27293060	1.48420155	1.66737720	4.23541289	0.03294988
1.00000000	24.44304667	-13.79576231	-2.01311467	1.56019294	1.68630700	3.60308227	0.05026422
1.00000000	37.65731360	-0.58146025	-1.24853013	1.44203973	1.58237658	4.24509425	0.14658679

301	235
331	234
336	237
304	238
301	161
331	162
336	161
304	160

316	233
314	235
258	236
261	234
316	157
314	156
258	155
261	156

794	240
778	238
810	237
827	239
794	163
778	163
810	164
827	163

224	198
238	198
243	198
228	199
224	153
238	154
243	154
228	153

1078	210
1087	211
1071	211
1062	210
1078	173
1087	173
1071	173
1062	173

657	204
672	204
680	205
666	205
657	168
672	168
680	168
666	168

673	204
685	204
693	205
680	205
673	168
685	168
693	168
680	168

1035	224
1077	223
1156	230
1107	230
1035	183
1077	183
1156	184
1107	184

1234	232
1183	232
1095	224
1139	224
1234	183
1183	183
1095	183
1139	183

550	202
584	202
584	205
545	205
550	171
584	171
584	170
545	170

955	225
1000	225
1069	232
1018	232
955	182
1000	182
1069	183
1018	183

594	198
622	198
637	200
606	200
594	172
622	172
637	171
606	171

