0.00000000	31.34105331	16.19556076	-0.79472635	1.92635083	0.66831794	0.74911565	3.11483526
0.00000000	10.64571958	0.87988753	-1.61939023	1.83445024	0.73657224	1.08816326	-2.37849951
0.00000000	10.11693791	1.19813869	-1.60913907	1.87634087	0.73517200	1.09018464	-2.39451718
0.00000000	8.50507084	-6.10999308	-1.67812655	1.83640969	0.76417947	0.93503704	-2.21701765
0.00000000	10.09335392	-2.26839718	-1.63594923	1.83243513	0.77150942	1.08521502	-2.25377989
0.00000000	10.83252932	-2.73770031	-1.59355019	1.77450395	0.75568023	1.07112111	-2.25889397
0.00000000	3.79448251	-1.79086233	-1.72425459	1.74021530	0.67478560	0.85910888	2.69540334
0.00000000	3.24762464	-0.90545855	-1.71139882	1.75435042	0.71901107	0.97229426	2.85685062
1.00000000	24.73592507	-18.99808332	-2.16487239	1.52287161	1.72272732	3.90401357	-3.06225920
1.00000000	24.08169947	-16.32246532	-2.03173671	1.41277575	1.60717054	3.45150860	0.09049122
1.00000000	24.29945594	-13.79806368	-2.01951424	1.52418518	1.56204057	3.47921597	0.05103323
1.00000000	15.42422019	4.29019175	-1.44878648	1.87571168	1.85341427	4.79974402	-3.08373284
1.00000000	37.27324887	-0.74830306	-1.31593738	1.47979724	1.52055088	3.31928008	0.04224563

237	198
222	198
231	197
246	198
237	153
222	153
231	154
246	154

590	285
550	291
504	282
543	277
590	158
550	157
504	158
543	159

566	291
522	297
476	287
519	282
566	153
522	152
476	154
519	155

1185	308
1189	319
1084	309
1088	300
1185	150
1189	148
1084	150
1088	152

820	288
796	295
722	287
748	281
820	155
796	154
722	155
748	157

835	277
815	283
746	276
769	271
835	157
815	156
746	158
769	159

1075	569
900	534
908	465
1047	488
1075	151
900	154
908	159
1047	157

953	665
736	627
756	508
913	528
953	140
736	143
756	153
913	151

1231	234
1181	234
1087	226
1131	226
1231	186
1181	186
1087	186
1131	186

1031	225
1073	225
1156	232
1108	233
1031	186
1073	186
1156	187
1108	187

960	225
1002	225
1069	232
1021	233
960	184
1002	184
1069	184
1021	184

427	255
322	256
388	235
464	235
427	151
322	151
388	159
464	159

602	199
630	199
635	201
605	201
602	172
630	172
635	171
605	171

