0.00000000	22.03028829	9.92167121	-1.22116516	1.87914515	0.65601747	1.15901326	-3.01450491
0.00000000	31.26810475	16.23140887	-0.73325465	1.98323250	0.64810903	0.51282605	0.92871016
0.00000000	21.34908124	10.49265611	-1.19055138	1.90532255	0.69918813	1.19330044	-3.07659101
0.00000000	22.06175453	9.22656561	-1.26806496	1.83659673	0.68993137	1.14793534	3.14055276
0.00000000	22.89836783	-5.03966934	-1.62594018	1.79643440	0.63098242	1.25008469	0.29889742
1.00000000	24.79222950	-19.22531818	-2.06900177	1.51871729	1.64269868	3.82724969	-3.12219191
1.00000000	24.08024637	-16.33288798	-1.94792495	1.43714023	1.56703968	3.33883606	0.06713559
1.00000000	24.31282495	-13.78305837	-1.93864922	1.50678134	1.57408950	3.39510566	0.05756599
1.00000000	37.25114873	-0.79355993	-1.31356094	1.44433594	1.54569792	3.35092796	0.05424071
2.00000000	22.50883956	-0.02743319	-1.49235223	1.86770761	0.64357500	1.94469533	0.23479579

286	219
263	219
276	217
298	217
286	156
263	156
276	157
298	158

222	196
237	196
243	196
228	197
222	151
237	151
243	151
228	151

255	220
230	220
248	218
271	218
255	154
230	154
248	155
271	155

307	220
284	220
301	218
323	218
307	159
284	159
301	160
323	160

744	222
761	222
781	224
763	225
744	167
761	167
781	167
763	167

1232	231
1182	231
1096	224
1139	224
1232	183
1182	183
1096	183
1139	183

1034	223
1076	223
1154	229
1106	230
1034	183
1076	183
1154	184
1106	184

960	223
1001	223
1068	230
1020	230
960	182
1001	182
1068	182
1020	182

602	199
630	199
637	201
606	201
602	173
630	173
637	172
606	172

589	220
608	220
623	224
602	224
589	163
608	163
623	162
602	161

