0.00000000	18.55869921	8.69823757	-1.22813008	1.82154894	0.59112757	1.16497278	-2.99606252
0.00000000	31.21684476	16.29843712	-0.75328825	1.96112657	0.60584945	0.45232804	1.03087163
0.00000000	17.91068253	9.19218314	-1.23375116	1.81404114	0.62409443	1.11808824	-3.06736660
0.00000000	18.78957246	8.03148119	-1.27580081	1.73653424	0.60306258	1.15710018	-3.13820219
0.00000000	38.20564119	-3.11818876	-1.39188812	1.65739095	0.67426421	0.91979598	0.11843099
0.00000000	19.05566391	-4.85315950	-1.56856893	1.79993832	0.68074190	1.14744047	0.23650131
0.00000000	38.32338484	-3.77340819	-1.42679284	1.69235325	0.62279686	0.84008237	0.13037503
1.00000000	24.07734269	-16.34974166	-1.92866335	1.43174744	1.55775422	3.33768882	0.06004853
1.00000000	24.78341554	-19.23210119	-2.04807584	1.51936209	1.63002798	3.83381593	-3.12026429
1.00000000	18.11394817	1.86316089	-1.45485149	1.53579080	1.65618878	3.62098813	-0.05298319
1.00000000	24.30828496	-13.78383636	-1.92050533	1.52483821	1.57158892	3.38573581	0.08068494
1.00000000	37.62239155	-0.82244371	-1.26386116	1.39333940	1.53035365	4.05813267	-0.04042974

272	227
247	227
262	225
286	224
272	154
247	154
262	156
286	156

220	197
234	197
240	197
227	197
220	152
234	152
240	152
227	152

238	230
211	230
232	227
257	227
238	154
211	154
232	156
257	156

299	228
275	228
295	225
317	225
299	160
275	160
295	161
317	161

654	200
666	200
670	201
657	201
654	170
666	170
670	169
657	169

766	229
789	229
811	232
786	232
766	163
789	163
811	162
786	162

666	201
678	200
681	201
670	201
666	169
678	169
681	169
670	169

1035	223
1076	222
1154	229
1106	229
1035	183
1076	183
1154	183
1106	183

1233	230
1183	230
1096	223
1139	223
1233	183
1183	183
1096	182
1139	182

511	228
571	228
555	239
482	238
511	172
571	172
555	171
482	171

959	223
1000	223
1069	229
1022	229
959	181
1000	181
1069	181
1022	181

606	198
634	198
634	200
603	200
606	173
634	173
634	172
603	172

