0.00000000	17.62695814	7.37145825	-1.31932233	1.73506534	0.63577334	1.09343646	0.52834129
0.00000000	31.30177448	16.21160005	-0.78785561	1.94657016	0.63868557	0.49658253	0.70761317
0.00000000	17.41076896	8.00870343	-1.28140424	1.82273829	0.59854043	1.16931380	-1.34483218
0.00000000	36.57540773	-3.12015885	-1.36505840	1.73001361	0.59231790	0.93854368	0.04536211
0.00000000	36.66591393	-3.86155530	-1.41205523	1.75796676	0.54516404	0.91302912	-0.14729434
1.00000000	24.05224850	-16.33113372	-1.96056066	1.45264649	1.57879371	3.37914668	0.07845356
1.00000000	24.76738880	-19.20185528	-2.07646130	1.54053569	1.65603726	3.84481832	-3.12161779
1.00000000	24.31398693	-13.79134153	-1.95288078	1.55480766	1.61425111	3.48258458	0.02359639
1.00000000	37.64360829	-0.74447331	-1.22970508	1.41707087	1.56881966	4.13384563	0.03550725
1.00000000	26.66327326	1.67082987	-1.38809131	1.64403820	1.67634769	4.03585403	-0.03307033
2.00000000	39.70086198	0.87481549	-1.18424199	1.64258444	0.72021398	1.85001100	-0.03857546

287	231
314	230
321	232
292	233
287	161
314	161
321	160
292	160

224	198
240	197
243	198
227	198
224	153
240	153
243	153
227	153

301	230
297	231
243	232
250	230
301	156
297	155
243	155
250	156

658	201
669	201
671	201
660	201
658	167
669	167
671	167
660	167

674	201
684	201
684	202
673	202
674	168
684	167
684	167
673	167

1034	224
1075	223
1155	230
1108	230
1034	183
1075	183
1155	184
1108	184

1233	231
1182	231
1096	224
1139	224
1233	183
1182	183
1096	183
1139	183

960	224
1004	224
1069	230
1018	230
960	181
1004	181
1069	181
1018	181

601	197
630	197
636	199
604	199
601	172
630	172
636	171
604	171

543	210
585	210
578	215
529	215
543	169
585	169
578	167
529	167

582	196
595	196
593	197
580	197
582	167
595	167
593	167
580	167

