0.00000000	10.82102750	-0.91397135	-1.58428882	1.74720311	0.86566469	0.98667090	-1.73007679
0.00000000	11.34623979	9.13102752	-1.35545085	1.85908031	0.66723769	1.22274513	3.07152891
0.00000000	37.78121095	15.00211515	-0.69977615	1.83399153	0.58205763	0.82406511	-3.07231832
1.00000000	24.79149919	-19.22185923	-2.10062609	1.52239847	1.63880524	3.87840240	-3.11796427
1.00000000	24.05777981	-16.32686979	-1.94846867	1.43020785	1.57025049	3.30293022	0.06803287
1.00000000	24.26490784	-13.76971697	-1.93549870	1.48888338	1.57332263	3.36641230	0.04224641
1.00000000	37.16520510	-0.76594353	-1.36260841	1.45845044	1.56240040	3.23742565	0.04854299

702	275
701	283
631	281
638	273
702	161
701	159
631	160
638	161

4	272
-38	272
34	262
72	262
4	145
-38	146
34	149
72	149

323	192
312	192
317	192
328	192
323	157
312	157
317	158
328	158

1233	232
1183	232
1095	224
1138	224
1233	184
1183	184
1095	184
1138	184

1034	223
1076	223
1154	229
1106	230
1034	183
1076	183
1154	184
1106	184

961	223
1003	223
1068	230
1019	230
961	182
1003	182
1068	183
1019	183

602	200
630	200
636	202
605	202
602	173
630	173
636	173
605	173

