0.00000000	11.32789913	-3.74645936	-1.56075738	1.69207430	0.67089357	0.80999991	-2.72078490
0.00000000	30.55046232	17.26489318	-0.73334203	2.03582954	0.74868665	0.49214253	0.43303269
0.00000000	20.97524969	8.92188173	-1.23866890	1.78325009	0.69915103	1.28854725	-3.10160971
0.00000000	17.51444842	4.19734654	-1.45503686	1.78595686	0.75129396	0.88725404	-0.05210596
0.00000000	11.65063883	-4.31599492	-1.56658791	1.77232981	0.62754237	0.77648477	3.09565687
0.00000000	28.19283385	13.72345623	-0.87318573	1.93566334	0.74353046	0.98509114	-3.13938260
0.00000000	21.36818986	8.42462590	-1.27359865	1.78553307	0.73835858	1.22433846	3.08638716
1.00000000	24.77915663	-19.21545706	-2.08285389	1.53685045	1.66553541	3.87310103	-3.11305809
1.00000000	37.12451332	-0.73226377	-1.35448144	1.46104205	1.52192837	3.02469824	0.02527250
1.00000000	24.29700400	-13.79384493	-1.94979976	1.53866792	1.60168817	3.34463872	0.07559745
1.00000000	24.04019205	-16.28459629	-1.97288809	1.40513086	1.59155836	3.41183324	0.11798863
2.00000000	21.52557373	-2.49316065	-1.50026558	1.80074656	0.62256032	1.89671924	0.72960693

883	271
849	274
812	267
845	265
883	160
849	160
812	161
845	162

190	197
210	197
209	197
189	197
190	150
210	150
209	149
189	149

302	222
277	222
295	219
319	219
302	159
277	159
295	160
319	160

423	234
452	234
442	237
411	237
423	163
452	163
442	162
411	162

904	270
863	270
848	264
887	264
904	155
863	155
848	157
887	157

259	202
239	202
252	201
271	201
259	152
239	152
252	153
271	153

324	222
299	222
318	219
342	219
324	160
299	160
318	161
342	161

1234	231
1183	232
1095	224
1139	224
1234	183
1183	183
1095	183
1139	183

602	200
630	200
634	202
604	202
602	173
630	173
634	173
604	173

960	224
1002	224
1069	230
1021	230
960	181
1002	181
1069	181
1021	181

1031	224
1071	224
1156	230
1110	231
1031	185
1071	185
1156	185
1110	185

657	222
671	221
719	224
705	225
657	163
671	164
719	163
705	162

