0.00000000	10.64767085	-1.10453304	-1.57488976	1.75923562	0.89131892	1.01101508	-0.21270464
0.00000000	37.74621110	14.88161087	-0.72269485	1.81491411	0.59508622	0.77938108	3.09126449
1.00000000	24.80325448	-19.23153777	-2.08049152	1.52571070	1.64439192	3.88526289	-3.12021136
1.00000000	24.07670021	-16.31857408	-1.94218383	1.43077755	1.56947045	3.31751736	0.07330830
1.00000000	37.15006678	-0.77259415	-1.35443995	1.45745504	1.54781671	3.07218872	0.04133420
1.00000000	24.32184721	-13.78755820	-1.90836648	1.52990150	1.59520915	3.42233212	0.04535005

656	273
715	275
711	285
647	283
656	160
715	159
711	157
647	157

324	192
313	192
320	192
331	192
324	158
313	158
320	158
331	158

1233	231
1183	231
1095	224
1139	224
1233	184
1183	184
1095	183
1139	183

1034	223
1075	223
1153	229
1106	229
1034	183
1075	183
1153	184
1106	184

602	200
631	200
636	202
605	202
602	173
631	173
636	173
605	173

959	222
1002	222
1068	229
1019	229
959	180
1002	180
1068	180
1019	180

