0.00000000	30.10773910	15.25929100	-0.81304203	1.85748887	0.61871476	0.63472904	2.67066240
0.00000000	30.28931618	17.07850255	-0.71961234	1.97175646	0.65328993	0.43898546	0.52681565
0.00000000	37.95074162	-2.82027094	-1.43549393	1.75191367	0.61914478	0.94505580	0.00224781
0.00000000	14.53092349	-3.52778184	-1.59566055	1.70652425	0.61134680	0.89079816	-3.09979248
0.00000000	18.11476883	7.19718682	-1.36623381	1.79593277	0.77917168	1.04578922	-2.49659204
0.00000000	14.18156122	1.44999404	-1.51971934	1.88841319	0.87308107	1.01587772	0.57103699
0.00000000	14.84017498	-4.12684742	-1.59373305	1.73754072	0.60567366	0.90453625	3.01567316
1.00000000	24.78775727	-19.21257973	-2.09370063	1.55438113	1.66446943	3.93916996	-3.13218880
1.00000000	24.06791888	-16.33739785	-1.95200221	1.43782496	1.56776482	3.34144517	0.08526488
1.00000000	24.32633199	-13.78732355	-1.92769818	1.50285590	1.56756828	3.40785416	0.05826579
1.00000000	37.27066391	-0.85827928	-1.37505887	1.49862432	1.56780999	3.25278169	0.01669954

239	199
229	199
243	198
253	199
239	154
229	154
243	155
253	155

191	197
209	197
209	197
191	197
191	150
209	151
209	150
191	150

650	201
662	201
663	202
651	202
650	169
662	169
663	168
651	168

803	252
772	253
760	248
789	248
803	165
772	165
760	166
789	166

341	232
308	234
297	231
328	230
341	160
308	160
297	161
328	161

500	251
539	248
564	253
523	255
500	156
539	156
564	155
523	154

825	251
794	250
788	246
817	246
825	163
794	163
788	164
817	164

1234	232
1182	232
1095	224
1139	224
1234	183
1182	183
1095	183
1139	183

1034	223
1075	223
1155	230
1108	230
1034	183
1075	183
1155	184
1108	184

959	223
1001	223
1068	229
1020	230
959	182
1001	182
1068	182
1020	182

604	200
633	200
637	202
606	202
604	173
633	173
637	172
606	172

