0.00000000	14.95467362	3.24202588	-1.51010750	1.75356054	0.77212390	0.87510191	0.74774384
0.00000000	37.65000293	12.99871144	-0.85666512	1.90185380	0.72150364	0.88222529	-0.07911501
0.00000000	38.80070134	12.08479279	-0.85868881	1.81718147	0.72335899	0.98055750	0.17655426
0.00000000	37.39848890	13.76491095	-0.84117816	1.91247547	0.72295525	0.82420111	-3.04866695
0.00000000	41.23771567	16.52897785	-0.75387619	1.74747992	0.65937081	0.80663828	-1.36712313
1.00000000	24.80949101	-19.22469955	-2.06863735	1.52300417	1.63968692	3.86773222	-3.12728667
1.00000000	24.06325089	-16.31404663	-1.94475238	1.44179773	1.57589818	3.34451920	0.07899171
1.00000000	24.29981734	-13.78283501	-1.90349315	1.51017809	1.57437230	3.36455703	0.05539986
1.00000000	37.16204543	-0.78390021	-1.33966563	1.48942184	1.55397481	3.18091669	0.05448014

421	248
454	246
476	248
443	251
421	164
454	164
476	163
443	163

354	194
367	194
360	195
347	195
354	159
367	159
360	158
347	158

376	194
389	194
387	194
373	194
376	161
389	161
387	160
373	160

346	195
331	195
336	194
350	194
346	158
331	158
336	158
350	158

326	192
324	192
309	192
311	192
326	162
324	162
309	161
311	162

1232	231
1182	231
1096	224
1139	224
1232	183
1182	183
1096	183
1139	183

1033	223
1075	223
1154	229
1107	230
1033	183
1075	183
1154	183
1107	183

960	222
1002	222
1068	229
1020	229
960	181
1002	181
1068	181
1020	181

602	200
631	200
636	201
605	202
602	172
631	172
636	172
605	172

