0.00000000	21.25834917	9.03496240	-1.28186009	1.77405548	0.71476651	1.15668515	0.18727617
0.00000000	20.51036483	10.28809045	-1.21214531	1.83615339	0.65482404	1.11493735	-3.13958597
0.00000000	21.18092838	9.81824774	-1.22972034	1.84219408	0.67052065	1.12285559	-3.13778043
0.00000000	31.26937465	16.22677853	-0.72105167	1.97517622	0.63472461	0.49820895	1.01902986
1.00000000	24.07304864	-16.33765321	-1.93315409	1.43205225	1.57068968	3.34512435	0.06848206
1.00000000	24.75834646	-19.20713939	-2.08564959	1.53980136	1.66263941	3.86318439	-3.13000536
1.00000000	24.42642011	-13.79422389	-1.99020753	1.57607079	1.64676591	3.50376211	0.05373495
1.00000000	37.16117457	-0.73451494	-1.34755931	1.48551512	1.56083781	3.28430157	0.05707501
1.00000000	1.48368274	3.14084354	-1.62359713	1.48495865	1.69832879	3.86732064	0.01146959
2.00000000	25.47232979	0.28126114	-1.43992875	1.81320691	0.68649610	1.99805561	0.15303983

291	220
316	220
307	222
281	223
291	162
316	162
307	161
281	161

245	222
222	222
242	220
265	220
245	156
222	156
242	157
265	157

274	221
250	221
269	219
291	219
274	157
250	157
269	158
291	158

222	196
236	196
243	196
229	196
222	151
236	151
243	151
229	151

1034	223
1076	223
1154	229
1107	229
1034	183
1076	183
1154	183
1107	183

1233	232
1182	232
1096	224
1140	224
1233	183
1182	183
1096	183
1140	183

957	224
1000	224
1068	231
1018	231
957	181
1000	181
1068	181
1018	181

601	200
630	200
636	202
604	202
601	173
630	173
636	172
604	172

583	214
601	214
610	216
590	217
583	165
601	165
610	163
590	163

