0.00000000	30.09980101	16.83763203	-0.74568890	1.95633042	0.68181322	0.55737852	0.38792065
0.00000000	17.47236126	5.12268669	-1.44011317	1.76261592	0.75430690	0.92174662	-2.47322321
0.00000000	30.95086750	16.02465228	-0.77035211	1.92935538	0.62629431	0.66808360	2.86067843
0.00000000	16.61520004	-3.49395401	-1.56860016	1.77985656	0.67824964	0.93333470	2.88925409
0.00000000	16.81990373	5.54013001	-1.45159576	1.73752666	0.76371086	0.98732067	-2.44590235
0.00000000	16.73825916	-4.18580206	-1.57901440	1.77834654	0.66371882	0.93982439	2.68752289
0.00000000	12.13433115	-0.50610492	-1.55804120	1.81456614	0.80289166	0.98356401	-1.16221499
0.00000000	36.47092769	-3.93375848	-1.50850032	1.81980824	0.68191086	0.76185010	0.08446352
1.00000000	24.10759424	-16.36302785	-1.94927392	1.43121696	1.57963900	3.30713925	0.07656897
1.00000000	24.75940554	-19.19573671	-2.07345877	1.52710819	1.65692474	3.81161320	-3.11369944
1.00000000	24.31524929	-13.76640044	-1.94026492	1.52493656	1.60146544	3.39019863	0.07892242
1.00000000	37.36762750	-0.75011002	-1.34125207	1.40163279	1.55734326	3.29685399	0.02398517

195	198
214	197
212	198
193	198
195	151
214	152
212	151
193	151

416	236
386	238
371	235
401	234
416	163
386	162
371	163
401	164

233	198
221	198
233	197
245	197
233	152
221	153
233	153
245	153

771	242
740	241
743	238
772	238
771	162
740	162
743	163
772	163

392	239
359	241
343	238
375	237
392	164
359	164
343	164
375	165

796	241
766	240
775	237
803	238
796	162
766	162
775	163
803	163

651	261
674	267
619	270
600	264
651	158
674	156
619	156
600	157

673	203
686	203
689	204
675	204
673	168
686	168
689	168
675	168

1034	223
1076	223
1154	229
1107	230
1034	183
1076	183
1154	184
1107	184

1233	231
1182	231
1096	224
1139	224
1233	183
1182	183
1096	183
1139	183

958	223
1000	223
1068	230
1020	230
958	181
1000	181
1068	182
1020	182

602	200
631	200
635	201
604	201
602	174
631	174
635	173
604	173

