0.00000000	33.78605843	13.07955541	-0.78601430	1.88206995	0.76300141	0.81074026	-3.13924122
0.00000000	17.64536155	6.01060265	-1.36982201	1.64373159	0.73392305	0.94085320	0.31200346
0.00000000	33.98500995	12.30219791	-0.82754086	1.84816909	0.78790156	0.79852648	1.34916365
0.00000000	40.83948888	12.87827241	-0.75598536	1.86369705	0.69483707	0.77442135	-0.02691031
0.00000000	30.88904431	17.47957029	-0.65806983	1.95053172	0.69932224	0.57160199	0.53390867
0.00000000	33.84330649	10.90080362	-0.88554500	1.71451724	0.79402665	1.10765696	0.07745217
1.00000000	24.80126431	-19.21483341	-2.06089072	1.54713869	1.65432692	3.88072604	-3.11965942
1.00000000	24.06109509	-16.35383869	-1.94469736	1.43744600	1.57090300	3.27253185	0.05709331
1.00000000	24.31387399	-13.78219881	-1.91973297	1.52508092	1.59443680	3.40538652	0.04277825
1.00000000	37.24981609	-0.76427460	-1.31752787	1.42342281	1.52248819	3.24946077	0.05493137
1.00000000	40.53176830	8.47617451	-1.00610016	1.49100494	1.56791445	2.83062364	0.08848154

332	195
315	195
322	195
338	195
332	155
315	155
322	156
338	156

344	232
375	231
375	234
342	235
344	166
375	166
375	165
342	165

333	196
342	195
357	196
348	196
333	157
342	157
357	157
348	156

375	191
387	191
382	191
370	191
375	159
387	159
382	159
370	159

189	195
208	195
208	195
189	195
189	150
208	150
208	150
189	150

368	196
385	196
379	197
362	197
368	161
385	161
379	160
362	160

1233	231
1182	231
1095	223
1138	223
1233	182
1182	182
1095	182
1138	182

1036	223
1078	223
1154	229
1106	229
1036	183
1078	183
1154	183
1106	183

960	223
1002	223
1068	229
1019	229
960	181
1002	181
1068	181
1019	181

602	199
630	199
636	201
605	201
602	173
630	173
636	173
605	173

444	194
471	194
466	195
437	195
444	169
471	169
466	168
437	168

