0.00000000	19.17232840	7.33839587	-1.30661033	1.82557869	0.76495072	1.25491360	3.07709718
0.00000000	40.27292352	10.73652067	-0.88504909	1.74181962	0.66686273	1.15000574	-0.17722440
0.00000000	30.73669233	17.45320370	-0.59393428	1.97368360	0.65750605	0.50717279	0.56675595
0.00000000	32.03952187	11.81112340	-0.84899900	1.77772808	0.88614037	1.16160998	0.15359835
0.00000000	31.17768388	10.49563257	-0.93222783	1.70580816	0.72753139	1.10578623	0.00439067
0.00000000	31.76287350	12.56532920	-0.80511616	1.81759501	0.80711402	0.78556726	3.07572579
1.00000000	24.79584844	-19.21986969	-2.07731460	1.52034461	1.65851869	3.88776880	-3.13131857
1.00000000	24.08470355	-16.31880936	-1.94107781	1.43195331	1.56747809	3.34394355	0.09251118
1.00000000	24.31062146	-13.77407626	-1.92817734	1.49248314	1.57648607	3.36719626	0.05926220
1.00000000	37.16388502	-0.82634625	-1.35168980	1.48613894	1.57511109	3.31830978	0.06557685
2.00000000	36.30306093	6.40370218	-1.21579741	1.74793327	0.65290798	1.79413620	0.30317578

333	228
304	228
326	225
353	225
333	157
304	157
326	159
353	159

412	193
423	193
414	193
403	193
412	163
423	163
414	162
403	162

188	194
206	194
207	194
189	194
188	148
206	148
207	148
189	148

333	197
353	197
348	197
327	198
333	158
353	158
348	157
327	157

359	199
375	199
367	200
350	200
359	161
375	161
367	160
350	160

326	197
308	197
316	196
334	196
326	155
308	155
316	156
334	156

1233	231
1181	231
1095	224
1139	224
1233	184
1181	184
1095	183
1139	183

1033	223
1074	223
1154	229
1107	229
1033	183
1074	183
1154	184
1107	184

959	223
1001	223
1067	229
1019	230
959	182
1001	182
1067	182
1019	182

602	200
631	200
638	202
607	202
602	173
631	173
638	172
607	172

469	200
482	200
487	201
473	201
469	166
482	167
487	166
473	166

