0.00000000	9.37401307	-2.74185130	-1.58458004	1.72019196	0.85288616	0.95820160	-2.77902031
0.00000000	13.66064298	9.39264047	-1.27506004	1.91338253	0.69825006	1.25639556	3.05844331
0.00000000	30.84272334	17.49704763	-0.65687774	1.94976020	0.71097550	0.56544793	0.52136362
0.00000000	33.30571024	8.77427804	-1.11884652	1.67020416	0.74241459	1.02754800	0.08351965
0.00000000	37.87902782	15.10166620	-0.74730275	1.86206436	0.62154343	0.74691286	-2.89712858
1.00000000	24.78206032	-19.20139476	-2.08198492	1.52726936	1.64569193	3.84764044	-3.11017561
1.00000000	24.06239008	-16.34351203	-1.96337102	1.44892383	1.58186775	3.33181933	0.06736138
1.00000000	24.27718514	-13.78136434	-1.94053213	1.52837670	1.57699303	3.39003833	0.03490287
1.00000000	37.15711644	-0.74468663	-1.33004759	1.46778178	1.55153227	3.19883290	0.05738465

874	296
817	300
771	289
824	285
874	157
817	156
771	159
824	159

98	250
61	250
115	244
149	244
98	144
61	144
115	147
149	147

188	195
207	195
207	195
188	195
188	150
207	150
207	150
188	150

409	201
425	201
422	202
405	202
409	166
425	166
422	165
405	165

324	193
311	193
314	193
326	193
324	158
311	157
314	158
326	158

1233	231
1183	232
1095	224
1138	224
1233	184
1183	184
1095	183
1138	183

1034	224
1076	223
1155	230
1107	230
1034	183
1076	183
1155	184
1107	184

961	223
1003	223
1068	230
1019	230
961	181
1003	181
1068	181
1019	181

601	200
630	200
636	201
605	201
601	173
630	173
636	172
605	172

