0.00000000	18.55938811	7.14261406	-1.49347578	1.71330202	0.76278911	1.00762130	2.92404246	19.88637278710522	1.2034165532855021
0.00000000	18.64079174	7.70057879	-1.48386834	1.68330073	0.74872194	1.01614885	2.89053392	20.168738939136727	1.1790450007002198
1.00000000	16.28812614	-14.90419476	-1.37707696	1.44117129	1.67625107	4.15089946	1.48798347	22.077999787040554	2.311855873346597
1.00000000	17.66704007	-4.66940152	-1.41671441	1.71133411	1.70699593	4.35893975	1.41830134	18.273686420368602	1.8291880256192998
1.00000000	26.93270884	-1.10572765	-1.16183041	1.54381490	1.69053187	3.45920889	-0.68045384	26.95539721644236	1.6118284798802514
1.00000000	10.86328281	-4.25991761	-1.46983955	1.50804508	1.66126897	4.30796272	1.54900622	11.66866793828797	1.94450772483853
1.00000000	26.60341514	-3.88883039	-1.19493721	1.50986099	1.70573953	3.65441567	-0.68575954	26.88614325100141	1.7159461640416191
1.00000000	14.57682534	-24.58961939	-1.32185576	1.49559188	1.71468948	4.31413651	1.50312567	28.585542127759798	2.606481113096418
1.00000000	15.51071970	-20.00084457	-1.38662515	1.46473265	1.67156944	4.09965547	0.19978465	25.31039725340688	2.4819682617544365
1.00000000	26.06311597	-6.45967785	-1.13556407	1.48396337	1.66021899	3.59411710	2.44654131	26.85169365219724	1.8137480734591263
1.00000000	17.07770072	-9.98550465	-1.37198875	1.43557596	1.64473778	3.86975627	1.46559227	19.782774451452962	2.099897408756955
