0.00000000	18.51389659	7.13763488	-1.49534319	1.74112153	0.77620462	1.01643769	2.80290031	19.842131907267582	1.2028272859208742
0.00000000	18.61422187	7.70666976	-1.47980211	1.74732280	0.78614464	1.02916172	2.79172158	20.14651370871111	1.1782620309738818
1.00000000	17.67233924	-4.42070334	-1.41228436	1.57143915	1.64937644	4.20188371	1.45957053	18.216865598503244	1.815914440214974
1.00000000	16.27593919	-14.87373867	-1.33903621	1.45698047	1.66956971	4.06120859	1.49826670	22.048453427395565	2.3112099300725
1.00000000	10.87943378	-3.63060299	-1.44215677	1.48194253	1.64448242	4.35074756	1.56848240	11.469235259789645	1.8928880877911967
1.00000000	26.57377594	-3.83590146	-1.21891664	1.50575042	1.67393998	3.51859770	-0.67624187	26.849203111454777	1.7141552232308714
1.00000000	14.59917395	-24.58105562	-1.34035919	1.51334250	1.69031259	4.27090275	1.53451967	28.589581588681778	2.605655934079291
1.00000000	26.92470300	-1.06718666	-1.18771384	1.52249706	1.66780039	3.42453687	-0.68866819	26.94584418802816	1.6104115579293463
1.00000000	15.48747263	-19.97620777	-1.39719985	1.48822188	1.66344407	3.99194736	1.36297786	25.276682641027232	2.482097726182019
1.00000000	17.05244215	-10.26895548	-1.30676244	1.43167627	1.61919437	3.65141191	1.42316604	19.905708475945254	2.1128308204088246
