0.00000000	23.21991419	-7.12289559	-1.29998038	1.78857517	0.70444871	0.91076485	0.01914339
0.00000000	23.44585469	-6.53929334	-1.32129834	1.79324019	0.74790873	0.92678156	-0.29148260
0.00000000	23.52589055	-7.61798307	-1.28717099	1.77727783	0.70648491	0.96767835	-0.11212764
1.00000000	38.22449383	4.77760466	-1.38668344	1.40056849	1.63479243	4.10216388	3.10229301
2.00000000	12.58451562	-9.37386061	-1.33649610	1.72561228	0.55244589	1.76810309	3.06008768
2.00000000	20.50682996	-9.35238161	-1.20770536	1.83760619	0.62652771	1.88895997	-3.07593918

820	215
842	215
852	217
829	217
820	160
842	160
852	160
829	160

804	216
827	216
827	218
803	217
804	161
827	161
827	160
803	161

834	214
856	214
863	216
840	216
834	160
856	160
863	160
840	160

529	208
497	208
511	204
540	204
529	180
497	180
511	179
540	179

1220	254
1183	254
1114	243
1146	243
1220	145
1183	145
1114	149
1146	149

975	219
953	219
918	215
939	215
975	150
953	150
918	152
939	152

