1.00000000	17.01683120	5.73435834	-1.74057804	1.50966334	1.68036991	3.75662509	3.13390517
1.00000000	22.87119815	5.60977333	-1.67499052	2.43636322	1.96967486	5.19394655	0.00686242
1.00000000	34.51994846	3.41838285	-1.50155566	1.46822608	1.65525142	4.09671382	-3.12545562
1.00000000	37.21651780	5.74793063	-1.37295673	1.54775047	1.58870910	3.58984784	0.00894623

374	265
293	265
358	246
423	246
374	191
293	191
358	188
423	188

422	227
478	227
446	241
374	241
422	157
478	157
446	153
374	153

554	213
516	213
526	209
559	209
554	180
516	180
526	179
559	179

488	205
518	205
509	208
477	208
488	176
518	176
509	176
477	176

