0.00000000	11.55328625	-5.74383359	-1.45434521	1.74125648	0.75919103	0.96527801	0.03220268
0.00000000	11.33574687	-6.99222715	-1.38736580	1.70671177	0.71536530	0.89100505	0.19488238
0.00000000	12.41054284	-8.50672722	-1.31539820	1.72026145	0.71178541	0.91514180	0.44686049
0.00000000	13.72320777	-10.70850523	-1.13315449	1.70923805	0.63522031	0.75180664	-2.96471190
0.00000000	12.41391960	-6.69044068	-1.39240907	1.74246001	0.69534041	0.92700900	3.09832001
0.00000000	13.05633595	-8.71809909	-1.26092957	1.70554113	0.65856584	0.91684461	3.09024429
0.00000000	15.33920639	-9.72937659	-1.21663116	1.72124696	0.58787120	0.64354288	-2.70753527
1.00000000	47.20919760	-12.31200946	-1.09679900	1.43916774	1.56759557	3.69376258	-2.98165274

942	261
988	261
1024	269
974	269
942	154
988	154
1024	152
974	152

1028	258
1067	257
1116	264
1074	265
1028	150
1067	150
1116	149
1074	148

1079	247
1104	245
1162	250
1137	252
1079	147
1104	147
1162	146
1137	145

1222	232
1193	233
1155	229
1183	229
1222	138
1193	138
1155	140
1183	140

1048	258
1004	257
978	251
1018	251
1048	150
1004	150
978	151
1018	151

1143	245
1103	244
1071	239
1108	240
1143	144
1103	145
1071	146
1108	146

1104	230
1086	231
1055	229
1072	228
1104	147
1086	147
1055	148
1072	148

824	194
800	195
777	193
799	193
824	171
800	171
777	172
799	172

