0.00000000	10.99117806	4.99420919	-1.61566875	1.77891135	0.70131539	0.75182562	-1.35563815
0.00000000	13.77888981	5.63295515	-1.63091455	1.79623699	0.60344676	0.60830050	-1.34802437
0.00000000	14.88231232	5.69186211	-1.59505055	1.76153731	0.64647766	0.93499759	-2.00924802
1.00000000	47.09552966	9.66326061	-1.54725836	1.48713875	1.69989843	4.31641999	3.06866860
1.00000000	22.71876335	-20.66634454	-1.03711913	1.43046796	1.69035134	3.86606267	-1.52101529
2.00000000	10.06529645	-5.74204796	-1.39036248	1.69421959	0.58753773	1.73675324	-0.12402282

309	283
300	290
243	292
256	285
309	168
300	167
243	167
256	168

332	264
327	268
291	269
298	265
332	170
327	170
291	170
298	170

361	258
337	261
302	259
327	255
361	171
337	171
302	171
327	171

465	206
438	206
458	203
483	203
465	182
438	182
458	181
483	181

1308	203
1365	205
1242	205
1193	203
1308	158
1365	157
1242	157
1193	158

990	264
1032	265
1096	283
1046	282
990	150
1032	150
1096	145
1046	145

