0.00000000	10.59496779	-19.67270813	-1.60810063	1.77681088	0.69431827	0.98828367	0.48362914
1.00000000	10.25800517	-9.79444102	-1.68264101	1.56503010	1.68206425	3.60012870	-0.73721284
1.00000000	13.73355514	-13.34811135	-1.67634211	1.61366010	1.60831778	3.68926525	-0.85437381
1.00000000	17.20250406	-16.59419850	-1.62776289	1.64838064	1.62400980	3.97003544	2.60214353

1919	270
1921	267
2068	276
2071	279
1919	149
1921	150
2068	148
2071	147

1245	270
1396	281
1439	316
1239	299
1245	175
1396	175
1439	176
1239	176

1285	248
1397	255
1389	272
1256	262
1285	172
1397	172
1389	172
1256	172

1406	248
1300	244
1253	231
1338	234
1406	168
1300	168
1253	169
1338	169

