0.00000000	9.28647455	-9.42936069	-1.28394244	1.78521395	0.70451090	0.93710689	-1.96848297
0.00000000	21.42869046	-2.23143728	-1.55974064	1.76822615	0.80708916	0.94993193	0.39171344
0.00000000	9.83686133	-12.28710978	-1.25684522	1.69322586	0.62113134	0.90060375	2.58253455
0.00000000	9.80135014	-13.03418812	-1.27775381	1.66264391	0.63395857	0.90674491	2.54632330
0.00000000	12.38634335	-7.21623898	-1.32600449	1.80453324	0.69674418	0.76953204	1.03542888
0.00000000	20.90457364	-2.79569124	-1.53584383	1.64803839	0.71538749	0.93554752	0.51252830
0.00000000	8.18551528	-12.89157491	-1.27448843	1.65224850	0.65817966	0.95278825	1.10918725
1.00000000	8.07958779	5.22056379	-1.69909451	1.45647681	1.57072826	3.97032123	-3.12296271
1.00000000	18.35864971	5.06051967	-1.53325866	1.58848333	1.69498419	3.95812173	-0.01377456
1.00000000	23.67456587	4.73322115	-1.46072636	1.44446707	1.57745324	3.74345999	3.10675955
1.00000000	32.47514022	5.07199388	-1.36698292	1.54541397	1.61405645	3.75709314	-3.13652587
2.00000000	33.53407508	-1.59312298	-1.39481304	1.75141048	0.67887181	1.71187300	0.06926530

1404	267
1441	275
1337	271
1308	264
1404	127
1441	123
1337	125
1308	128

668	229
692	228
708	231
683	232
668	170
692	170
708	169
683	169

1601	265
1526	262
1490	255
1559	258
1601	129
1526	131
1490	134
1559	133

1665	266
1584	263
1548	256
1621	259
1665	132
1584	134
1548	137
1621	136

1017	251
1018	247
1070	249
1072	253
1017	142
1018	144
1070	143
1072	141

690	229
710	228
730	231
710	232
690	172
710	172
730	172
710	172

1753	278
1698	271
1833	276
1901	284
1753	126
1698	129
1833	127
1901	123

74	391
-124	392
168	303
285	302
74	210
-124	211
168	195
285	195

400	234
461	234
422	249
347	249
400	176
461	176
422	177
347	177

477	229
425	229
456	220
500	220
477	180
425	180
456	179
500	179

510	212
471	212
486	208
520	208
510	176
471	176
486	175
520	175

636	207
650	207
655	209
640	209
636	170
650	170
655	170
640	170

