1.00000000	8.29438097	-3.14395804	-1.57617341	1.48235357	1.55056950	3.59504254	-0.02483120
1.00000000	8.94268626	5.40293141	-1.72868870	1.50419986	1.53062893	3.65186961	-3.13633823
1.00000000	36.88126112	5.12033513	-1.21293400	2.40945029	2.01460609	5.23566321	0.02188032
1.00000000	3.59799674	-3.10041026	-1.62937818	1.55874729	1.57629377	3.47535767	-0.03056221
1.00000000	30.97135142	5.22886577	-1.41653297	1.51016998	1.60117855	3.70047312	3.09426379
1.00000000	14.13071030	-3.02786576	-1.44755207	1.63161731	1.63104942	3.84965570	-0.01384548

792	286
907	287
1069	353
887	352
792	178
907	178
1069	181
887	181

129	363
-33	363
189	297
295	296
129	204
-33	204
189	193
295	193

497	201
534	201
525	206
482	206
497	157
534	157
525	155
482	155

956	394
1186	396
2429	898
1663	876
956	172
1186	172
2429	172
1663	172

498	215
458	215
479	210
514	211
498	178
458	178
479	177
514	177

715	240
790	240
845	262
746	262
715	166
790	166
845	164
746	164

