0.00000000	5.70298998	-2.31720272	-1.68902455	1.76469791	0.88806882	0.95693257	0.02437670
0.00000000	9.81764291	-7.17170866	-1.44305168	1.65561450	0.70636821	0.78255268	0.66486585
0.00000000	5.22719590	-2.91076710	-1.69243298	1.65304506	0.83534435	0.97818390	0.04657121
0.00000000	8.44870931	-7.74765266	-1.45790098	1.68153477	0.71100546	0.78831480	2.89858437
0.00000000	10.22236159	-6.41261527	-1.42207585	1.70338380	0.72365748	0.80621446	0.79430223
0.00000000	7.96780837	-2.58711263	-1.63243793	1.72303462	0.81406918	0.93906428	0.88000143
0.00000000	9.49573956	-5.35228880	-1.48488949	1.70497406	0.73294843	0.92346551	0.35571349
0.00000000	10.71120940	-7.21831824	-1.37859271	1.65825772	0.65496736	0.76866189	1.41267169
0.00000000	9.50827410	-4.47784725	-1.52078496	1.83137107	0.77000025	0.94378583	0.36924058
1.00000000	8.06575386	4.69674311	-1.65480016	1.41576290	1.53207701	3.65512998	3.10667777
2.00000000	28.80677424	-2.99133251	-1.31061635	1.64236963	0.50712322	1.72744127	-0.67462659

847	375
954	374
1025	413
896	414
847	158
954	158
1025	155
896	155

1113	277
1132	272
1202	279
1187	284
1113	153
1132	154
1202	152
1187	151

949	391
1057	390
1162	437
1031	439
949	171
1057	171
1162	170
1031	170

1366	303
1286	300
1242	288
1314	291
1366	145
1286	145
1242	148
1314	147

1040	273
1053	268
1121	273
1110	279
1040	149
1053	150
1121	149
1110	148

801	324
832	313
917	324
891	337
801	162
832	163
917	162
891	161

982	282
1023	280
1090	290
1047	293
982	153
1023	154
1090	152
1047	151

1096	267
1074	262
1130	263
1157	269
1096	150
1074	151
1130	151
1157	149

914	286
958	283
1020	293
973	297
914	147
958	148
1020	145
973	144

132	381
-48	379
210	301
324	301
132	209
-48	208
210	195
324	195

693	209
704	210
680	212
669	211
693	169
704	169
680	169
669	169

