0.00000000	8.13779078	5.87503283	-1.68784926	1.76664948	0.65622926	0.73650244	-1.84760964
0.00000000	5.41022138	4.51226987	-1.70515297	1.83171034	0.81513430	0.87854133	1.86499798
1.00000000	41.32197531	10.90583299	-1.36883305	1.50589585	1.72169052	4.03150885	-2.89002347
1.00000000	17.72510754	-20.26935847	-1.19807742	1.47866130	1.73107307	4.01694775	-1.56505263
2.00000000	9.24718129	5.79528809	-1.65221057	1.79439616	0.71415368	1.69636137	-1.57414174

130	330
72	343
19	339
80	326
130	172
72	172
19	172
80	172

-132	444
-56	405
80	394
31	430
-132	157
-56	159
80	160
31	158

435	206
402	207
404	203
434	203
435	178
402	179
404	178
434	178

1489	215
1582	220
1408	220
1332	215
1489	157
1582	156
1408	156
1332	157

232	307
200	318
58	318
101	307
232	168
200	167
58	167
101	168

