0.00000000	21.77510513	-7.06706047	-1.41858814	1.83067691	0.70792711	1.04224933	-0.58959228
1.00000000	36.59526423	4.77929366	-1.59554718	1.46740317	1.64755755	3.98358263	3.09215403
2.00000000	11.92165927	-9.39256267	-1.39726065	1.78207850	0.51118449	1.77148518	3.10630178
2.00000000	19.67741690	-9.35227494	-1.33083985	1.77716029	0.61361935	1.89175982	-2.67486024

842	221
866	222
856	224
832	223
842	161
866	161
856	161
832	161

525	213
491	213
507	209
538	209
525	183
491	183
507	181
538	182

1260	263
1225	263
1141	250
1172	250
1260	143
1225	143
1141	147
1172	147

1000	225
985	226
922	221
938	221
1000	156
985	156
922	157
938	158

