1.00000000	5.18350633	3.43202541	-1.83450864	1.47849822	1.68844728	4.59340811	-3.11497760
1.00000000	22.42039881	6.08583751	-1.84550581	1.60213077	1.62904090	3.67466588	-3.14092016
1.00000000	13.19583843	5.87316563	-1.74243454	1.55895472	1.59576614	3.71298978	0.02066282
2.00000000	10.27228017	4.07557237	-1.73418913	1.75056171	0.74579967	1.65974231	3.08370352

-64	681
-548	690
180	358
352	357
-64	274
-548	276
180	210
352	209

425	246
367	246
404	235
453	235
425	189
367	189
404	186
453	186

285	264
363	263
286	294
181	294
285	187
363	187
286	192
181	192

319	315
262	315
321	293
370	293
319	177
262	177
321	176
370	176

