1.00000000	46.11427408	3.10235023	-1.29217885	1.44559407	1.70149097	3.92277272	3.12785125
1.00000000	30.22835380	5.48630514	-1.54579387	2.54723787	1.97297648	5.22702901	-0.00340646
1.00000000	24.26052094	5.53982132	-1.66615699	1.46576011	1.59252129	3.75557605	3.14066243
1.00000000	1.59942978	-3.14100165	-1.67370496	1.49473357	1.62126642	3.98662216	-0.00019561
1.00000000	7.49038646	-2.92959464	-1.59600304	1.65781379	1.66045835	3.76520471	-0.03640045
1.00000000	44.44693013	5.57093369	-1.39338980	1.51500130	1.59807974	3.72329699	0.07172965

573	201
545	201
551	198
577	198
573	177
545	177
551	177
577	177

468	213
511	213
492	221
440	221
468	157
511	157
492	154
440	154

457	234
405	234
435	225
479	225
457	187
405	187
435	185
479	185

787	296
920	297
1123	386
893	384
787	165
920	165
1123	160
893	160

508	201
534	201
531	204
504	204
508	177
534	177
531	178
504	178

