0.00000000	10.00950838	-5.68179457	-1.44875167	1.76905954	0.75500160	0.98637311	0.13469702
0.00000000	10.74351762	-8.44555905	-1.37001036	1.74854994	0.71525378	0.91027923	-3.12298870
0.00000000	11.57829762	-8.68393873	-1.32099650	1.67988229	0.61790520	0.79266052	3.03675532
0.00000000	10.82615978	-9.09783715	-1.33805559	1.66588545	0.65057580	0.85943882	3.09616470
0.00000000	10.88601163	-6.63362051	-1.41842602	1.80536449	0.69369815	0.91822014	3.01304579
0.00000000	9.79852300	-6.92226636	-1.38658009	1.77429819	0.74195791	0.91184715	2.96277452
0.00000000	29.24805942	-9.73748157	-1.23452256	1.63910961	0.62401769	0.85492440	3.11944890
0.00000000	12.25345260	-10.63718168	-1.14940320	1.58586192	0.57126864	0.74113466	-2.66866112
0.00000000	11.61724894	-7.82846652	-1.37498019	1.73230577	0.67809279	0.87136611	3.06551695
1.00000000	47.56747296	4.02864908	-1.50235293	1.52754927	1.60538131	3.76403269	-0.24492359
2.00000000	32.30479140	3.50878866	-1.37170671	1.78860641	0.61595369	1.87483618	3.11592007
2.00000000	25.42053775	-4.77723824	-1.38595794	1.75871301	0.62165856	1.55196017	-0.12329924

987	273
1035	272
1091	283
1037	284
987	147
1035	148
1091	145
1037	145

1250	267
1199	267
1148	260
1195	259
1250	141
1199	141
1148	144
1195	144

1208	257
1164	256
1132	251
1173	251
1208	145
1164	146
1132	147
1173	147

1286	264
1238	264
1191	256
1236	257
1286	145
1238	145
1191	147
1236	147

1109	271
1056	271
1027	262
1075	263
1109	142
1056	143
1027	145
1075	145

1193	280
1127	278
1092	269
1152	270
1193	138
1127	138
1092	141
1152	141

865	207
849	207
843	206
858	206
865	165
849	165
843	166
858	166

1291	239
1275	241
1219	237
1236	236
1291	142
1275	141
1219	143
1236	144

1154	261
1107	261
1074	254
1118	255
1154	146
1107	146
1074	148
1118	148

547	201
569	201
551	204
527	203
547	179
569	179
551	179
527	179

536	211
522	211
528	209
541	209
536	170
522	170
528	170
541	170

738	215
756	215
759	218
741	217
738	166
756	166
759	165
741	165

