0.00000000	13.24518605	-2.24431188	-1.62053941	1.76285577	0.85383065	0.90647442	-0.00745986
0.00000000	12.72713762	-2.75403826	-1.62123571	1.68715537	0.78587752	0.89678411	0.04569687
0.00000000	9.96423897	-4.76359568	-1.51993702	1.64937258	0.77767011	0.83809142	-0.13054380
0.00000000	17.06158236	-5.17480122	-1.43359850	1.84563184	0.77821565	0.85413707	0.07383964
0.00000000	17.04281506	-4.35413687	-1.44750081	1.82260609	0.78260444	0.87670049	-0.07417048
1.00000000	10.26224588	5.03327721	-1.58873032	1.61505926	1.65261250	3.89370354	-0.01677670
1.00000000	15.49417220	4.78548000	-1.47490547	1.39114046	1.54753280	3.60033136	3.11880898

711	262
757	262
767	268
718	268
711	167
757	167
767	166
718	166

745	265
788	265
804	271
757	272
745	170
788	170
804	170
757	170

930	279
988	280
1014	290
950	288
930	162
988	161
1014	161
950	161

812	235
844	234
859	238
825	238
812	157
844	157
859	156
825	156

780	235
813	236
821	239
786	239
780	159
813	159
821	158
786	158

261	274
361	274
234	323
87	322
261	176
361	176
234	178
87	178

395	259
312	259
378	241
444	241
395	184
312	184
378	182
444	182

