1.00000000	7.29834971	5.44126661	-1.76768265	1.49863851	1.53496516	3.64235200	-3.13742208
1.00000000	6.64072288	-3.14147096	-1.62142799	1.46760690	1.57004658	3.64676965	-0.01438765
1.00000000	1.85589790	-3.08857466	-1.65017519	1.50142360	1.57247860	3.57978815	-0.01815892
1.00000000	35.21605542	5.23380731	-1.40331767	2.49299812	2.01270094	5.22791273	0.03292173
1.00000000	12.44836857	-2.98040792	-1.49674855	1.68731928	1.63828746	3.76413339	-0.01997066
1.00000000	29.29412189	5.28194779	-1.52295683	1.49252594	1.63922984	3.77058763	-0.09601457

-28	426
-242	426
107	322
233	321
-28	218
-242	218
107	199
233	199

826	312
965	312
1244	425
991	424
826	182
965	182
1244	191
991	191

489	206
528	206
518	211
473	211
489	158
528	158
518	156
473	156

726	250
810	251
879	279
763	279
726	164
810	164
879	161
763	161

473	215
511	215
487	221
445	220
473	180
511	180
487	181
445	181

