0.00000000	13.87855505	2.59394897	-1.51332722	1.84740078	0.68908883	1.14592745	0.62765038	14.118883154656551	1.3860247879925967
0.00000000	14.97601333	1.52863703	-1.49024437	1.77599895	0.68781360	1.11235294	-0.02890146	15.053826969572386	1.4690762561187445
0.00000000	31.52962735	10.13665450	-1.12355135	1.80935884	0.68108690	1.06008641	0.21509145	33.119015161719986	1.2597367769829029
0.00000000	14.35658179	1.94142994	-1.49751399	1.85442507	0.70891145	1.13051714	0.41398516	14.487256155148497	1.4363824485923864
0.00000000	14.23805387	-1.16135949	-1.52970646	1.76221836	0.79979457	1.07791134	-0.41606936	14.285339823400598	1.6521834418460253
0.00000000	33.45278439	9.78883693	-1.12370394	1.75489283	0.72489342	0.93140641	0.10300208	34.855560702504256	1.2861270680586614
0.00000000	38.94249013	14.24941515	-0.81153284	1.79508209	0.67946181	1.18806574	-0.12792005	41.46761832613729	1.2200194004110556
1.00000000	24.05981014	-16.31942109	-1.97630332	1.46068335	1.58034579	3.33113043	0.09030068	29.072288672988638	2.166799683214112
1.00000000	32.10058965	2.51284649	-1.40464542	1.48721170	1.58898360	3.73783990	0.10284550	32.198792731405206	1.4926752532907814
1.00000000	24.76368954	-19.21550726	-2.13909487	1.52961898	1.66410867	3.83776803	-3.12528014	31.34447381744696	2.230702724511049
1.00000000	37.25769896	-0.81403130	-1.32458673	1.47500968	1.53557517	3.37450912	0.01680858	37.266590651029034	1.5926415246980274
1.00000000	24.44132253	-13.79392524	-2.01594887	1.57313085	1.63330357	3.54115837	0.05506561	28.06511394137203	2.0846044427266355
2.00000000	38.94249013	14.24941515	-0.81153284	1.79508209	0.67946181	1.18806574	-0.12792005	41.46761832613729	1.2200194004110556
