0.00000000	31.40345122	12.26999383	-0.93305347	1.83268523	0.79593862	0.99689121	3.12599587	33.71541927835331	0.3724818996089538
0.00000000	35.63438215	13.32479025	-0.79697333	1.87282991	0.67362252	0.61430041	-3.11769843	38.044174671278306	0.35783289178388067
0.00000000	40.59674614	11.13745288	-0.92850957	1.74439383	0.71574771	0.93860116	0.19795376	42.09677723781032	0.26775575322081346
0.00000000	9.24100437	-4.05313216	-1.59567640	1.79513943	0.69490812	0.98993480	-2.43651533	10.09078996277226	-0.4133358559925768
0.00000000	39.21249791	12.61379342	-0.74202345	1.85184574	0.68805626	0.73398587	0.27303612	41.191355607508115	0.31122423225349605
0.00000000	10.91101295	-3.64902396	-1.53380797	1.71551967	0.70213832	0.93703654	-3.01867867	11.50502409626863	-0.32274167242041224
0.00000000	39.43320074	13.97464150	-0.65655134	1.90747905	0.73736741	0.76241603	-0.13847099	41.83620352822013	0.3405783274755282
0.00000000	40.40348655	11.66006891	-0.85003732	1.74942017	0.69905700	0.86056253	0.21176617	42.0523356352769	0.2809569245748352
0.00000000	10.86839626	-2.94256963	-1.52335248	1.74934244	0.69484303	0.95419194	-2.62369442	11.25969596799933	-0.26440657122602207
0.00000000	10.21189752	-2.33501384	-1.56236265	1.69377494	0.69118895	0.96856018	-2.59828329	10.475454195020554	-0.2247917441126538
0.00000000	39.12660699	15.85640907	-0.66789816	1.82686901	0.60817917	0.74196474	-0.36998639	42.21749735767263	0.3850317481840904
0.00000000	24.25287648	5.47073515	-1.39982102	1.75949717	0.72371826	1.16771891	0.27999792	24.862239654455564	0.22185745183006644
0.00000000	39.56739275	13.44417020	-0.71102045	1.88083863	0.74163032	0.76533125	0.18673819	41.78904499266908	0.3275404177519017
0.00000000	35.36875373	14.11536869	-0.76685093	1.95815015	0.67790660	0.64393521	-3.08644819	38.08139143555579	0.37972293513198707
0.00000000	39.58568573	15.63527961	-0.65845392	1.81097066	0.62942125	0.74451934	0.02508771	42.56158459452852	0.37616531448723967
1.00000000	24.79549709	-19.22816728	-2.11730752	1.53336048	1.64339778	3.90488788	-3.11888409	31.377365932911914	-0.6596037161896428
1.00000000	24.06222946	-16.35354193	-1.96028052	1.46911538	1.58233909	3.36138355	0.09465996	29.093456656814773	-0.5969272708061135
1.00000000	24.50930445	-13.78396812	-2.02297864	1.57582927	1.65288637	3.54120418	0.06782162	28.119455573605368	-0.512311487097899
1.00000000	37.16514738	-0.79954298	-1.37728069	1.46918273	1.56189674	3.19721699	0.05243101	37.173746767765934	-0.021509928588900492
2.00000000	24.58097056	5.02830305	-1.41403912	1.76120424	0.72506156	1.64808004	0.19066848	25.0899969157875	0.20177707533129746
