0.00000000	9.37582694	-2.19132775	-1.58642207	1.74895787	0.77027726	1.06004343	-2.49276400	9.62850186253032	-0.22959956217321723
0.00000000	8.89391021	-1.54966304	-1.60033689	1.83821487	0.75463833	1.09404373	-2.44543695	9.02790642181698	-0.17250685895431223
0.00000000	9.33730853	-4.67727686	-1.62938378	1.84244990	0.74178851	1.03794987	-2.62078285	10.443287289426745	-0.46438610100167227
0.00000000	34.00930856	13.24636560	-0.81685613	1.92056191	0.75069666	0.71382452	3.08602428	36.49793515170622	0.37141537021351556
0.00000000	33.92845706	13.96916791	-0.77697466	1.92986703	0.69903371	0.71669009	3.01157284	36.69165914169101	0.3905724364351416
0.00000000	36.23563114	11.34634771	-0.86505125	1.81841111	0.73253089	0.93754765	0.21109867	37.97052238869463	0.30345581349956846
0.00000000	37.78406695	12.07837557	-0.89228175	1.92095232	0.68763918	0.69817069	0.07305699	39.667655233099616	0.3094021976008074
0.00000000	38.02548710	10.78341886	-0.94195996	1.79154837	0.75381257	0.74089577	0.64182818	39.52492620489594	0.2763290219535357
0.00000000	14.12441354	-3.90052043	-1.61641632	1.80941331	0.83355096	0.98407998	-3.13400793	14.653092420161101	-0.26943922791231645
0.00000000	11.08367443	-2.28294573	-1.59954045	1.76179421	0.74748899	1.59399996	-3.05026913	11.316345703289604	-0.20313287400045577
1.00000000	19.54424005	-9.01264391	-1.70919488	1.53923047	1.78276379	4.07555574	1.49650884	21.522199454992606	-0.4320797887342546
1.00000000	24.10536063	-16.34873403	-1.93799661	1.45209301	1.60264263	3.37839346	0.09887158	29.126440144412328	-0.5959583692872343
1.00000000	24.77191373	-19.23451800	-2.08818553	1.51926804	1.62901643	3.87180291	-3.11125708	31.3626273220036	-0.6602245358173607
1.00000000	37.16319988	-0.76016878	-1.33483217	1.45333254	1.50703192	3.15973978	0.04064664	37.17097364738942	-0.020452027552075376
1.00000000	24.41757604	-13.79085465	-1.97187869	1.56230021	1.68187289	3.45074378	0.05811780	28.042925875282855	-0.5141289533866349
2.00000000	11.08367443	-2.28294573	-1.59954045	1.76179421	0.74748899	1.59399996	-3.05026913	11.316345703289604	-0.20313287400045577
