0.00000000	27.21980998	12.70518805	-1.00833366	1.91959214	0.67490669	1.00921236	-3.13262773	30.03897233150912	1.1340904295419185
0.00000000	27.28238106	12.08491827	-1.05694077	1.88208783	0.63629343	1.01283883	3.09235454	29.839128102135064	1.1538148795196486
0.00000000	15.33258840	3.22834567	-1.50953601	1.82684278	0.72366085	1.00206231	0.69548702	15.668774132293256	1.3632731008500543
0.00000000	14.73096546	3.92118504	-1.49559258	1.85339069	0.70656624	0.96949770	0.36675084	15.243917983957827	1.3106422197787295
0.00000000	12.15784675	-3.72650749	-1.54426978	1.73902714	0.72120114	0.79907485	-2.97982788	12.716135248946971	1.8682152880029812
0.00000000	42.30413939	13.62870116	-1.00803159	1.77909911	0.71501732	1.05706885	-0.75407511	44.44526639403948	1.2591352593670007
0.00000000	42.36116409	13.07613724	-1.03163825	1.74092245	0.72528241	1.13568353	-0.72753012	44.333436458041696	1.2713933688424512
1.00000000	24.77753288	-19.22145894	-2.11841343	1.52141178	1.65517989	3.82089395	-3.12348580	31.35905960646121	2.2305820436325816
1.00000000	24.05890917	-16.32265731	-1.96530376	1.44433701	1.57743269	3.30608017	0.07230323	29.073359835251352	2.166909199257395
1.00000000	37.15596199	-0.77432080	-1.33100174	1.48974514	1.55556720	3.15551538	0.04316680	37.16402943847232	1.5916330564389167
1.00000000	24.32234162	-13.78488290	-1.96737818	1.53459060	1.53605467	3.36557156	0.00200922	27.957097461050864	2.086414502866804
