0.00000000	19.49237648	3.80096687	-1.47439061	1.80278265	0.65477761	0.97752457	-2.83919120	19.859508805227154	1.3782153496513068
0.00000000	19.87175063	3.13822345	-1.48200427	1.76633096	0.62015331	1.00377014	2.83010244	20.118024742082294	1.4141660408027572
0.00000000	26.38292564	9.79981171	-1.18336330	1.83097196	0.71755930	1.02139758	3.12186480	28.144183677577548	1.215145809328229
0.00000000	21.30577941	4.75841321	-1.44276999	1.80596924	0.73170795	1.07527971	-0.29775339	21.830683281672208	1.3510633315231702
0.00000000	26.33891106	10.70293125	-1.11841677	1.83471060	0.68061485	1.03633592	-3.13560128	28.430458546580233	1.184824087418054
0.00000000	34.40476468	10.74580895	-1.00616811	1.69078147	0.68296727	0.89479889	-0.09523555	36.04386553459653	1.2680618712057425
0.00000000	21.94134060	3.19659584	-1.44744239	1.79290938	0.70973470	1.06531931	0.46468180	22.17297121022606	1.426125879027481
0.00000000	21.94490935	3.89166882	-1.46258889	1.74302685	0.72785043	1.03910212	-2.88090992	22.287308778411933	1.395282928263451
1.00000000	24.79365499	-19.22412232	-2.08406202	1.52340460	1.64005254	3.88446607	-3.12482071	31.373431542269554	2.230334139331411
1.00000000	24.07530734	-16.31991801	-1.93730650	1.42967570	1.57170280	3.31885344	0.08083909	29.085394055583638	2.1665147310773425
1.00000000	24.29708933	-13.75131105	-1.92385654	1.46647024	1.57212709	3.38419017	0.07340520	27.918579933511158	2.085814332857698
1.00000000	37.14619436	-0.77096538	-1.34094344	1.57510972	1.58522553	3.11674727	0.05922307	37.154194151509394	1.5915482428410594
2.00000000	28.96485329	6.79452796	-1.30878470	1.78474867	0.73242627	1.82726493	0.17623466	29.75110647203639	1.3403839716335393
2.00000000	40.87686037	0.91542194	-1.28867267	1.67647815	0.62555588	1.71830325	-2.90517020	40.88710935046289	1.5484054449156834
