0.00000000	9.88625225	-2.59943259	-1.57982991	1.75831914	0.70904721	1.04303525	-2.52848339	10.22228121999117	1.8279107065439164
0.00000000	35.07511741	13.99666887	-0.77210424	2.03296709	0.70121673	0.75267922	3.13415051	37.764673979550146	1.19111057865871
0.00000000	10.48214561	-3.15803227	-1.56626497	1.67762053	0.66696680	0.99465996	-2.60873604	10.947535997091018	1.8634245212559897
0.00000000	35.33884601	13.13376678	-0.80773614	1.85619760	0.72322880	0.83510491	-3.12490106	37.70052873833369	1.2149637676958946
0.00000000	8.94787625	-4.30760258	-1.59299539	1.83191872	0.67488637	1.03034408	-2.40752149	9.93075673715436	2.019462136936456
0.00000000	38.90073927	12.47062432	-0.78005670	1.84211802	0.68991396	0.81774859	0.45049223	40.850752584047896	1.260571417863791
0.00000000	40.86379252	11.67246668	-0.86934171	1.75578845	0.70390168	0.81113224	0.57237649	42.49818840272275	1.2925623395397154
0.00000000	10.55519706	-3.87134050	-1.57997177	1.64476979	0.68800402	0.92294106	-2.84140682	11.242751542321518	1.9223331130026582
0.00000000	41.05582488	11.16396251	-0.91592858	1.76390183	0.71654524	0.87454241	0.46730310	42.54661931930565	1.305294396155898
0.00000000	30.96205059	12.03194166	-0.96374200	1.79787076	0.73776112	0.98458411	-3.11940265	33.217709084874635	1.200153509039265
0.00000000	39.06749424	13.86162858	-0.75311993	1.94342589	0.70995045	0.77294574	3.13854361	41.453755596837134	1.2298408049188296
0.00000000	39.20585733	13.29998970	-0.75893496	1.88732219	0.69720518	0.69107570	0.19677630	41.40034993813966	1.2437439224608589
0.00000000	38.69800317	15.77717630	-0.70300720	1.86995316	0.60866459	0.83262960	-0.50989604	41.790605898295034	1.183669684513671
0.00000000	24.25947440	4.85281944	-1.40955077	1.76774991	0.73472967	1.05523357	0.25505453	24.740088008766204	1.3733641217370685
1.00000000	24.78706962	-19.21009390	-2.10660456	1.56115603	1.67623256	3.92335245	-3.10979319	31.35963214059668	2.2301092922874712
1.00000000	24.05751881	-16.33687396	-1.98180775	1.47483182	1.60642423	3.36662154	0.09181105	29.080193638943154	2.167340599834792
1.00000000	24.31740259	-13.78462817	-1.99558816	1.53775883	1.60666626	3.44405300	0.03885464	27.95267505104469	2.0864936970417296
1.00000000	37.29911603	-0.79947522	-1.31759236	1.38990426	1.54402899	3.27784168	0.04300031	37.30768308601858	1.592227205226528
2.00000000	24.18360710	4.96710978	-1.40500556	1.74819326	0.71637905	1.29266428	0.22597085	24.688439236487635	1.3682219512066613
