0.00000000	13.20703783	-0.69214419	-1.51077757	1.87708426	0.71072782	1.09115063	-2.60125136	13.225162071702632	1.6231556505976563
0.00000000	13.63876870	-1.35133392	-1.52284191	1.81859887	0.67858735	1.06736045	-3.06962466	13.705550518510456	1.669554347974093
0.00000000	14.50998030	0.70266473	-1.51651679	1.89143777	0.73275543	1.21838160	-2.82068539	14.52698406515179	1.5224078236821694
0.00000000	15.17874316	0.07590495	-1.50372301	1.89603567	0.72547997	1.20919096	-2.78630090	15.17893294927813	1.5657956283522882
0.00000000	34.62677002	12.04672111	-0.91183327	1.82038999	0.77750620	0.90617028	0.03720633	36.66246979569285	1.2359918079346655
0.00000000	40.93948163	15.54890181	-0.76038168	1.87267160	0.64003644	0.51864927	-2.50348449	43.79280196139691	1.207822242015154
0.00000000	37.43579764	15.08537343	-0.74945758	1.81566119	0.64270673	0.61976545	-2.98433661	40.36096426580489	1.1877352161245545
0.00000000	41.20848053	14.91143076	-0.78900168	1.91761982	0.67704594	0.50569067	-2.47236657	43.823391412596806	1.2236009161708818
0.00000000	28.09237179	8.32921329	-1.23343084	1.73237979	0.82847656	0.94107295	0.16886643	29.30114582773002	1.2825593508727404
0.00000000	34.59441285	11.04285592	-1.02964018	1.71577597	0.82356679	1.44923518	0.32438040	36.31415794571208	1.261810862748906
1.00000000	24.78393755	-19.23119583	-2.12217430	1.52043259	1.65766164	3.85322320	-3.12538505	31.37008851651696	2.230702145930202
1.00000000	24.05659274	-16.32518204	-1.96129678	1.45265126	1.57866415	3.34737458	0.09059843	29.072860590202666	2.1670257955780703
1.00000000	24.32318738	-13.76987006	-1.94653032	1.50710762	1.57308139	3.44072549	0.05756713	27.950434089507013	2.085932291621857
1.00000000	37.14179240	-0.78260522	-1.40018950	1.51496267	1.54586905	3.06700845	0.11625420	37.15003652239213	1.591863953877404
