0.00000000	9.72186641	-3.80159930	-1.60784863	1.72367072	0.66524493	1.03121353	-2.39342427	10.438718490870745	-0.37275494539600473
0.00000000	10.45218267	-0.15925357	-1.60503171	1.80810845	0.82186923	1.02052014	-2.49111438	10.453395824640243	-0.015235214815341088
0.00000000	11.01547291	-0.86993418	-1.56204341	1.78888631	0.81279576	1.03758456	-2.46211553	11.049770536462562	-0.07881026718234936
0.00000000	32.21585876	13.69990048	-0.82232676	1.98734486	0.73535544	0.78181366	3.12558484	35.007839533541244	0.402085181300874
0.00000000	9.28905700	-3.24853345	-1.62166594	1.80096650	0.67804495	1.04665207	-2.38222170	9.84070879180041	-0.33642194303038647
0.00000000	8.08885976	-6.21618848	-1.65995965	1.75551713	0.70764211	0.92988422	-2.32096410	10.201502410715392	-0.6552285647623731
0.00000000	32.21599177	12.76372859	-0.88622580	1.85522199	0.74079186	0.88482954	-3.11302185	34.65231439953024	0.3772195925117467
0.00000000	39.73702130	11.44514335	-0.89809344	1.80263829	0.68910404	0.91603508	0.52406865	41.352414295887286	0.28043206584806424
0.00000000	39.29954579	12.70295193	-0.88713167	1.77921712	0.82744525	1.11469164	0.20418964	41.30156518869712	0.3126338428898434
0.00000000	10.25251338	-4.17169646	-1.61773501	1.65371156	0.65278787	1.03477122	-2.46176100	11.068743468048012	-0.3864361767206829
0.00000000	37.88473481	11.81474485	-0.83976696	1.79827118	0.68946677	1.04631750	0.53106701	39.68427052995465	0.3023019771817253
0.00000000	14.13549624	-3.88478982	-1.58234618	1.92053318	0.78681849	1.10684539	-3.08924985	14.659599104226206	-0.2682036434034905
0.00000000	37.81922491	12.31178233	-0.84568403	1.84252429	0.67939100	1.02520232	0.34896496	39.77277658065206	0.3147229072263559
1.00000000	24.11158461	-16.39389804	-1.93471227	1.46944547	1.54353270	3.30482533	0.06562388	29.156961524670308	-0.597120517238964
1.00000000	24.41667758	-13.76607042	-1.95703826	1.56187022	1.64866291	3.47931385	0.05933326	28.029963233191616	-0.5133748203901018
1.00000000	37.15384634	-0.79915649	-1.33413647	1.46953475	1.57742422	3.17012825	0.04759416	37.16244002957611	-0.02150607160926089
1.00000000	19.57923488	-16.86323756	-1.96244166	1.43854213	1.75162538	3.82523694	1.56738460	25.840186134995303	-0.7110073445289712
