0.00000000	15.05290207	0.87745064	-1.49105356	1.90011394	0.75552542	1.07891724	-2.45299792	15.078454176560896	1.5125710862218504
0.00000000	17.19955394	1.51243461	-1.46003864	1.81898189	0.64599310	1.51409695	-2.45345902	17.265923496427735	1.4830874064619355
0.00000000	29.98681319	9.47117805	-1.14944516	1.78272402	0.74174937	1.01992708	0.09973378	31.446974082521194	1.2648671761200387
0.00000000	31.79219146	11.14668595	-1.06530152	1.78899872	0.65187620	1.00065658	0.35998866	33.689643000441905	1.2335774610153107
0.00000000	31.95232090	11.88231267	-0.99252341	1.79365933	0.70256112	0.95064138	0.17043658	34.09017696176157	1.2147670018796026
0.00000000	37.90660908	-3.16679101	-1.30821727	1.68382001	0.66759375	0.93702713	-0.09008578	38.03865898326274	1.6541447060395735
0.00000000	17.47013393	0.73647750	-1.48651932	1.79024196	0.68790356	1.43912105	-2.72543907	17.485650649608193	1.5286648990598204
0.00000000	34.83321792	8.92203231	-1.18695066	1.76587069	0.67947225	1.04853464	0.23644996	35.95769363019399	1.320051231521722
1.00000000	24.78007517	-19.23214636	-2.10288314	1.54242265	1.67165587	3.88225944	-3.12275982	31.36761991358783	2.2308015723164036
1.00000000	24.07377645	-16.34950701	-1.96365343	1.46715879	1.59444401	3.36457020	0.08472466	29.100740403546673	2.1673858826572663
1.00000000	24.32056477	-13.77936288	-1.95337878	1.55058932	1.60131972	3.44052158	0.02437654	27.952830127028054	2.0862740435538254
1.00000000	37.42057148	-0.57873224	-1.20743201	1.43440080	1.55209130	3.82876616	0.18478133	37.425046438119544	1.586260711284888
2.00000000	17.19955394	1.51243461	-1.46003864	1.81898189	0.64599310	1.51409695	-2.45345902	17.265923496427735	1.4830874064619355
2.00000000	17.47013393	0.73647750	-1.48651932	1.79024196	0.68790356	1.43912105	-2.72543907	17.485650649608193	1.5286648990598204
