0.00000000	16.33515232	5.63936735	-1.45724319	1.80809021	0.66578631	1.02398348	0.83347446	17.281193981488876	0.3324181267519378
0.00000000	17.39643498	4.77860601	-1.47472690	1.79901969	0.67950095	1.10198738	1.03488696	18.040815541770158	0.26807687633923066
0.00000000	16.72789549	5.05289028	-1.46875976	1.80231214	0.66483578	1.04985543	0.93125033	17.47438661887967	0.2933490352729075
0.00000000	18.19755655	0.90641473	-1.51515673	1.81979561	0.80800684	1.06051996	0.59622359	18.220116686048115	0.04976856286805608
0.00000000	42.56512491	15.41401963	-0.81285558	1.88146162	0.61733981	0.74587951	0.61442983	45.270098959003036	0.3474380728222834
1.00000000	24.78305666	-19.25047260	-2.09951256	1.51509440	1.65348288	3.86143076	-3.11570954	31.381214009915567	-0.6604083374641432
1.00000000	24.06405148	-16.34181048	-1.94367574	1.42500985	1.57470766	3.33170138	0.08072688	29.08837127438262	-0.5965585029498321
1.00000000	24.32022597	-13.76270244	-1.92886053	1.47780263	1.57777353	3.38493805	0.05859926	27.9443262521007	-0.5149649641231806
1.00000000	37.42380393	-0.85483350	-1.34046648	1.47974849	1.55340935	3.56048377	0.02507810	37.433565698498526	-0.022838001094283283
2.00000000	8.85322157	1.58955674	-1.57729254	1.79237390	0.66698703	1.77191308	0.19822665	8.994788646610475	0.17765273778399115
