0.00000000	11.99423263	-2.18534219	-1.54658077	1.73235226	0.72269871	0.95912602	-2.83641696	12.191691304734988	1.7510188372613165
0.00000000	37.07839062	13.76361847	-0.79538224	1.89274311	0.77215072	0.58507676	-3.05784822	39.55052773803441	1.2153584768993961
0.00000000	11.34401999	-1.68231161	-1.55355857	1.76480198	0.75552213	1.04102100	-2.62001157	11.468084490736036	1.7180227041542822
0.00000000	10.14876240	-3.04504194	-1.54073356	1.81275105	0.70410277	1.01783778	-2.47117186	10.595737759496162	1.862290475252888
0.00000000	32.96231471	12.91455972	-0.89800857	1.90651870	0.80063931	0.90750048	-3.11994743	35.40197796455064	1.1973808185932964
0.00000000	12.03967396	-2.90910068	-1.55304657	1.76790667	0.74710211	0.96827447	-2.94056511	12.386146124984904	1.8078783723811225
0.00000000	40.52683178	13.00405954	-0.87209986	1.85751605	0.67975286	0.70364452	0.10222984	42.56206830787577	1.2602995839375826
0.00000000	39.02456133	12.22062111	-0.86730192	1.76726460	0.77897875	0.67514362	0.23582944	40.89327533119729	1.2673175366310907
0.00000000	38.90382114	11.39819998	-0.88161848	1.63336897	0.70534976	0.73384313	0.40883568	40.53919414686462	1.2857885261278474
0.00000000	40.59591544	16.38428537	-0.75617240	1.88729858	0.60819156	0.69291921	-0.80480397	43.777541702306976	1.1871951485268615
0.00000000	10.55608172	-3.65049965	-1.55639754	1.72189116	0.65590982	0.99420602	-2.88114572	11.169467712204028	1.9037420896402082
0.00000000	40.83165621	14.33150141	-0.78893064	1.96514392	0.68424689	0.72787561	-0.38913423	43.27373431443678	1.2332398548463674
1.00000000	24.09276711	-16.35551641	-1.93414001	1.42832124	1.58034987	3.32219663	0.08399928	29.119827335588326	2.1671902049284832
1.00000000	24.77500815	-19.19382622	-2.07370995	1.52670717	1.66089535	3.87852349	-3.11089325	31.34013391477653	2.229934766935337
1.00000000	24.32442966	-13.78021240	-1.94326494	1.50682545	1.57115428	3.40133435	0.04966430	27.95661159857184	2.086232333615939
1.00000000	37.16660048	-0.77370342	-1.36533318	1.50470352	1.53424646	3.19634519	0.03795962	37.174652765319216	1.5916104899529213
