0.00000000	13.07133624	-3.80485936	-1.54935024	1.68933868	0.66247622	0.84675692	-3.03710032	13.613845373314513	1.854053544202949
0.00000000	13.91158857	2.92138551	-1.54627679	1.83676040	0.76563437	1.04997291	0.50568151	14.215019867696022	1.3638074433796679
0.00000000	28.41916837	12.25689336	-1.01814709	1.84644532	0.66173053	1.02100419	3.05264878	30.949645647096197	1.1636103686189263
0.00000000	28.35387933	12.88834622	-0.96951101	1.85905719	0.66051397	1.00477197	3.11831951	31.14565686170047	1.144162425085717
0.00000000	41.39098619	12.68060333	-0.90126000	1.84240913	0.85784573	0.92106007	0.44578639	43.289853760362575	1.2735135887406979
0.00000000	43.25656389	12.61517123	-0.93838928	1.86043441	0.72666689	0.87644144	0.29257911	45.05854929679685	1.2870304809998399
1.00000000	24.79475674	-19.23175297	-2.09382252	1.53629816	1.64330680	3.86757882	-3.12240267	31.378978378763055	2.2305048018918656
1.00000000	24.06169239	-16.31387974	-1.95308081	1.45440841	1.57623683	3.27907738	0.06958359	29.070736365667905	2.166605586889024
1.00000000	37.16295393	-0.75764154	-1.34811709	1.47236598	1.55868985	3.14963272	0.05454706	37.17067615078364	1.5911805137289863
1.00000000	24.32259760	-13.75851129	-1.92775385	1.50884902	1.57859984	3.38647962	0.05344005	27.94432656065598	2.0855889612043104
