0.00000000	25.86235749	10.60746093	-1.15856777	1.83159912	0.70339151	1.03453100	-3.10761833	27.95317088135147	0.3892261346133797
0.00000000	19.82606461	4.03260934	-1.45923672	1.82740211	0.68485572	1.04086987	0.35675856	20.2320235272933	0.20066205183166771
0.00000000	34.67789951	11.08231294	-0.96179960	1.74835229	0.74389099	0.97380869	-0.01022773	36.405691512808126	0.3093205980884433
0.00000000	20.22115055	3.33622380	-1.48516510	1.75979233	0.64049681	0.98173234	0.69242340	20.49451923830983	0.1635138109295422
0.00000000	25.91876482	9.69806721	-1.22762583	1.77418149	0.74630835	0.98954000	-3.11526227	27.673721784468146	0.35804425506359594
0.00000000	22.21617950	4.15812292	-1.47119008	1.75218368	0.72639122	1.06444116	-3.03072929	22.60196048563154	0.18502568562064037
0.00000000	21.73497300	4.96560398	-1.46470545	1.84383583	0.75925345	1.08554159	0.01009169	22.294983162068565	0.22460667117431826
0.00000000	26.17074565	9.15117013	-1.25085376	1.81665361	0.76279295	1.03661896	3.10370207	27.724571099030516	0.33638235162274355
1.00000000	24.08103190	-16.31824782	-1.96103166	1.45867014	1.58365165	3.36061591	0.08727283	29.089195748314395	-0.5955604568619377
1.00000000	24.77951803	-19.21678656	-2.11788694	1.54274666	1.65666185	3.89618121	-3.11748075	31.35776458058979	-0.6596291830220815
1.00000000	37.13925261	-0.81786607	-1.30916582	1.50419331	1.56301840	3.19692147	0.05402623	37.14825688155299	-0.022018049438353376
1.00000000	24.32153601	-13.78023875	-1.95635019	1.52276087	1.56754961	3.43095817	0.05915006	27.95410692354038	-0.5154878506482575
2.00000000	22.24272929	3.42463945	-1.47522245	1.74619031	0.66568318	1.68996861	2.59653854	22.504825296605173	0.1527670774134829
