0.00000000	20.24783210	7.39430377	-1.28385160	1.80759144	0.69531704	1.10752920	2.40664577	21.555751738058838	0.35014241949313935
0.00000000	19.54511341	8.49770747	-1.24270735	1.85582232	0.68474153	1.18136069	2.96956229	21.312496110391564	0.4101201147530855
0.00000000	25.49055250	5.78339476	-1.37880347	1.85645270	0.77089652	1.05512236	2.95721436	26.13839937152334	0.22310679548661067
0.00000000	27.01929745	6.68369343	-1.32694815	1.84660864	0.75829280	0.99992101	3.13032079	27.83368808759992	0.242499393718824
0.00000000	39.62470607	12.56943251	-0.89863978	1.79712439	0.74847278	0.78902127	-0.10123184	41.570517975571825	0.30717187968909004
0.00000000	27.00488442	7.51381673	-1.27458821	1.89350116	0.75012806	1.14424519	-3.03316283	28.030719298469432	0.2713751440973345
0.00000000	19.53528304	6.52078076	-1.35733626	1.71396244	0.69957242	1.01101830	1.52407873	20.594850452792752	0.32216604094174345
1.00000000	24.77276702	-19.22713581	-2.11856107	1.54065001	1.65928241	3.87130662	-3.11194539	31.358774486312182	-0.6600219075484424
1.00000000	24.05612092	-16.32124687	-1.97665880	1.46394074	1.58831320	3.32536070	0.07317284	29.070260630223917	-0.5961265714808859
1.00000000	24.32077307	-13.75788764	-1.96579770	1.54150081	1.59368358	3.42029396	0.05335250	27.942431444620244	-0.5148053567660166
1.00000000	37.14210109	-0.77789206	-1.31292198	1.46432829	1.56088597	3.18025696	0.02374856	37.15024615580346	-0.020940612662191504
2.00000000	20.44443331	1.09258451	-1.50357519	1.85494208	0.68218598	1.96147577	0.11721352	20.473607261020945	0.05339087308728132
2.00000000	22.33271850	2.89206003	-1.42057655	1.80996633	0.71017209	1.84152644	0.50585598	22.519199071400514	0.128782092483657
2.00000000	26.95396072	7.51642428	-1.29687343	1.92107511	0.77932477	1.41515716	-2.94940615	27.982362881863217	0.2719527419274684
