0.00000000	11.97949585	-1.23427040	-1.55833242	1.82156038	0.76582110	1.15770588	-2.89974213	12.042912614500006	-0.10266963880628101
0.00000000	10.74078836	-2.47950554	-1.52663873	1.86082387	0.72972335	1.08040414	-2.62738872	11.023270037389185	-0.22687505009417258
0.00000000	11.22496630	-3.21701200	-1.55961667	1.75579536	0.67873291	1.02868519	-3.04602361	11.67685893741462	-0.27911312060470156
0.00000000	33.86743947	13.34583383	-0.85262106	1.91330290	0.74614867	0.93306695	3.09310007	36.402125444430936	0.3753760052854083
0.00000000	12.61697819	-1.72139469	-1.54744015	1.83472991	0.73583855	1.05122736	-2.87832832	12.733865804448225	-0.13559756179734553
0.00000000	12.77395048	-2.42078179	-1.54125963	1.79856753	0.75740375	1.01404237	-3.02562523	13.001307447341127	-0.18728825386098935
0.00000000	41.63649459	14.52501699	-0.72230194	1.98702800	0.73291659	0.91299877	-0.44580138	44.09732191758234	0.3356526480730207
0.00000000	38.11841262	12.26813166	-0.90569733	1.86016095	0.79750623	0.73152396	0.23558772	40.04398125930624	0.31137355622281937
0.00000000	41.35130581	16.58728499	-0.64392946	1.92619109	0.61509205	0.84748017	-0.68803513	44.55410772904805	0.3814808787794326
0.00000000	38.14246529	10.99502162	-0.95808170	1.76861572	0.76805377	0.74034200	0.45715871	39.69556850358894	0.28065346314506384
0.00000000	37.92504511	14.10371630	-0.80088912	1.93222690	0.75520214	0.72581635	-3.11962962	40.46262300032489	0.356036012769842
1.00000000	24.09760074	-16.34170256	-1.95647333	1.45168352	1.57433466	3.31148129	0.06145184	29.116071231949533	-0.5959080988222966
1.00000000	24.76557430	-19.21877987	-2.07931254	1.52012801	1.64721828	3.83454342	-3.12659550	31.347969154322225	-0.6599520174348326
1.00000000	37.16396533	-0.84117086	-1.37177001	1.51388943	1.56220417	3.16485637	0.03001458	37.1734836606035	-0.02263018094889763
1.00000000	24.32061246	-13.78523927	-1.96483729	1.53536415	1.55520392	3.39494002	0.04210040	27.95576885296946	-0.515659764601782
2.00000000	26.22699236	6.33952492	-1.39899776	1.81683373	0.82234223	1.49011926	0.20541373	26.982303542559137	0.2371683747489807
