0.00000000	15.99346838	5.16189776	-1.45893119	1.82820129	0.73604317	0.94970355	0.80273288	16.80583884567363	0.31219583771785553
0.00000000	16.38730702	4.51745234	-1.48561142	1.80739009	0.72065874	0.93424540	1.04545283	16.998564851537108	0.26898692289674553
0.00000000	17.56248349	0.56013559	-1.48670564	1.82946491	0.77618745	1.12006453	0.44877967	17.571413665829716	0.03188306365053012
0.00000000	16.95757791	4.31953480	-1.46473501	1.79972112	0.68096330	0.95902838	0.82743096	17.49908081763528	0.24942162727063333
0.00000000	21.77267577	-3.72291866	-1.57329426	1.75545311	0.67199006	1.20562644	0.54202539	22.088674327232074	-0.16935258615838802
0.00000000	42.04029284	15.24647663	-0.88150595	1.83698261	0.70388545	0.84005555	0.36228070	44.71958487846339	0.34791142528509916
0.00000000	29.14226181	8.40473677	-1.31722782	1.75540423	0.82754650	0.93008374	0.61479521	30.3300350078198	0.28078434857342977
1.00000000	24.79079146	-19.21248499	-2.08353249	1.53266478	1.65007899	3.86412520	-3.11844444	31.364038654232402	-0.6593005323690582
1.00000000	24.07257933	-16.32074494	-1.95857189	1.45950270	1.57893677	3.33954911	0.06634258	29.083600034997026	-0.5957945703619264
1.00000000	24.32227637	-13.76682959	-1.95465503	1.51660800	1.56874343	3.42592566	0.03252179	27.948143494313893	-0.5150573519734291
1.00000000	37.14963009	-0.81373516	-1.34408329	1.46705770	1.56504778	3.31940024	0.03951592	37.15854115455091	-0.02190075790860006
2.00000000	7.12255741	1.68797342	-1.58292053	1.66731668	0.55229029	1.66369018	0.13768640	7.319841413949649	0.23269678234239508
