0.00000000	12.29498261	-2.47596440	-1.55576585	1.80395508	0.67194912	1.07887850	-0.06991584	12.541809960698247	-0.1987221927845916
0.00000000	13.64947746	-0.93094926	-1.51838611	1.81654036	0.71588731	1.09791889	-2.59386253	13.681187867131369	-0.06809855922950937
0.00000000	13.06213454	-0.44691186	-1.54045008	1.80540609	0.74628356	1.15085032	-2.83719587	13.069777693276565	-0.03420096410906118
0.00000000	13.84849548	-1.57868486	-1.50540362	1.79905033	0.73310898	1.08485575	-2.95756793	13.938187577542987	-0.11350685771143419
0.00000000	35.39357687	14.10963661	-0.74089597	1.90875137	0.64415383	0.83682655	2.82833171	38.102324455587365	0.37934173023688167
0.00000000	11.86200443	-1.73025131	-1.54498098	1.86242223	0.70718919	1.09976993	-3.08476877	11.98753180154682	-0.1448435081150988
0.00000000	39.37501154	14.28098679	-0.85405956	1.80749607	0.59748684	0.62649576	-0.60115731	41.88481965427675	0.3479363434150345
0.00000000	39.73930509	10.71628269	-0.97788427	1.77943110	0.68760953	0.91742269	0.14573656	41.15885182713548	0.26339917109769356
0.00000000	43.16325941	14.70450602	-0.83960484	2.02841973	0.71996301	0.56955003	-2.86748791	45.59922653058021	0.3283405860251132
0.00000000	36.48576485	11.36920578	-0.87654279	1.78853011	0.76553712	0.91172888	0.12897262	38.216094472845874	0.3020707616252047
1.00000000	24.08013595	-16.35180900	-1.94659154	1.42913353	1.56640740	3.33048733	0.06228295	29.1072947032692	-0.5965322304965998
1.00000000	24.76327545	-19.24618671	-2.11847154	1.51307428	1.63445143	3.84873685	-3.11788368	31.362964048201075	-0.6606873234320886
1.00000000	24.32837737	-13.77827745	-1.92719201	1.51964855	1.59845729	3.45735017	0.06346149	27.95909288489715	-0.5153061943204356
1.00000000	37.15392665	-0.79166513	-1.38663004	1.49891472	1.50940497	3.14605111	0.01253102	37.16235997876936	-0.021304487137159916
2.00000000	27.34602376	7.07449913	-1.32037113	1.82150078	0.85155870	1.66245809	0.06610485	28.246301588400126	0.2531528263481629
