0.00000000	21.44739753	-3.78016171	-1.58301113	1.78895962	0.68127819	1.16464802	0.57935643	21.777981618221652	-0.17446088284198685
0.00000000	30.40692681	9.69006388	-1.18055890	1.74201918	0.77521166	0.91730788	0.12284528	31.91361051381021	0.3085046342030757
0.00000000	15.76093498	4.90247576	-1.44662962	1.79474747	0.72016692	0.87369375	0.80711746	16.505797164062546	0.30156546384360294
0.00000000	17.29346702	0.46945120	-1.50149463	1.82323861	0.72505474	1.29414609	0.24408028	17.29983774493302	0.027139493507784863
0.00000000	29.19032950	8.65673266	-1.23819659	1.80836058	0.83731789	0.93940614	0.24954946	30.446910461741123	0.2882993793837998
0.00000000	16.84716124	3.99710003	-1.45077501	1.77130055	0.62960982	1.13279365	0.94975138	17.314839026002648	0.2329493749583501
1.00000000	24.80708925	-19.24596335	-2.09291707	1.53190279	1.65991187	3.89517765	-3.13119197	31.397432734652188	-0.6598253700079489
1.00000000	24.06937700	-16.32138302	-1.95010469	1.44859695	1.56695560	3.32978901	0.09236131	29.081307619391417	-0.5958745248577832
1.00000000	24.41735268	-13.79042801	-2.00937478	1.55017388	1.63626749	3.50714263	0.05990416	28.04252158060141	-0.5141196232212929
1.00000000	37.25787464	-0.77171828	-1.31841372	1.43305361	1.53860183	3.36987941	0.04133551	37.26586604110578	-0.020709929216578597
1.00000000	49.06012385	2.36398295	-1.18719385	1.51605153	1.58858582	4.09995537	-0.02765319	49.117045590764405	0.04814818464041646
2.00000000	6.29832368	1.72907177	-1.56858526	1.72748423	0.60964987	1.69374582	0.16931817	6.531352873935053	0.2679281652383593
2.00000000	17.29346702	0.46945120	-1.50149463	1.82323861	0.72505474	1.29414609	0.24408028	17.29983774493302	0.027139493507784863
