0.00000000	15.62244014	4.81239871	-1.46877227	1.74539423	0.70808953	0.85026143	0.60860020	16.346859553807054	1.2719761653598693
0.00000000	16.21202670	4.10751042	-1.46255062	1.79284620	0.65876426	0.99926175	0.74966687	16.724277310901105	1.322656003133968
0.00000000	21.33194773	-3.80757231	-1.56955598	1.76123095	0.68378582	1.11828713	0.55369252	21.669093217099114	1.74742776689579
0.00000000	17.17855554	0.39771231	-1.50089643	1.85025144	0.73432671	1.21574708	0.01531545	17.183158776033885	1.547648788342877
0.00000000	30.51981424	9.66184265	-1.15782092	1.73944116	0.75840079	0.90635968	0.27693242	32.01265788149222	1.2642023552864472
1.00000000	24.77128380	-19.21216940	-2.11165474	1.52859783	1.67000027	3.86846818	-3.11480021	31.348428256524105	2.2304700914033533
1.00000000	24.07163570	-16.35300611	-1.96878312	1.44729412	1.59028439	3.34473660	0.05797682	29.100935622539904	2.1675266815277463
1.00000000	24.41207735	-13.78524303	-2.03081987	1.56313407	1.66137626	3.50882442	0.05008187	28.03537846968624	2.0848474488569138
1.00000000	37.25536999	-0.72709385	-1.32548450	1.43959045	1.53365088	3.31848828	0.05504017	37.26246447242185	1.5903103339369669
1.00000000	47.93997313	2.45405247	-1.20963023	1.42603660	1.53816719	3.71281473	0.10878646	48.0027436427402	1.5196508605279484
2.00000000	5.88959644	1.73292662	-1.56047175	1.76862025	0.60322500	1.73135839	0.24574518	6.139249212759268	1.2846366896464658
2.00000000	17.17526787	0.22588529	-1.50178049	1.78812647	0.70918798	1.27653221	0.10333435	17.176753202235066	1.5576453081717279
2.00000000	16.21202670	4.10751042	-1.46255062	1.79284620	0.65876426	0.99926175	0.74966687	16.724277310901105	1.322656003133968
