0.00000000	24.23805940	9.41044155	-1.18686436	1.91536546	0.75455755	1.10028174	0.06578610	26.00076794334919	1.2004595801436675
0.00000000	24.11836323	10.24214343	-1.17017518	1.90358019	0.71751750	1.06910036	-2.81671929	26.20299499932991	1.1692123171238873
0.00000000	24.51012762	8.79849635	-1.24057255	1.85661590	0.72906315	1.06047768	0.13981692	26.041503297038172	1.226149408767795
0.00000000	21.22168792	4.64924260	-1.42482565	1.83461452	0.76236678	1.05671020	-2.85904479	21.724997006387106	1.3551239340528591
0.00000000	21.57346575	4.01807584	-1.43330215	1.77314687	0.74700596	0.99188176	-2.67264652	21.944460757157255	1.3866553974509637
0.00000000	23.07024755	5.61056137	-1.41832922	1.81254947	0.65980161	1.32815367	-1.27176762	23.742677205926405	1.3322328593087005
0.00000000	36.07188275	11.37805487	-0.87685321	1.83642864	0.73532376	1.03404514	0.15193087	37.82381336875591	1.2652468645297534
1.00000000	24.11509815	-16.35775692	-1.94450192	1.42396176	1.57794450	3.33051901	0.08301690	29.13956365901764	2.1668233913941246
1.00000000	24.78110163	-19.20716574	-2.06396035	1.52388191	1.65580339	3.86227495	-3.11423516	31.353121276201808	2.230152075227202
1.00000000	24.30649557	-13.77021263	-1.92088674	1.51262498	1.58310376	3.38470214	0.06118395	27.936078514527427	2.086237323215064
1.00000000	37.40156324	-0.82387422	-1.31078277	1.46045041	1.54417910	3.51241074	0.06570219	37.41063620851829	1.5928205667703017
2.00000000	26.88288940	5.44335466	-1.42864655	1.78230309	0.72150866	1.77631645	-3.12853146	27.428449690917205	1.3710134616839327
2.00000000	34.37844076	1.23810015	-1.40505097	1.72444248	0.68165338	1.76981280	0.04455822	34.400727914831386	1.5347980305431654
2.00000000	23.07661960	5.56101297	-1.42533134	1.80027795	0.66993393	1.43465337	-2.54695106	23.737212081784424	1.334324550119704
