0.00000000	26.03276654	10.62974930	-1.15385232	1.82011938	0.68933501	1.03160221	-3.07488132	28.119326163814705	1.183136527986505
0.00000000	26.07677108	9.70640935	-1.20440219	1.81563926	0.74302593	1.02887483	-3.09836864	27.824672009360537	1.2144613147155017
0.00000000	21.56464677	4.88407486	-1.43793068	1.82073689	0.73195837	1.07795800	0.13086373	22.110815850007782	1.3480686329403093
0.00000000	22.14972847	4.08724986	-1.43673656	1.78343701	0.71617459	0.97676398	-3.02992010	22.5236782678318	1.3883207714075056
0.00000000	20.10892065	3.25415009	-1.49109099	1.78525043	0.61624415	0.96136598	0.79935962	20.370522391834815	1.410360963466915
0.00000000	34.66965525	10.73849578	-0.99446402	1.68935168	0.74669240	0.93506198	0.02491863	36.29463165222827	1.2704300695196469
0.00000000	19.69089508	3.97344137	-1.46882556	1.81308150	0.64777461	0.94984558	0.60280693	20.087796926801	1.3716794432919999
0.00000000	22.11659582	3.38551622	-1.45198856	1.78980041	0.68740782	1.14719319	0.28661355	22.374215757007544	1.4188996001291883
1.00000000	24.80372128	-19.22936377	-2.08623044	1.52860689	1.64897599	3.90276721	-3.12402654	31.384598457442678	2.2302695870862443
1.00000000	24.06023176	-16.32903124	-1.94394765	1.42985845	1.57004924	3.32643013	0.07968813	29.078033179391767	2.167065057105226
1.00000000	37.14501732	-0.76515047	-1.32726000	1.53286982	1.57403334	3.11099950	0.07291693	37.152897154123	1.5913924209709673
1.00000000	24.32406325	-13.76625613	-1.91031555	1.50321388	1.57646505	3.38338237	0.06005792	27.94941610887002	2.0858043306274547
2.00000000	40.01679420	0.90598809	-1.21927379	1.55683780	0.63010674	1.83067228	-0.31652895	40.02704876036173	1.5481599972481268
