0.00000000	11.30923974	-2.14476585	-1.52892492	1.86806393	0.71958021	1.09861658	-2.74502611	11.510817696763402	-0.1874214338234085
0.00000000	11.73687483	-2.79547039	-1.55856441	1.78684449	0.65729634	1.06142469	0.12156180	12.065193138796173	-0.23382190578456546
0.00000000	12.51935080	-0.80919517	-1.54183267	1.83327889	0.75544629	1.14383807	-2.51905894	12.545474932285822	-0.06454576808229698
0.00000000	37.44716895	11.99251727	-0.90522001	1.79466963	0.74018522	0.78714302	0.25865170	39.32061714725612	0.3099311934781927
0.00000000	13.31737669	-2.02553649	-1.52022014	1.80430889	0.71600080	1.04134459	3.13956976	13.470535252011215	-0.15094042280023032
0.00000000	34.63351099	13.72086123	-0.73312793	1.92089057	0.74302766	1.02256246	3.07464075	37.25241088020167	0.3772028737660324
0.00000000	37.29780348	11.45120420	-0.94923614	1.77875686	0.76206421	0.82637103	0.56437063	39.01610208699477	0.297885451575021
0.00000000	42.15730366	13.22493553	-0.90894936	1.87050581	0.66334009	0.69994668	-3.06525111	44.18299640873291	0.30398182258885653
0.00000000	42.46830689	14.65901325	-0.82389281	1.93753147	0.69870329	0.70698787	-2.06869006	44.92709382507283	0.3323702528708082
1.00000000	24.08155140	-16.33523765	-1.94295202	1.43322158	1.56420532	3.32977929	0.06257923	29.099159900464816	-0.5960337811086304
1.00000000	24.77109307	-19.22118915	-2.07533095	1.51616144	1.65414496	3.85435663	-3.12221479	31.353806215875604	-0.6599048123739154
1.00000000	24.30680426	-13.78540867	-1.92890797	1.48890734	1.53496422	3.39276979	0.04797445	27.94384056519192	-0.5159087038731025
1.00000000	37.26469341	-0.83722566	-1.35023509	1.54445875	1.55763391	3.33072167	0.03319158	37.27409719560032	-0.02246321540338671
2.00000000	26.70977743	6.70669455	-1.35813091	1.79151678	0.76542810	1.52728589	0.14590812	27.538917229025856	0.24600909070930524
