0.00000000	20.62747353	9.11452394	-1.23008166	1.81898725	0.68518237	1.16157830	3.12044716	22.551434785478367	0.4160668943787518
0.00000000	20.80748834	8.44101906	-1.24188874	1.81971765	0.68915878	1.09669425	2.31957293	22.45445109083095	0.3853865993561591
0.00000000	21.31325571	7.79407150	-1.30875395	1.79360199	0.66976194	1.05794158	0.86435395	22.69366474386541	0.3505847198894916
0.00000000	24.55253601	5.34858955	-1.43786738	1.86773181	0.71460942	1.02822781	0.34830737	25.128359172391576	0.21449162283908113
0.00000000	23.53023228	3.56463633	-1.44149719	1.89242339	0.78023225	1.05112281	0.51101589	23.798707177405873	0.15034856254909204
0.00000000	25.93229193	6.03611093	-1.38329075	1.87866557	0.71934101	0.99048881	2.92340493	26.625521589294898	0.2286921820653594
0.00000000	24.08137823	6.03903218	-1.39359591	1.94769716	0.70048045	1.12096118	0.55072832	24.827055546870504	0.24570890108806587
0.00000000	25.74986157	7.37671601	-1.31268666	1.87432647	0.71617451	1.23982594	-2.62502718	26.78565492882997	0.2790036957910966
0.00000000	25.91687002	6.84033946	-1.35944245	1.84938943	0.68785470	1.30907376	-2.97201443	26.80437269479754	0.2580492817110866
0.00000000	27.12044967	-3.67166369	-1.58920298	1.73314118	0.58729119	1.09850513	0.25424314	27.367862623074302	-0.1345654275919832
1.00000000	24.08015603	-16.34618169	-1.93362949	1.41880703	1.56870218	3.30117470	0.08521076	29.104150395976806	-0.5963718859957482
1.00000000	24.77618268	-19.19246347	-2.07974355	1.52611494	1.65971094	3.86912101	-3.12227273	31.340227858776274	-0.6590811142705875
1.00000000	24.29956386	-13.77962765	-1.89518050	1.49161506	1.57959053	3.35896831	0.05328577	27.93469065443293	-0.5158565566580178
1.00000000	37.15630582	-0.81043996	-1.35277126	1.48572087	1.54542201	3.16655793	0.04454460	37.16514328128079	-0.021808181872780316
2.00000000	23.98950677	1.26999303	-1.46034930	1.88339829	0.71297609	1.98968884	0.17198008	24.023099661869704	0.052890149375799785
