0.00000000	14.00493321	-0.92911469	-1.52748988	1.72213483	0.66248508	1.04489232	1.14812779	14.0357190169843	1.637041211654568
0.00000000	15.60059598	0.39884166	-1.46915064	1.78507447	0.71362398	1.07306336	0.31911111	15.605693499519452	1.545236098265947
0.00000000	15.06323563	1.01812262	-1.51247917	1.80581248	0.67844195	1.12346850	0.48599115	15.09760382690767	1.5033090693779416
0.00000000	33.96587372	12.10980415	-0.97384236	1.79946160	0.78683590	1.07687853	-0.00791188	36.060060095822685	1.228317296159126
0.00000000	28.46822990	8.69647829	-1.22782610	1.72899413	0.75787423	0.92782598	0.20657024	29.766908611538675	1.274319513039668
0.00000000	30.83824860	17.57313076	-0.69866226	2.04517770	0.78314660	0.66333570	0.58251810	35.493837513341106	1.05284212827636
0.00000000	37.12146659	9.48714708	-1.00588880	1.68840277	0.74217186	0.66103222	0.02699119	38.31460872187055	1.3205818695671063
0.00000000	33.98071841	10.89618081	-1.05237267	1.69933248	0.87093546	1.66095495	0.25672507	35.68495453134171	1.2604968407598323
1.00000000	24.78414335	-19.23070268	-2.10217283	1.52923441	1.66247393	3.85743756	-3.11413169	31.36994879115853	2.230685704166695
1.00000000	24.07362587	-16.33606396	-1.96441744	1.45318496	1.58778931	3.34954293	0.09262394	29.093065294567094	2.167006539641056
1.00000000	24.31984952	-13.78400451	-1.96137224	1.51176047	1.59337505	3.44007360	0.04795292	27.954496257438528	2.086431122653531
1.00000000	37.04400815	0.45308063	-1.25534187	1.43884349	1.55267966	3.32666322	0.23230401	37.046778832640065	1.5585660617157773
1.00000000	35.57758080	11.58608135	-0.92958472	1.57924438	1.68795068	2.87998068	0.05689020	37.41659440180715	1.2559704833429306
