0.00000000	13.70771433	-3.86944570	-1.56055055	1.67096591	0.69263413	0.85328378	-3.06773043	14.243385909892908	1.8459201880431273
0.00000000	29.38087614	13.11883675	-0.91363857	1.89344740	0.73276350	0.96166353	3.13262916	32.17669592153881	1.1508489928595158
0.00000000	29.49358539	12.39015178	-0.96556435	1.85236025	0.73311650	0.99432766	3.07419109	31.990427322695435	1.173086314367359
0.00000000	13.52787896	1.40804743	-1.49416242	1.81329942	0.81625824	1.02926053	-2.08053780	13.600959772072716	1.467084912458641
0.00000000	13.04278123	1.95386786	-1.53066359	1.89755094	0.85072549	1.03594959	-0.45751113	13.188318385146049	1.4220975422749638
0.00000000	7.32923809	-5.56162658	-1.68597672	1.77438474	0.70063895	0.96842396	-2.42454886	9.20051200723467	2.2199230663102822
0.00000000	40.34974199	12.99883190	-0.81237314	1.84410846	0.73094242	1.08579013	0.13083693	42.39187787093215	1.2591406618197067
0.00000000	7.72251895	-6.04338771	-1.67757926	1.73748624	0.63941165	1.17191265	-2.34336829	9.806112070871318	2.234816568538717
1.00000000	24.07565117	-16.34434462	-2.01315616	1.48184037	1.59188431	3.38710201	0.05897059	29.099391408014796	2.1672029274845923
1.00000000	24.32885923	-13.76470767	-1.98972432	1.54927015	1.57176146	3.51567049	0.02804345	27.9528275613347	2.085671613174823
1.00000000	24.74305755	-19.20876440	-2.13044701	1.53204155	1.65587491	3.86852904	-3.12537289	31.324040714718134	2.2309364459916496
1.00000000	37.15451140	-0.76515800	-1.32119642	1.45364547	1.51412691	3.18173892	0.02196313	37.16238937605726	1.5913873621267545
2.00000000	7.72251895	-6.04338771	-1.67757926	1.73748624	0.63941165	1.17191265	-2.34336829	9.806112070871318	2.234816568538717
