0.00000000	35.07324771	14.01332554	-0.71964858	1.92768288	0.68098142	0.85593470	3.08136463	37.76911433455961	0.38011370008201145
0.00000000	11.65792942	-1.89616053	-1.54172657	1.88716161	0.70671572	1.11201907	0.04795003	11.811127935859108	-0.16123790078811545
0.00000000	12.04690682	-2.57441370	-1.55135248	1.77938664	0.67360534	1.10467123	-3.05216885	12.318911065045898	-0.2105324494196099
0.00000000	13.61964000	-1.80569950	-1.51679001	1.82005286	0.72961834	1.09395502	-3.03390408	13.738818887149662	-0.13181183516099096
0.00000000	12.88515141	-0.59745688	-1.53816782	1.82902098	0.77383479	1.17952533	-2.63615561	12.898995371038952	-0.0463346715440479
0.00000000	13.43012734	-1.05815938	-1.49815736	1.83542585	0.72866168	1.12230315	-2.52644062	13.471749019414572	-0.0786275392603474
0.00000000	36.75648790	11.43411586	-0.87160025	1.77634454	0.80131457	0.89298189	0.35282490	38.49387494449929	0.30158838847461933
0.00000000	39.90044594	10.87929575	-0.96003340	1.83077455	0.68790450	0.67489186	0.31420323	41.35703884741786	0.26619036955276343
0.00000000	39.12745777	14.37044897	-0.81661580	1.83133745	0.60861883	0.55460106	-0.35832155	41.68294321593075	0.35197894391856993
0.00000000	38.84776517	14.84761489	-0.77792285	1.83975983	0.55480560	0.57359432	-0.86139977	41.58846626920997	0.3650679875020888
1.00000000	24.78747619	-19.22249041	-2.09246729	1.52338409	1.65339238	3.88175375	-3.11849666	31.367548731648746	-0.6596173983360283
1.00000000	24.08739893	-16.35364545	-1.94626592	1.40376902	1.56844368	3.33196489	0.08951877	29.114335072559545	-0.5964442703608842
1.00000000	24.32151092	-13.78683542	-1.94718657	1.49825668	1.57369877	3.40939007	0.05280929	27.95733757584663	-0.5156935861377004
1.00000000	37.26480384	-0.77330690	-1.34791730	1.44686604	1.47984342	3.34270942	0.02230386	37.27282668104562	-0.020748691673764502
2.00000000	26.40331419	7.50545702	-1.32958816	1.85556388	0.82939353	1.70810599	0.05642509	27.449351272751834	0.2769563994683547
2.00000000	27.07811406	6.99219955	-1.32390461	1.78974533	0.77329317	1.67416899	0.10859222	27.966321095084886	0.25270312506569603
