0.00000000	22.27157041	9.77734516	-1.19930599	1.79125643	0.66410962	1.10380242	2.72887301	24.323226079312814	0.413673498099376
0.00000000	22.46418250	8.93946949	-1.21038411	1.78194237	0.67758027	1.09449272	0.50656205	24.177543509545114	0.37873204860936804
0.00000000	23.12009711	4.74919018	-1.44999431	1.77315164	0.70753505	0.89659252	1.83750141	23.602832409302888	0.20259580774940322
0.00000000	22.79104183	8.31693599	-1.25818823	1.73934734	0.75066207	1.06088676	0.74303049	24.261142016784103	0.3499053816333125
0.00000000	22.75713368	5.35760679	-1.44514606	1.79289460	0.67907054	0.86767564	0.85262036	23.37928749653514	0.23121503775270105
1.00000000	24.78485860	-19.22624174	-2.10583500	1.52180076	1.64123115	3.86980019	-3.11834407	31.36777944431056	-0.6597630413708099
1.00000000	24.07521449	-16.34649540	-1.93632851	1.43008542	1.56845043	3.34496184	0.07840907	29.100238222422288	-0.5964761787855912
1.00000000	24.32705478	-13.73698962	-1.89709566	1.51993418	1.59889616	3.38718421	0.08213423	27.93761761655973	-0.514043577536539
1.00000000	37.15686296	-0.78018088	-1.32407175	1.54310489	1.57686629	3.21218622	0.05124068	37.1650527678051	-0.020993867481634662
2.00000000	28.84763416	1.08322846	-1.48747347	1.75437856	0.66437384	1.75264148	-2.85548663	28.867964606562634	0.03753235936741525
2.00000000	37.53866145	11.60831953	-0.91826842	1.78050375	0.77346179	1.89365980	-0.15086745	39.29254618586451	0.29990884365081166
