0.00000000	17.70604535	2.48783764	-1.49119757	1.82648158	0.60550963	1.12852376	-2.13363624	17.879971422215903	0.13959395409023515
0.00000000	33.70538762	8.69457596	-1.10630463	1.85011065	0.70843399	1.10459281	-0.77964360	34.80874610983078	0.2524544517997763
0.00000000	18.10931030	2.05391081	-1.48942719	1.81912041	0.64131147	1.12341486	-2.42771506	18.22541272940399	0.1129347997638253
0.00000000	30.82119289	10.99475559	-0.99125264	1.88893366	0.74345328	1.00480436	0.30980366	32.72354781570028	0.3426551900240596
0.00000000	36.81205699	-3.23535267	-1.40908025	1.79152322	0.62576179	0.93604954	-0.37459952	36.95395847178329	-0.08766314561471863
0.00000000	30.94141358	11.71333162	-0.97682653	1.89801812	0.71774243	1.06530535	2.93979836	33.08433484247039	0.36189235026686745
0.00000000	18.31720001	1.07225619	-1.50345228	1.78871942	0.68161135	1.27573021	3.13882470	18.34855715154021	0.05847148726914543
0.00000000	30.80396903	9.62586152	-1.07796810	1.83639216	0.67310349	1.07083775	0.33849883	32.27292546397701	0.30287366521318365
0.00000000	15.74713180	1.49964784	-1.50625024	1.86781180	0.67631171	1.05108540	-2.56305075	15.818378664407673	0.09494673476837301
0.00000000	31.08868097	9.00529309	-1.15458379	1.79530501	0.67235914	1.13144674	0.32633540	32.366670945453166	0.28194809485498235
0.00000000	31.01950445	10.47651642	-1.03735850	1.80871296	0.76777457	0.94446995	0.38758257	32.74090793826737	0.3257109788738737
0.00000000	16.13065569	1.13031739	-1.49841867	1.83435893	0.69178955	1.03564953	-2.43478107	16.170209349030266	0.06995827231624344
1.00000000	24.78226611	-19.20687211	-2.08621309	1.52571082	1.64886399	3.84938309	-3.11134601	31.353861800370783	-0.6593255942248764
1.00000000	24.06579821	-16.35063008	-1.94243107	1.42939067	1.57537037	3.33547561	0.06969446	29.094771824117128	-0.5967755493180622
1.00000000	24.31964623	-13.76931040	-1.93142746	1.51287305	1.60729822	3.43543605	0.05501217	27.947076799620767	-0.5151809615990363
1.00000000	37.69427852	-0.72110578	-1.22339890	1.42569590	1.58993210	4.21072903	0.00235836	37.701175401959055	-0.01912804435057966
