0.00000000	18.99614585	7.45197848	-1.29295419	1.79181540	0.72796886	0.97743736	0.17295797	20.40552720271778	0.3738413132159746
0.00000000	19.50303755	7.03629694	-1.32355044	1.74575818	0.68386244	0.89856582	0.63287526	20.733498216764175	0.3462455128527853
0.00000000	18.77972954	8.00310687	-1.28637038	1.80700397	0.68016013	1.04322128	-2.99620795	20.41391587050828	0.4028499432175062
0.00000000	27.28128684	8.39049691	-1.25413297	1.88128257	0.81843875	0.88610430	-0.13570617	28.542407923002514	0.29837351895750397
0.00000000	26.23157752	6.35576248	-1.42988859	1.86164904	0.81016515	0.79673489	0.21933252	26.990579391520015	0.23771322175912402
0.00000000	21.45369680	2.49046777	-1.45452295	1.79778743	0.73308435	1.42838594	0.29865468	21.597766923914588	0.11556843989118555
1.00000000	24.06853877	-16.32686853	-1.94867043	1.41073656	1.57294211	3.32364973	0.09024363	29.08369293124409	-0.5960468058827901
1.00000000	24.78043908	-19.20650570	-2.08423636	1.52239919	1.66030620	3.89258140	-3.11639881	31.352193259829907	-0.6593520547895235
1.00000000	24.29461730	-13.77545407	-1.91869853	1.51005960	1.56966087	3.35580487	0.05819320	27.928329069032017	-0.5158139320358356
1.00000000	37.42506379	-0.77104568	-1.32901536	1.40903258	1.54096218	3.38182638	0.02933153	37.433005638423104	-0.020599473653066965
2.00000000	17.79686275	1.13540449	-1.52924512	1.76326203	0.65409792	1.81422892	0.15877011	17.833044246517467	0.06371166766432247
