1.00000000	16.86942954	-2.82326999	-1.47764514	1.52093220	1.53738668	3.69201146	0.00839747	17.104049416482027	1.7366196533100335
1.00000000	4.83124852	-2.49281431	-1.72986672	1.36788726	1.46943205	3.72983217	0.00410926	5.436458906875225	2.0471438819795016
1.00000000	9.59320194	-2.69364558	-1.62486074	1.37957215	1.52871938	3.66578322	-0.01911817	9.964198410924649	1.8445345869585512
1.00000000	37.64092797	14.42885148	-1.19777785	1.45064390	1.53030706	3.82363828	3.12842369	40.311675895137704	1.2047437697297603
1.00000000	22.63343962	0.03254288	-1.35074244	1.55426109	1.62343712	4.14559684	-0.01649094	22.633463015438547	1.5693585047881349
1.00000000	21.73354751	-2.85004315	-1.39181672	1.45981741	1.49466301	3.55567807	0.03626552	21.91962210728755	1.701187956979807
1.00000000	30.84146851	-2.36326268	-1.33168290	1.54389441	1.53462667	3.60398700	-0.02135460	30.93187983857435	1.6472730210107405
1.00000000	43.23464946	14.11712044	-1.12408016	1.46765709	1.56065649	3.58427167	-3.12073827	45.48107302435315	1.2551872719846964
1.00000000	18.28504487	14.32921259	-1.44424758	1.47797990	1.59224115	3.93210273	3.12773633	23.230781290075626	0.9061000628015393
1.00000000	27.16083527	14.49194707	-1.36527024	1.38912165	1.59796194	3.71048011	-2.98006511	30.785183164044316	1.0806622082913364
