1.00000000	3.10314266	-2.55235120	-1.74860189	1.52704716	1.58709790	4.04764759	-0.02449979	4.0179585633071575	-0.6883138212951192
1.00000000	30.98675828	1.40680765	-1.51092837	1.47261977	1.62406360	3.75785765	3.06791949	31.018676575045028	0.04536913048114802
1.00000000	16.22585497	-0.60620057	-1.58334313	1.46028519	1.57833492	3.69876655	-0.06588725	16.237174897085453	-0.03734279431588846
1.00000000	11.21866829	-2.70802347	-1.67087756	1.46584487	1.45494201	3.59791643	-0.14692436	11.540879919448185	-0.23685457742755103
1.00000000	15.48906251	-2.89725504	-1.60099123	1.38123989	1.54203631	3.76808267	-0.05716395	15.757701107886673	-0.1849148130701977
1.00000000	24.31016721	-1.74192127	-1.54239617	1.58278000	1.65327944	3.87615593	-0.21892630	24.37249514286622	-0.07153176790937288
1.00000000	12.15276091	2.64021221	-1.63210640	1.54119051	1.60199247	3.70724954	3.10121918	12.4362501683368	0.2139277085607766
1.00000000	46.92768800	-0.92162082	-1.33047257	2.17307997	1.87394211	5.13814907	2.93830800	46.93673706129562	-0.019636645185333684
1.00000000	44.90415172	16.58456451	-1.45038960	1.54891992	1.60529723	3.94443305	-2.33740830	47.86888991484063	0.3537927058743088
1.00000000	27.89065712	13.89300698	-1.78117559	1.48141026	1.61153784	3.71726971	-1.36510134	31.159338849400118	0.46214572022044137
