1.00000000	9.35183324	4.08255677	-1.76529692	1.50877559	1.62443738	4.14974062	3.13672781	10.204119497979319	1.1591822857173304
1.00000000	5.00924870	-2.82285088	-1.73313991	1.64422083	1.67591054	4.02286711	-0.01599442	5.749874748998317	2.083966203257308
1.00000000	30.15948848	2.09224350	-1.56975995	1.47333097	1.47435351	3.93921482	3.09466791	30.231973608061796	1.5015346479066307
1.00000000	10.74938398	-2.55221317	-1.69036482	1.56563234	1.66260820	4.01768496	-0.01669793	11.048214698067833	1.8039087131564966
1.00000000	18.95760361	-2.79152519	-1.59005414	1.43554688	1.49261355	3.54183944	-0.12873112	19.162028794475013	1.7169966412588977
1.00000000	17.51532304	-0.04473234	-1.60844014	1.53718233	1.61854013	3.68721234	-0.00135835	17.515380160812857	1.5733502187581945
1.00000000	26.27769269	-0.89446118	-1.57994364	1.58119941	1.59619451	3.57899917	-0.13449986	26.292911476529305	1.6048219917440705
1.00000000	40.15292368	12.08097809	-1.66842161	1.43970299	1.54662179	3.69407911	2.06205010	41.9309827175916	1.2785377230473336
1.00000000	35.54052303	13.88534496	-1.70239494	1.45911133	1.58455529	3.63912708	-1.40142357	38.156671525490246	1.1983410467086095
1.00000000	23.16468138	-2.93475201	-1.59948562	1.44070899	1.51765127	3.98445914	-0.12657209	23.349844384858713	1.696815760883791
