0.00000000	18.99614585	7.45197848	-1.29295419	1.79181540	0.72796886	0.97743736	0.17295797
0.00000000	19.50303755	7.03629694	-1.32355044	1.74575818	0.68386244	0.89856582	0.63287526
0.00000000	18.77972954	8.00310687	-1.28637038	1.80700397	0.68016013	1.04322128	-2.99620795
0.00000000	27.28128684	8.39049691	-1.25413297	1.88128257	0.81843875	0.88610430	-0.13570617
0.00000000	26.23157752	6.35576248	-1.42988859	1.86164904	0.81016515	0.79673489	0.21933252
0.00000000	21.45369680	2.49046777	-1.45452295	1.79778743	0.73308435	1.42838594	0.29865468
1.00000000	24.06853877	-16.32686853	-1.94867043	1.41073656	1.57294211	3.32364973	0.09024363
1.00000000	24.78043908	-19.20650570	-2.08423636	1.52239919	1.66030620	3.89258140	-3.11639881
1.00000000	24.29461730	-13.77545407	-1.91869853	1.51005960	1.56966087	3.35580487	0.05819320
1.00000000	37.42506379	-0.77104568	-1.32901536	1.40903258	1.54096218	3.38182638	0.02933153
2.00000000	17.79686275	1.13540449	-1.52924512	1.76326203	0.65409792	1.81422892	0.15877011

312	225
340	225
333	228
303	228
312	159
340	159
333	158
303	158

327	226
353	225
363	226
337	227
327	162
353	162
363	162
337	161

306	228
278	229
290	226
317	226
306	157
278	157
290	158
317	158

379	210
399	210
389	211
368	211
379	161
399	161
389	161
368	161

419	215
442	215
442	216
419	216
419	165
442	165
442	165
419	165

505	223
529	222
538	225
513	226
505	164
529	164
538	163
513	163

1033	223
1074	223
1154	229
1108	230
1033	184
1074	184
1154	184
1108	184

1234	232
1183	232
1095	224
1138	224
1234	184
1183	184
1095	183
1138	183

960	223
1002	223
1068	229
1020	229
960	181
1002	181
1068	181
1020	181

603	199
631	199
635	201
604	201
603	174
631	174
635	173
604	173

543	234
568	233
576	239
549	239
543	166
568	166
576	164
549	164

