0.00000000	9.73213472	-3.77018828	-1.60465620	1.75915372	0.70315364	1.00978613	-2.47144842
0.00000000	9.75575886	-4.47694753	-1.62806783	1.73445988	0.71395408	0.96298237	-2.73393059
0.00000000	9.23141241	-3.22112786	-1.64043806	1.73467445	0.75327205	1.04087709	-2.40722966
0.00000000	34.08071116	13.61120375	-0.71105788	1.95724869	0.69733560	0.84486447	3.04912996
0.00000000	8.64749708	-5.53031595	-1.68546520	1.74438477	0.67452059	1.01011050	-2.38908720
0.00000000	38.00898351	12.28524007	-0.80149172	1.85480618	0.66353192	0.73903297	0.12488849
0.00000000	29.89053475	11.64665473	-0.92678712	1.78656495	0.70672545	1.03144897	3.08129835
0.00000000	37.61874500	15.61252443	-0.70507024	1.79711676	0.56410455	0.78105605	2.84534693
0.00000000	38.08747342	13.61509875	-0.76105652	1.92246866	0.67982603	0.68920663	-2.95395756
0.00000000	8.26092519	-4.89579878	-1.64504025	1.91393363	0.72980798	1.01279828	-2.47196507
0.00000000	23.16196843	4.67931095	-1.41725109	1.77221298	0.71171561	0.98870350	0.33354497
0.00000000	34.35948522	12.87642278	-0.76304112	1.88450027	0.72767656	0.85530430	3.09516335
0.00000000	38.20338500	12.98251152	-0.78190563	1.87472844	0.67175595	0.68936458	-3.11255264
0.00000000	37.32312102	13.59511677	-0.75671432	1.88697815	0.65382641	0.72283635	-3.05035639
0.00000000	42.04248880	11.45234108	-0.88631330	1.80864573	0.71865555	0.84333710	0.51881319
1.00000000	24.08036182	-16.29228906	-1.98245011	1.51755428	1.61529842	3.36262427	0.10750950
1.00000000	24.78627657	-19.27442488	-2.14535670	1.56999230	1.67391332	3.92081016	-3.12479377
1.00000000	37.26062524	-0.82763120	-1.33666704	1.45280313	1.52989438	3.28022994	0.05813200
1.00000000	24.58243370	-13.77465474	-2.07246039	1.61329126	1.72418183	3.57559292	0.01835632
2.00000000	23.53190874	4.34445582	-1.40934453	1.77675390	0.72449924	1.25843545	0.25547621

940	290
913	296
841	286
870	282
940	156
913	155
841	157
870	158

993	293
953	296
894	286
932	283
993	159
953	158
894	160
932	160

917	300
888	307
810	296
840	290
917	160
888	159
810	161
840	162

321	194
307	194
316	193
329	193
321	152
307	152
316	153
329	153

1135	310
1122	318
1019	306
1037	299
1135	160
1122	158
1019	160
1037	161

368	193
380	193
378	193
365	193
368	158
380	159
378	158
365	158

328	201
311	201
322	200
339	200
328	157
311	157
322	158
339	158

307	192
298	192
308	192
317	192
307	158
298	158
308	158
317	158

354	193
340	193
343	193
356	192
354	156
340	156
343	157
356	157

1107	314
1083	323
982	309
1009	302
1107	140
1083	138
982	142
1009	144

446	219
468	219
473	221
450	221
446	165
468	166
473	165
450	165

340	194
324	194
332	194
347	194
340	155
324	155
332	155
347	155

365	193
352	193
357	193
369	193
365	158
352	158
357	158
369	158

348	193
335	193
339	193
352	193
348	157
335	157
339	157
352	157

401	193
413	193
417	193
405	193
401	162
413	162
417	162
405	162

1031	224
1072	224
1154	230
1107	231
1031	182
1072	182
1154	182
1107	182

1236	233
1184	234
1096	226
1140	226
1236	184
1184	184
1096	184
1140	184

603	200
631	200
637	201
607	201
603	173
631	173
637	172
607	172

954	226
1000	226
1065	234
1011	234
954	182
1000	182
1065	183
1011	183

459	218
481	218
485	220
462	220
459	165
481	165
485	165
462	164

