0.00000000	10.37265627	-3.24423941	-1.54885958	1.75874257	0.69282690	1.00205917	-2.64542341
0.00000000	9.78734807	-2.70433426	-1.59207628	1.77833927	0.70284864	1.03943395	-2.43948078
0.00000000	30.77355435	11.99885168	-0.93211649	1.81947756	0.73869017	0.95619120	3.12464094
0.00000000	8.82992556	-4.39340943	-1.59472583	1.82333124	0.67631712	1.01482711	-2.42275620
0.00000000	10.41994722	-4.01606434	-1.57466004	1.70407200	0.67500535	0.94064968	-2.91996336
0.00000000	40.97460948	11.77938110	-0.82274447	1.77495575	0.71637489	0.78634330	0.46517199
0.00000000	41.19426828	11.13768126	-0.92150138	1.78138852	0.75627801	0.76933166	0.45225865
0.00000000	38.79217098	12.46872450	-0.75216268	1.86479473	0.73287856	0.83950507	0.30111969
0.00000000	35.18426795	13.11348112	-0.78487096	1.91139960	0.73139330	0.83608510	3.08059263
0.00000000	38.94742414	13.77343881	-0.69966887	1.87999821	0.73119457	0.79042794	0.03446700
0.00000000	23.77939977	5.12852167	-1.41135905	1.77776909	0.71055105	1.19667383	0.11776575
0.00000000	38.54399229	15.75498832	-0.65591190	1.89222074	0.58652849	1.07792655	-1.66841114
0.00000000	34.90925839	13.86651240	-0.75050352	2.07070899	0.70146001	0.73930872	3.04229164
1.00000000	24.79111521	-19.23527278	-2.09872464	1.53183961	1.65993258	3.88580153	-3.11637807
1.00000000	24.05667054	-16.32085160	-1.96100477	1.45134258	1.58090152	3.33725998	0.10749849
1.00000000	37.33733328	-0.81616954	-1.34865687	1.38311267	1.51994856	3.33251796	0.03682121
1.00000000	24.29260455	-13.79050581	-2.00195603	1.54464364	1.62131065	3.44721832	0.03788011
2.00000000	24.15243701	4.74766430	-1.40565012	1.77285028	0.70996606	1.39962780	0.16495290
2.00000000	38.54399229	15.75498832	-0.65591190	1.89222074	0.58652849	1.07792655	-1.66841114

880	281
844	284
791	275
826	272
880	153
844	152
791	155
826	156

858	290
828	295
761	286
791	281
858	155
828	153
761	156
791	157

329	200
312	200
321	200
338	200
329	157
312	157
321	158
338	158

1029	301
1007	308
917	297
941	291
1029	147
1007	145
917	148
941	150

930	282
887	284
848	275
888	273
930	158
887	158
848	160
888	160

391	192
403	192
406	192
393	192
391	161
403	161
406	161
393	161

403	194
416	193
419	194
405	194
403	163
416	163
419	163
405	163

367	192
381	192
381	192
367	192
367	158
381	158
381	157
367	157

341	195
326	195
334	194
348	194
341	155
326	155
334	156
348	156

347	191
360	191
356	191
342	191
347	157
360	157
356	157
342	156

441	218
462	218
459	220
436	220
441	166
462	166
459	165
436	165

324	191
319	191
299	191
305	191
324	156
319	156
299	156
305	156

323	194
309	194
317	194
330	194
323	151
309	151
317	152
330	152

1234	232
1183	232
1095	224
1139	224
1234	184
1183	184
1095	183
1139	183

1033	224
1073	223
1155	230
1109	230
1033	183
1073	183
1155	184
1109	184

603	200
631	200
636	202
606	202
603	174
631	174
636	174
606	174

960	225
1003	225
1069	232
1019	232
960	182
1003	182
1069	183
1019	183

453	217
474	217
474	219
451	219
453	166
474	166
474	165
451	165

324	191
319	191
299	191
305	191
324	156
319	156
299	156
305	156

