0.00000000	33.69746208	13.30087310	-0.84846983	1.91253936	0.74071421	0.91695033	3.12035155
0.00000000	10.66217297	-2.56720844	-1.53124855	1.86587501	0.74846784	1.06284030	-2.61137056
0.00000000	11.13544263	-3.27339172	-1.54270897	1.71189380	0.67847395	0.98648016	-2.87450004
0.00000000	12.67144555	-2.49602920	-1.54169295	1.79313111	0.75456955	0.99567802	-3.05427575
0.00000000	11.87075690	-1.29139298	-1.57123135	1.86152864	0.77146590	1.16517042	-2.83762908
0.00000000	41.52749212	14.40469340	-0.72290609	2.06609440	0.73732114	0.96593162	-0.16978011
0.00000000	37.79468536	14.06684173	-0.76446949	1.88886213	0.73077843	0.70442644	3.11541319
0.00000000	41.22177927	11.29762248	-0.92808269	1.79425037	0.73617360	0.86093788	0.17811108
0.00000000	41.18421956	16.56360375	-0.63088177	1.90255940	0.60759936	0.90298433	-0.77737230
0.00000000	12.51845109	-1.81714861	-1.53491042	1.88752294	0.73961835	1.06694541	-2.95970893
0.00000000	38.30140013	10.93324611	-0.92233060	1.77091742	0.73900129	0.76999327	0.28062183
0.00000000	38.21383275	12.25673274	-0.87525759	1.86609733	0.78452912	0.71956476	0.20518038
1.00000000	24.79042505	-19.21212799	-2.10488455	1.52230287	1.64660906	3.88065890	-3.11649489
1.00000000	24.06122559	-16.36335536	-1.95964919	1.41386271	1.57066474	3.30156872	0.09026793
1.00000000	24.32139045	-13.76147019	-1.96609269	1.53736210	1.58129115	3.40321660	0.06135705
1.00000000	37.16166647	-0.78618652	-1.34725283	1.50199795	1.54542547	3.16421609	0.03464705

325	197
310	197
318	196
333	196
325	156
310	156
318	156
333	156

828	277
790	281
738	272
775	269
828	146
790	145
738	148
775	149

859	274
818	275
784	267
822	266
859	158
818	157
784	159
822	159

779	262
735	263
720	256
761	256
779	156
735	155
720	157
761	157

723	271
677	273
650	264
692	263
723	153
677	152
650	155
692	155

354	191
366	191
358	191
346	191
354	156
366	156
358	155
346	155

342	193
328	193
334	193
347	193
342	157
328	157
334	157
347	157

402	194
415	194
414	194
401	194
402	163
415	163
414	163
401	163

322	190
326	190
311	190
306	190
322	157
326	157
311	157
306	157

743	263
700	264
681	257
721	256
743	150
700	149
681	152
721	152

393	195
407	195
407	195
393	195
393	162
407	162
407	162
393	162

368	194
383	194
381	194
366	195
368	160
383	160
381	159
366	159

1233	232
1183	232
1095	225
1138	225
1233	184
1183	185
1095	184
1138	184

1035	224
1076	223
1155	230
1109	230
1035	184
1076	184
1155	185
1109	185

959	224
1001	224
1067	231
1019	231
959	182
1001	182
1067	182
1019	182

603	200
631	200
636	202
605	202
603	172
631	172
636	172
605	172

