0.00000000	11.26918165	0.43571623	-1.55787228	1.86899710	0.86004530	1.02861704	-2.49601579
0.00000000	31.43899566	12.72950674	-0.92017243	1.85268450	0.76067126	0.79227419	-3.13065839
0.00000000	31.36167024	13.53852874	-0.84902928	1.93079305	0.72094563	0.69560346	-3.09636331
0.00000000	8.69296664	-3.89350088	-1.63665984	1.74584055	0.69842111	0.98718813	-2.40365314
0.00000000	9.10303969	-4.49915936	-1.62816940	1.72619605	0.69082246	0.98787578	-2.41068792
0.00000000	40.41331944	11.67577442	-0.84722517	1.81970429	0.69624617	0.98184998	0.01124645
0.00000000	11.76360783	-0.24666033	-1.50083135	1.83621907	0.82588502	1.08361291	-2.46157455
0.00000000	38.59024299	12.06412566	-0.87498067	1.80332363	0.66471414	0.95052633	0.11521643
0.00000000	14.18627061	-3.87250750	-1.55426775	1.90056157	0.77153460	1.01044186	-3.11084747
1.00000000	24.76659072	-19.19085164	-2.09163962	1.51822424	1.61931327	3.90436618	-3.11747050
1.00000000	24.04608727	-16.35282102	-1.95273344	1.46400690	1.60336212	3.35847767	0.09419964
1.00000000	24.32165146	-13.78053113	-1.93711315	1.51496744	1.57845428	3.40157590	0.04069350
1.00000000	37.41797397	-0.57590384	-1.25817917	1.40455151	1.49333603	3.15493314	0.11272863

620	274
574	279
537	272
582	268
620	152
574	151
537	153
582	154

319	200
302	200
309	199
326	199
319	157
302	157
309	158
326	158

300	198
283	198
290	198
306	198
300	154
283	154
290	154
306	154

992	307
968	314
882	303
908	296
992	157
968	156
882	158
908	159

1023	299
1002	306
917	296
940	290
1023	158
1002	157
917	159
940	160

394	193
406	193
401	193
389	193
394	161
406	161
401	160
389	160

663	266
624	270
581	264
619	260
663	151
624	150
581	152
619	153

376	194
388	194
385	194
372	194
376	161
388	161
385	161
372	161

831	252
791	252
776	247
814	247
831	152
791	152
776	154
814	154

1233	232
1183	232
1095	224
1138	224
1233	184
1183	184
1095	184
1138	184

1034	223
1075	223
1157	230
1109	230
1034	183
1075	183
1157	183
1109	183

960	223
1002	223
1067	230
1019	230
960	182
1002	182
1067	182
1019	182

597	198
624	198
633	200
604	200
597	172
624	172
633	172
604	172

