0.00000000	29.75912345	11.31200790	-1.02781735	1.86480117	0.69016202	1.04030747	3.02062392
0.00000000	32.09107801	9.46940623	-1.14677666	1.75305760	0.67101882	0.93470404	0.48285800
0.00000000	17.16050349	1.75501924	-1.50492440	1.77626681	0.64356221	1.07241093	-1.87670219
0.00000000	31.73571386	10.17151381	-1.09737394	1.78217518	0.64607259	0.88421240	0.31351116
0.00000000	29.72150351	10.29535846	-1.10003970	1.85272491	0.69350443	1.01891348	2.79735613
0.00000000	18.71098719	3.14071053	-1.45741759	1.79492593	0.65355681	1.11114469	0.59358752
0.00000000	35.51786071	-3.24696240	-1.49054788	1.80417418	0.69040664	0.91140451	0.29872796
0.00000000	19.44187315	1.59550968	-1.49129329	1.79272747	0.68032757	1.29881446	0.36801055
1.00000000	24.79343916	-19.23412022	-2.07844279	1.51530778	1.64364749	3.83914584	-3.12266111
1.00000000	24.06753992	-16.33268657	-1.93876312	1.42817628	1.56668252	3.31709510	0.06885070
1.00000000	24.30405366	-13.77068068	-1.94264279	1.50169563	1.57249476	3.40342333	0.06962804
1.00000000	37.26208085	-0.83553164	-1.33685039	1.47762156	1.56303770	3.26823529	0.02536389

333	203
317	203
330	203
346	203
333	158
317	158
330	159
346	158

383	203
398	203
403	203
387	204
383	164
398	164
403	164
387	164

557	237
547	239
505	238
516	236
557	163
547	163
505	163
516	164

367	202
382	202
382	203
367	203
367	163
382	163
382	162
367	162

355	205
341	205
357	204
371	204
355	159
341	160
357	160
371	160

464	231
486	230
505	232
481	233
464	163
486	163
505	162
481	162

659	204
672	204
679	204
666	204
659	168
672	168
679	168
666	168

527	229
551	228
565	231
540	232
527	164
551	164
565	163
540	163

1233	231
1182	231
1096	224
1140	224
1233	184
1182	184
1096	183
1140	183

1034	223
1076	223
1154	229
1106	229
1034	183
1076	183
1154	184
1106	184

959	223
1000	223
1068	230
1021	230
959	182
1000	182
1068	182
1021	182

604	200
632	200
637	201
605	201
604	172
632	173
637	172
605	172

