0.00000000	13.20703783	-0.69214419	-1.51077757	1.87708426	0.71072782	1.09115063	-2.60125136
0.00000000	13.63876870	-1.35133392	-1.52284191	1.81859887	0.67858735	1.06736045	-3.06962466
0.00000000	14.50998030	0.70266473	-1.51651679	1.89143777	0.73275543	1.21838160	-2.82068539
0.00000000	15.17874316	0.07590495	-1.50372301	1.89603567	0.72547997	1.20919096	-2.78630090
0.00000000	34.62677002	12.04672111	-0.91183327	1.82038999	0.77750620	0.90617028	0.03720633
0.00000000	40.93948163	15.54890181	-0.76038168	1.87267160	0.64003644	0.51864927	-2.50348449
0.00000000	37.43579764	15.08537343	-0.74945758	1.81566119	0.64270673	0.61976545	-2.98433661
0.00000000	41.20848053	14.91143076	-0.78900168	1.91761982	0.67704594	0.50569067	-2.47236657
0.00000000	28.09237179	8.32921329	-1.23343084	1.73237979	0.82847656	0.94107295	0.16886643
0.00000000	34.59441285	11.04285592	-1.02964018	1.71577597	0.82356679	1.44923518	0.32438040
1.00000000	24.78393755	-19.23119583	-2.12217430	1.52043259	1.65766164	3.85322320	-3.12538505
1.00000000	24.05659274	-16.32518204	-1.96129678	1.45265126	1.57866415	3.34737458	0.09059843
1.00000000	24.32318738	-13.76987006	-1.94653032	1.50710762	1.57308139	3.44072549	0.05756713
1.00000000	37.14179240	-0.78260522	-1.40018950	1.51496267	1.54586905	3.06700845	0.11625420

677	257
644	259
611	254
643	252
677	152
644	151
611	153
643	154

701	256
664	256
655	250
690	250
701	155
664	155
655	157
690	157

597	251
560	253
545	247
579	246
597	154
560	154
545	156
579	156

628	247
595	248
576	243
608	242
628	154
595	153
576	155
608	156

350	197
366	197
360	197
344	197
350	160
366	160
360	159
344	159

340	192
328	192
325	192
337	192
340	159
328	159
325	159
337	159

321	193
308	193
311	193
324	193
321	158
308	158
311	159
324	159

353	192
341	192
338	192
350	192
353	159
341	159
338	159
350	159

382	208
404	208
401	209
379	209
382	165
404	165
401	164
379	164

367	199
384	199
385	199
367	200
367	164
384	164
385	163
367	163

1233	233
1182	233
1096	225
1140	225
1233	185
1182	185
1096	184
1140	184

1033	224
1074	223
1155	230
1108	230
1033	183
1074	183
1155	184
1108	184

959	223
1001	223
1068	230
1020	230
959	182
1001	182
1068	182
1020	182

601	201
629	201
638	203
607	203
601	173
629	173
638	172
607	172

