0.00000000	11.67319197	-2.83196600	-1.57603155	1.81352878	0.88302430	1.01136157	-2.98150969
0.00000000	7.52668381	-4.43768501	-1.66652225	1.75351059	0.78468864	0.96892307	-2.38220501
0.00000000	12.66406712	-0.21114349	-1.53283558	1.73867989	0.82506734	1.04902300	-2.36755514
0.00000000	36.46579793	14.41794446	-0.62045691	1.90548277	0.64236283	0.83064445	-0.05923788
0.00000000	6.93083562	-3.64710155	-1.68962095	1.80395079	0.72609970	1.02624038	-2.36478806
0.00000000	12.19774045	0.37766005	-1.56696592	1.75373363	0.88505400	1.00745041	-2.45886660
0.00000000	13.19024563	-0.52709830	-1.53036902	1.71753013	0.76702472	1.09189717	-2.51491594
0.00000000	36.53763219	13.71939308	-0.65900372	1.92952371	0.69467653	0.86624889	-3.02568960
0.00000000	35.64670713	9.93734410	-0.98183856	1.75188971	0.70866691	0.89801542	0.15317848
0.00000000	33.77821320	10.95670399	-0.95361946	1.76510954	0.71859791	1.10519693	0.00453027
0.00000000	35.48205024	11.28231099	-0.90509544	1.76676464	0.70388960	0.99386416	0.01367345
1.00000000	24.79878978	-19.22864726	-2.09537272	1.53226209	1.65750322	3.89892459	-3.11397862
1.00000000	24.05797306	-16.32332112	-1.96933834	1.44774628	1.58515682	3.32624348	0.07247481
1.00000000	24.44237408	-13.78470220	-2.02927540	1.58381248	1.64237901	3.39083546	0.02947674
1.00000000	22.43667653	-1.43727503	-1.48099087	1.53613138	1.66865383	3.82685504	0.82838833

823	272
768	273
745	265
795	264
823	154
768	154
745	156
795	156

1109	330
1090	342
978	326
1004	316
1109	156
1090	154
978	156
1004	158

656	261
623	265
580	260
613	256
656	161
623	160
580	161
613	162

319	191
331	191
324	191
311	191
319	154
331	154
324	153
311	153

1072	348
1051	362
927	342
955	331
1072	152
1051	149
927	153
955	155

623	267
581	271
545	265
586	261
623	162
581	161
545	162
586	163

670	258
637	261
600	255
633	253
670	162
637	161
600	162
633	163

340	191
326	192
331	191
344	191
340	153
326	153
331	154
344	154

398	197
413	197
411	197
396	197
398	162
413	162
411	162
396	162

368	198
383	198
376	198
360	198
368	161
383	161
376	160
360	160

372	196
387	196
381	196
366	196
372	161
387	161
381	160
366	160

1234	232
1183	232
1095	224
1138	224
1234	184
1183	184
1095	183
1138	183

1034	224
1076	224
1154	230
1106	230
1034	183
1076	183
1154	184
1106	184

958	226
1002	225
1065	232
1015	232
958	182
1002	182
1065	182
1015	182

588	220
622	218
717	222
684	225
588	172
622	173
717	172
684	171

