0.00000000	9.43948470	-3.06614575	-1.60326455	1.77271867	0.73804071	1.03628604	-2.41330862
0.00000000	8.42006269	-4.73255107	-1.62036107	1.88812625	0.70647142	1.04133228	-2.40081286
0.00000000	9.98944295	-4.32462441	-1.59125827	1.73831606	0.68744484	0.94620774	-2.56978631
0.00000000	34.65162076	12.97870686	-0.80272983	1.86573863	0.75292885	0.85131942	3.10691524
0.00000000	9.89731864	-3.58082621	-1.56751297	1.74071455	0.68972919	0.98177030	-2.50790477
0.00000000	30.19504045	11.77168645	-0.96518705	1.73376262	0.71932658	0.99907823	3.07857418
0.00000000	38.25613825	12.34806964	-0.80817459	1.84927845	0.67700359	0.78580513	0.52481091
0.00000000	8.77417075	-5.32909569	-1.65517424	1.76938653	0.66870639	0.99528550	-2.47563410
0.00000000	38.37666763	13.68835098	-0.78249763	1.95162880	0.68712846	0.68368480	-2.97839189
0.00000000	34.42368507	13.74834462	-0.78253911	1.97275651	0.74232119	0.74587182	3.02914619
0.00000000	37.90005132	15.69026646	-0.71744035	1.82602739	0.57042755	0.69653706	2.74661016
0.00000000	38.54095559	13.05472976	-0.79117344	1.86007953	0.71253918	0.68730775	0.13483822
0.00000000	23.41659696	4.72010311	-1.41752587	1.76946962	0.68799257	1.43169102	0.24441662
0.00000000	41.82187883	11.41528581	-0.86137376	1.80892563	0.82797314	0.98621586	0.57674217
1.00000000	24.80041604	-19.22123307	-2.09670631	1.59688330	1.67268797	3.93102483	-3.10878849
1.00000000	24.07805292	-16.30079872	-2.00029890	1.50094926	1.61831050	3.37265071	0.10966153
1.00000000	24.47618936	-13.77788970	-2.07996599	1.63280678	1.69106518	3.52944889	0.02253474
1.00000000	37.26697972	-0.77792971	-1.32762549	1.40102553	1.52997233	3.27091593	0.05120101
2.00000000	23.41659696	4.72010311	-1.41752587	1.76946962	0.68799257	1.43169102	0.24441662

897	294
868	301
794	291
824	285
897	155
868	153
794	156
824	157

1082	309
1063	317
960	305
983	298
1082	141
1063	139
960	143
983	145

971	286
941	291
877	282
907	278
971	156
941	155
877	157
907	158

340	195
325	195
332	195
347	195
340	156
325	156
332	157
347	157

919	286
890	291
825	282
854	278
919	155
890	154
825	156
854	157

328	202
311	202
322	201
338	201
328	160
311	160
322	161
338	160

365	193
378	193
381	193
368	193
365	159
378	159
381	159
368	158

1111	306
1091	313
996	301
1019	295
1111	155
1091	154
996	156
1019	157

354	193
341	193
343	193
357	193
354	156
341	156
343	157
357	157

322	195
307	195
315	195
329	195
322	154
307	154
315	154
329	154

307	193
299	192
309	192
317	192
307	158
299	158
309	158
317	158

356	193
370	193
367	193
353	193
356	159
370	159
367	158
353	158

448	219
469	218
472	221
450	221
448	166
469	166
472	165
450	165

399	192
413	192
418	192
404	193
399	162
413	162
418	161
404	161

1235	232
1184	232
1094	224
1138	224
1235	182
1184	182
1094	182
1138	182

1031	225
1072	224
1155	231
1108	231
1031	183
1072	183
1155	183
1108	183

956	227
1001	227
1066	234
1014	234
956	182
1001	182
1066	183
1014	183

602	199
630	199
636	201
605	201
602	174
630	174
636	173
605	173

448	219
469	218
472	221
450	221
448	166
469	166
472	165
450	165

