0.00000000	28.45809334	11.06268983	-1.04281447	1.82264817	0.66144192	1.01973297	2.81820822
0.00000000	19.79942322	3.84249185	-1.48050294	1.76000595	0.64886173	1.08690262	0.05731830
0.00000000	18.25257101	2.24924589	-1.49872396	1.81290436	0.64214844	1.02441452	-2.38743973
0.00000000	17.86709585	2.87504949	-1.49151407	1.88845682	0.66321453	1.04952917	-2.38075781
0.00000000	20.53293052	2.36004779	-1.48060308	1.85202551	0.68190012	1.14990771	2.69622970
0.00000000	20.44158358	3.08129160	-1.47230242	1.79454756	0.65717454	1.04752967	3.07338643
0.00000000	34.29679118	-3.33753134	-1.46420966	1.80051970	0.69771362	0.94107233	-0.35007644
0.00000000	28.33111914	10.29411366	-1.07586549	1.77480435	0.68719724	0.99661107	2.58851933
0.00000000	30.79003033	7.76247978	-1.33765660	1.71335244	0.70435805	0.88234191	-0.03495927
0.00000000	28.43510728	9.78930373	-1.17019079	1.77847528	0.73991504	1.25782113	2.56023359
1.00000000	24.07278262	-16.32710883	-1.94355462	1.42455626	1.56859034	3.33409435	0.07297238
1.00000000	24.77215466	-19.21768063	-2.08507220	1.51886320	1.64822920	3.85148557	-3.12922573
1.00000000	24.31754313	-13.78005053	-1.92470531	1.50822520	1.59282982	3.39198301	0.05353019
1.00000000	37.27235794	-0.84066140	-1.33167444	1.51644456	1.57861051	3.35615058	0.03960764

324	205
310	205
328	204
341	204
324	158
310	158
328	159
341	159

456	228
479	228
474	231
450	231
456	166
479	166
474	165
450	165

539	234
518	236
494	234
514	232
539	162
518	162
494	163
514	163

512	236
490	237
466	235
488	233
512	159
490	158
466	159
488	160

521	229
501	228
522	225
542	226
521	162
501	162
522	163
542	162

504	229
480	228
489	226
511	226
504	164
480	164
489	165
511	165

669	204
682	204
678	205
663	205
669	167
682	167
678	167
663	167

339	206
327	205
348	205
360	205
339	160
327	160
348	161
360	161

418	208
434	208
429	209
412	209
418	169
434	169
429	168
412	168

350	208
338	208
365	207
377	207
350	162
338	162
365	163
377	163

1034	223
1075	223
1154	229
1106	230
1034	183
1075	183
1154	184
1106	184

1233	232
1182	232
1096	224
1140	224
1233	184
1182	184
1096	183
1140	183

959	223
1002	223
1068	229
1019	229
959	181
1002	181
1068	182
1019	182

603	199
632	199
637	201
606	201
603	172
632	172
637	171
606	171

