0.00000000	31.40345122	12.26999383	-0.93305347	1.83268523	0.79593862	0.99689121	3.12599587
0.00000000	35.63438215	13.32479025	-0.79697333	1.87282991	0.67362252	0.61430041	-3.11769843
0.00000000	40.59674614	11.13745288	-0.92850957	1.74439383	0.71574771	0.93860116	0.19795376
0.00000000	9.24100437	-4.05313216	-1.59567640	1.79513943	0.69490812	0.98993480	-2.43651533
0.00000000	39.21249791	12.61379342	-0.74202345	1.85184574	0.68805626	0.73398587	0.27303612
0.00000000	10.91101295	-3.64902396	-1.53380797	1.71551967	0.70213832	0.93703654	-3.01867867
0.00000000	39.43320074	13.97464150	-0.65655134	1.90747905	0.73736741	0.76241603	-0.13847099
0.00000000	40.40348655	11.66006891	-0.85003732	1.74942017	0.69905700	0.86056253	0.21176617
0.00000000	10.86839626	-2.94256963	-1.52335248	1.74934244	0.69484303	0.95419194	-2.62369442
0.00000000	10.21189752	-2.33501384	-1.56236265	1.69377494	0.69118895	0.96856018	-2.59828329
0.00000000	39.12660699	15.85640907	-0.66789816	1.82686901	0.60817917	0.74196474	-0.36998639
0.00000000	24.25287648	5.47073515	-1.39982102	1.75949717	0.72371826	1.16771891	0.27999792
0.00000000	39.56739275	13.44417020	-0.71102045	1.88083863	0.74163032	0.76533125	0.18673819
0.00000000	35.36875373	14.11536869	-0.76685093	1.95815015	0.67790660	0.64393521	-3.08644819
0.00000000	39.58568573	15.63527961	-0.65845392	1.81097066	0.62942125	0.74451934	0.02508771
1.00000000	24.79549709	-19.22816728	-2.11730752	1.53336048	1.64339778	3.90488788	-3.11888409
1.00000000	24.06222946	-16.35354193	-1.96028052	1.46911538	1.58233909	3.36138355	0.09465996
1.00000000	24.50930445	-13.78396812	-2.02297864	1.57582927	1.65288637	3.54120418	0.06782162
1.00000000	37.16514738	-0.79954298	-1.37728069	1.46918273	1.56189674	3.19721699	0.05243101
2.00000000	24.58097056	5.02830305	-1.41403912	1.76120424	0.72506156	1.64808004	0.19066848

329	200
310	200
320	199
338	199
329	158
310	158
320	158
338	158

341	195
327	195
332	194
345	194
341	157
327	157
332	157
345	157

402	194
415	194
414	194
401	194
402	164
415	164
414	163
401	163

981	295
956	302
877	292
903	286
981	151
956	149
877	152
903	153

368	191
381	191
380	192
367	192
368	158
381	158
380	158
367	158

888	275
842	276
814	268
857	267
888	156
842	156
814	158
857	158

348	190
360	190
353	190
341	190
348	156
360	156
353	155
341	156

392	193
404	193
403	193
390	193
392	162
404	162
403	162
390	162

845	274
811	277
764	270
797	267
845	154
811	153
764	155
797	156

818	284
781	288
731	279
767	276
818	160
781	159
731	161
767	161

315	191
324	191
314	191
305	191
315	158
324	158
314	157
305	158

431	217
452	217
455	219
432	219
431	166
452	166
455	166
432	165

355	191
369	191
367	191
353	191
355	157
369	157
367	157
353	157

323	194
309	194
314	194
328	194
323	154
309	154
314	155
328	155

318	191
330	191
325	191
313	191
318	158
330	158
325	158
313	158

1234	233
1183	233
1095	225
1138	225
1234	185
1183	185
1095	184
1138	184

1034	224
1075	223
1156	230
1109	230
1034	183
1075	183
1156	183
1109	183

954	225
998	225
1067	232
1017	232
954	182
998	182
1067	182
1017	183

602	200
631	200
637	202
606	202
602	173
631	173
637	173
606	173

447	216
468	216
468	219
446	219
447	167
468	167
468	166
446	166

