0.00000000	20.17766927	8.93494706	-1.23373673	1.83465576	0.68002829	1.16886873	-3.13808537
0.00000000	20.42616794	8.27875137	-1.23519657	1.83538711	0.68513045	1.14007482	0.40027639
0.00000000	20.88836996	7.70337958	-1.27846752	1.76212430	0.69641251	1.21984811	2.69509315
0.00000000	24.86590837	5.52336542	-1.38834665	1.86444116	0.75289223	1.09572371	0.59675115
0.00000000	26.37332866	6.36993960	-1.32928203	1.88052380	0.76940475	0.96607898	3.11535716
0.00000000	26.15395596	7.46948343	-1.28635691	1.94684601	0.78988287	1.18845842	-2.89700937
1.00000000	24.76833996	-19.22007234	-2.09442900	1.52307582	1.65604667	3.85316987	-3.13075638
1.00000000	24.05193228	-16.33217209	-1.95439319	1.43804455	1.57231626	3.30256537	0.06494710
1.00000000	24.40941208	-13.78814547	-2.01086460	1.53200340	1.63299849	3.49882872	0.06325311
1.00000000	37.15807764	-0.84777882	-1.33152495	1.50334287	1.58023395	3.19887274	0.06409936
2.00000000	22.71215790	1.24853034	-1.46929429	1.88343370	0.69602132	2.03428645	0.20867085
2.00000000	23.09352975	3.38246948	-1.42258344	1.82499051	0.71575853	1.71964169	0.37300545

289	223
264	223
283	221
307	221
289	156
264	156
283	157
307	157

300	220
325	220
327	222
300	223
300	157
325	157
327	156
300	156

332	223
314	222
346	220
364	221
332	160
314	160
346	162
364	161

429	216
449	216
461	217
440	218
429	163
449	163
461	163
440	162

438	214
417	213
424	212
445	212
438	161
417	161
424	162
445	162

410	213
387	213
389	212
411	212
410	159
387	159
389	159
411	160

1233	232
1182	232
1096	224
1140	224
1233	184
1182	184
1096	184
1140	184

1035	223
1077	223
1154	230
1106	230
1035	183
1077	183
1154	184
1106	184

957	225
1000	225
1068	232
1019	232
957	183
1000	183
1068	184
1019	184

603	200
632	200
638	201
607	201
603	172
632	172
638	171
607	171

550	220
570	219
581	223
559	223
550	162
570	163
581	161
559	161

483	219
504	218
517	221
494	222
483	164
504	164
517	163
494	162

