0.00000000	12.41828517	-2.40045598	-1.53475140	1.83195472	0.68752891	1.06649862	-2.86674118
0.00000000	13.92804196	-1.52463913	-1.51213215	1.77450204	0.69345142	1.09153013	-3.06585026
0.00000000	13.70653479	-0.84474714	-1.50921581	1.78662193	0.69455983	1.10905798	-2.46809411
0.00000000	11.94675220	-1.67441117	-1.52926419	1.87093747	0.71287539	1.10703871	-2.77404618
0.00000000	39.53927442	14.32677570	-0.89828847	1.87448573	0.65254291	0.55572053	-0.55461639
0.00000000	39.24560798	15.01271599	-0.81712482	1.90039706	0.62625926	0.57040469	-1.81137216
0.00000000	36.33304897	11.37028493	-0.90220366	1.83434010	0.70269390	0.85565840	0.16311172
0.00000000	35.57929240	14.22631866	-0.79439960	1.90276051	0.64324592	0.74693231	-3.09500813
0.00000000	39.51121129	10.73599866	-0.93578742	1.81697953	0.68690189	0.71809480	0.07812934
0.00000000	43.33135203	14.73577650	-0.84525512	2.00254083	0.74906435	0.53852891	-2.84231663
0.00000000	26.71036971	7.74761752	-1.31991265	1.80613327	0.88229979	1.21087863	0.15376268
1.00000000	24.78235646	-19.24188514	-2.10711239	1.53019977	1.66400091	3.86420300	-3.12387705
1.00000000	24.04782898	-16.31895680	-1.96993087	1.46153450	1.58976222	3.37530688	0.09822065
1.00000000	24.31579389	-13.77542019	-1.94541727	1.51977777	1.60830680	3.43711564	0.05580977
1.00000000	37.15173822	-0.91068117	-1.31606625	1.48498976	1.53188376	3.13812181	0.02128178
2.00000000	27.38380181	7.17801797	-1.34538744	1.78882217	0.84970491	1.45893175	0.13956323

780	263
742	265
714	258
750	257
780	152
742	152
714	154
750	155

709	253
672	254
662	248
697	248
709	157
672	157
662	159
697	159

684	253
657	256
617	251
644	249
684	157
657	157
617	158
644	159

745	267
705	269
673	261
710	260
745	149
705	149
673	151
710	152

345	195
353	195
345	195
337	195
345	161
353	161
345	161
337	161

338	193
332	194
322	194
329	193
338	159
332	159
322	159
329	159

374	195
388	195
386	196
372	196
374	160
388	160
386	159
372	159

322	195
309	195
314	194
327	194
322	156
309	156
314	157
327	157

405	194
417	194
415	195
402	195
405	162
417	162
415	162
402	162

367	192
354	192
355	192
367	192
367	159
354	159
355	159
367	159

386	212
410	212
406	213
381	213
386	165
410	165
406	164
381	164

1234	232
1183	232
1096	225
1140	225
1234	184
1183	184
1096	184
1140	184

1033	224
1074	224
1156	230
1109	231
1033	183
1074	183
1156	184
1109	184

959	223
1001	223
1069	230
1019	230
959	182
1001	182
1069	182
1019	182

606	199
634	199
638	201
607	201
606	172
634	172
638	171
607	171

407	211
430	211
426	213
402	213
407	166
430	166
426	165
402	165

