0.00000000	8.10024864	-3.84476812	-1.65607844	1.77649307	0.79033626	0.99613557	-2.39874530
0.00000000	7.51698833	-3.08936772	-1.66247652	1.85373378	0.74291245	1.08543329	-2.37430525
0.00000000	11.74704527	-0.23824290	-1.58902393	1.87064624	0.88306211	1.05936480	-2.46057367
0.00000000	11.02205327	-3.35452180	-1.61444638	1.86357391	0.89239808	1.03133587	-2.68110538
0.00000000	12.27172801	-0.84249848	-1.58059857	1.89209366	0.88399806	1.08719711	-2.44690609
0.00000000	35.80099658	14.30536822	-0.69627331	1.85602522	0.64558242	0.75920271	-0.12310256
0.00000000	36.29275874	10.09399514	-0.94797061	1.73753428	0.74676691	0.88805250	0.20208254
0.00000000	35.84187407	13.63084944	-0.74081777	1.88205814	0.68402102	0.82908061	3.12390971
0.00000000	34.60538513	10.74150738	-0.97951792	1.72679496	0.78647890	0.97201859	0.07614755
0.00000000	36.09968236	11.46707535	-0.90721069	1.76199961	0.71336141	0.91959269	-0.11749367
0.00000000	15.33244535	-4.10097273	-1.65175555	1.97253823	0.87035596	1.74748082	2.90419340
1.00000000	24.06195841	-16.33323117	-1.96677611	1.47325218	1.59330588	3.34828778	0.07920653
1.00000000	24.76546890	-19.23025596	-2.11658220	1.52019978	1.64093956	3.85017615	-3.12139225
1.00000000	21.11083834	-3.11679589	-1.55665825	1.49623084	1.72010754	4.06331671	1.15726590
1.00000000	24.39748864	-13.78547016	-2.06055252	1.57542968	1.67068478	3.50603838	0.06275219
1.00000000	37.46849361	-0.73982289	-1.33544538	1.44049323	1.51931424	3.49072218	0.09173264
2.00000000	15.33244535	-4.10097273	-1.65175555	1.97253823	0.87035596	1.74748082	2.90419340

1019	318
993	329
896	315
926	306
1019	155
993	153
896	155
926	157

982	332
954	344
844	327
876	317
982	147
954	144
844	148
876	150

663	272
621	276
579	269
620	265
663	154
621	153
579	155
620	156

876	278
831	282
782	274
825	270
876	152
831	151
782	153
825	154

697	266
659	271
615	264
652	261
697	153
659	152
615	154
652	155

316	192
328	192
320	193
308	193
316	156
328	156
320	155
308	155

398	196
413	196
412	196
397	196
398	162
413	162
412	162
397	162

335	193
322	193
328	193
342	193
335	155
322	155
328	156
342	156

376	198
392	198
388	198
371	198
376	163
392	163
388	162
371	162

374	196
387	196
380	196
366	196
374	161
387	161
380	161
366	161

822	253
777	252
777	244
817	245
822	154
777	154
777	157
817	157

1034	224
1075	223
1155	230
1107	230
1034	183
1075	183
1155	183
1107	183

1234	233
1183	233
1097	225
1140	225
1234	185
1183	185
1097	184
1140	184

635	226
655	222
786	226
775	230
635	175
655	175
786	175
775	174

956	226
1000	226
1069	233
1019	234
956	183
1000	183
1069	184
1019	184

600	199
628	199
636	201
606	201
600	173
628	173
636	173
606	173

822	253
777	252
777	244
817	245
822	154
777	154
777	157
817	157

