0.00000000	30.05486037	11.42796968	-1.01924489	1.86588812	0.70769826	1.06053439	2.78347588
0.00000000	35.82580466	-3.23079009	-1.47069738	1.79482865	0.62585814	0.84836985	0.25606662
0.00000000	16.57318692	2.09290103	-1.50527881	1.88447773	0.63519752	1.06144257	-1.57164931
0.00000000	16.90386220	1.59550215	-1.48378764	1.83368146	0.64466278	1.03336110	-2.94215560
0.00000000	31.50242253	10.09027330	-1.07721541	1.78947842	0.68575442	0.96127610	0.26321208
0.00000000	31.84473138	9.36039122	-1.12939106	1.76710272	0.70197692	0.99657398	0.44992292
0.00000000	19.17882593	1.52599184	-1.49418984	1.79419947	0.66464386	1.29582364	0.46163300
0.00000000	18.51577006	2.92602338	-1.49887095	1.80109823	0.63861561	1.13769605	0.00176470
0.00000000	29.97355963	10.40945053	-1.09978126	1.79376113	0.73606356	1.04306905	0.44714722
1.00000000	24.09998994	-16.34677586	-1.94158457	1.40896273	1.56881699	3.31777899	0.09944708
1.00000000	24.78182692	-19.20606525	-2.06441764	1.52414429	1.65422669	3.86056335	-3.11707568
1.00000000	24.27965716	-13.77975941	-1.93877272	1.50765061	1.54702161	3.35446126	0.05128119
1.00000000	37.39624776	-0.80293605	-1.31526814	1.43620563	1.52453278	3.31765664	0.00553225

329	203
316	203
334	202
347	202
329	158
316	158
334	159
347	158

659	203
671	203
677	204
665	204
659	168
671	168
677	168
665	168

538	239
536	241
489	241
493	239
538	159
536	158
489	158
493	159

553	239
525	240
521	236
548	236
553	159
525	159
521	160
548	160

367	202
383	202
382	202
366	203
367	162
383	162
382	161
366	161

384	203
400	202
404	203
387	203
384	163
400	164
404	163
387	163

527	230
550	229
569	232
545	233
527	164
550	164
569	163
545	163

482	232
506	232
500	235
475	235
482	164
506	164
500	163
475	163

345	204
363	204
366	204
347	205
345	162
363	162
366	161
347	161

1033	223
1074	223
1154	229
1108	229
1033	184
1074	184
1154	184
1108	184

1233	231
1182	231
1095	224
1139	223
1233	183
1182	183
1095	183
1139	183

961	223
1002	223
1067	230
1020	230
961	182
1002	182
1067	182
1020	182

604	199
632	199
635	201
604	201
604	173
632	173
635	172
604	172

