0.00000000	11.88109548	0.93872171	-1.54526136	1.88777590	0.88174194	1.01634397	2.59998417
0.00000000	30.67907283	13.43446029	-0.85525952	1.91119409	0.74603471	0.80046097	-3.13810492
0.00000000	14.09813103	-3.84105632	-1.56936858	1.79709589	0.74720155	1.01386850	-3.09878731
0.00000000	39.21154424	12.25275993	-0.85568116	1.85268736	0.65999666	1.00899135	0.05304443
0.00000000	8.25095553	-4.51544962	-1.65217922	1.79350019	0.66239489	0.97146395	-2.42944789
0.00000000	30.75509071	12.59005195	-0.90453599	1.82461119	0.76028414	0.86165063	3.12136865
0.00000000	41.10158619	11.81801746	-0.93956349	1.75538123	0.64190054	0.98584483	0.31322721
0.00000000	8.64656034	-4.97602915	-1.65027187	1.71744406	0.68236707	0.90734033	-2.39642859
1.00000000	24.78266264	-19.23543529	-2.10432045	1.55551302	1.66482502	3.91990072	-3.12426662
1.00000000	24.05665548	-16.29231102	-2.00027690	1.48379958	1.59164887	3.28397437	0.08665671
1.00000000	37.40217560	-0.76686960	-1.25371979	1.37357020	1.54118412	3.67190524	0.10074510
1.00000000	24.47855598	-13.77912823	-2.06313698	1.61130667	1.63661163	3.46457237	0.06077956

553	273
508	269
545	263
588	266
553	151
508	152
545	154
588	153

295	199
278	199
286	199
303	199
295	154
278	154
286	155
303	155

831	254
792	254
776	249
813	248
831	158
792	158
776	160
813	160

377	193
389	193
384	194
372	194
377	160
389	160
384	160
372	160

1069	315
1048	323
953	310
976	304
1069	152
1048	151
953	153
976	155

315	200
298	200
307	199
324	199
315	157
298	157
307	158
324	157

392	194
404	194
404	194
393	194
392	164
404	164
404	164
393	163

1083	307
1066	315
978	304
998	298
1083	160
1066	158
978	160
998	161

1235	232
1183	232
1095	225
1139	224
1235	183
1183	183
1095	183
1139	183

1033	225
1075	224
1153	231
1106	231
1033	183
1075	183
1153	184
1106	184

600	198
628	198
638	200
607	200
600	173
628	173
638	172
607	172

956	226
999	226
1066	233
1017	234
956	182
999	182
1066	183
1017	183

