0.00000000	6.37920217	-4.38803999	-1.69011353	1.87805903	0.72273745	1.04206910	-2.39217377	7.742681401140816	2.1733325557670486
0.00000000	12.70349779	1.12447237	-1.55784092	1.83468795	0.84801222	1.05892804	-2.66629553	12.75316800686905	1.4825096761122
0.00000000	37.30738038	14.56118634	-0.66728065	1.87248182	0.62503670	0.68550894	-0.49211344	40.048330532572905	1.1986771922381412
0.00000000	13.18554627	0.50923448	-1.52817045	1.80799603	0.76111790	1.10697448	-2.34744811	13.195376091416712	1.5321948527164546
0.00000000	37.34298003	13.91526774	-0.71523164	1.86130726	0.65181577	0.79519411	-0.36030653	39.85138433978001	1.2141014822311131
0.00000000	6.87382347	-5.16081609	-1.69010947	1.78495884	0.79914339	0.97090037	-2.44994593	8.595549535167937	2.2148045340778095
0.00000000	12.47181892	-2.25154224	-1.54663311	1.81803048	0.88465324	1.00319464	-2.77967215	12.673425331447461	1.7494029548789463
0.00000000	32.98168684	10.65381201	-1.01874111	1.80811167	0.73614646	1.12030122	0.09905119	34.65970826703897	1.2583544570360352
0.00000000	34.98802185	10.31553871	-1.01879452	1.78084958	0.73283432	0.92991151	0.01822731	36.47700661860271	1.2840888427297712
0.00000000	34.81800682	9.62988703	-1.07554899	1.77037466	0.77721798	1.01947988	0.18678340	36.125175752210936	1.3009638589061472
0.00000000	34.72604250	10.99659518	-1.01851140	1.71610022	0.75102252	1.02267007	-0.00456088	36.42558349930177	1.2641196133688546
0.00000000	16.83592420	-4.15944300	-1.59615372	1.88469672	0.74047054	1.06231476	1.05905485	17.34212529473809	1.813003759269472
1.00000000	24.74794388	-19.19715342	-2.12523160	1.58092356	1.71313098	3.86544403	-3.08609700	31.32078264856495	2.230547949350916
1.00000000	24.09749784	-16.22533422	-2.00411371	1.41020358	1.59255031	3.25298843	0.08711578	29.050832564653078	2.163391149918034
1.00000000	37.71641380	-0.77726465	-1.20174704	1.38709879	1.62075319	4.45035476	0.07930489	37.72442193419231	1.5914015372665444
1.00000000	24.41764129	-13.79568200	-2.06277106	1.56974316	1.67349200	3.52566085	0.06760052	28.04535697780003	2.0850740102764385
1.00000000	24.73799053	0.49570234	-1.37172614	1.60600388	1.67359176	3.66620139	0.49877629	24.742956498208763	1.5507609076013744
