0.00000000	8.23449273	-2.25293009	-1.63730119	1.85512042	0.72642973	1.04481523	-2.39273286	8.537128586992834	1.8378574393400826
0.00000000	10.04355393	-4.05569955	-1.62361954	1.76693797	0.71184612	1.03193192	-3.07894802	10.831513023797212	1.9545838959292356
0.00000000	34.73334061	14.10978970	-0.71622823	1.92618918	0.70068083	0.68955241	2.84628630	37.489880171967755	1.1849292243292668
0.00000000	37.07812962	11.75229173	-0.85953448	1.84973824	0.70519518	0.76357009	-0.02029693	38.89606737222347	1.2638532402413754
0.00000000	35.56784580	11.04281576	-0.87875221	1.78417659	0.78187946	0.96872331	0.02473674	37.242656118513914	1.2697602110117991
0.00000000	11.12233212	-1.14244411	-1.58755253	1.82339835	0.86851771	1.27434338	-0.61445618	11.180851950189545	1.6731535940186648
0.00000000	8.83476609	-2.97896235	-1.62451647	1.75157571	0.73996084	1.03114169	-2.39251661	9.323481567940778	1.8960105602239121
0.00000000	34.91451615	13.34691299	-0.76589320	1.86657929	0.75015700	0.87111945	3.02969265	37.37865064915053	1.2056637202042453
0.00000000	37.27067144	10.61565249	-0.91638492	1.80394340	0.75104793	0.72807889	0.17154112	38.75300023710261	1.2933181992817435
1.00000000	24.79249302	-19.24062214	-2.08694796	1.51900947	1.64699037	3.88284357	-3.12294173	31.382626570779678	2.230772324558567
1.00000000	24.07542781	-16.33305926	-1.94187425	1.44521213	1.57922773	3.33112259	0.08599130	29.09286938452777	2.166886300344061
1.00000000	24.31909662	-13.76213400	-1.93509434	1.52567124	1.57919683	3.44346134	0.05690894	27.943063408417686	2.0857634914925454
1.00000000	37.24255562	-0.77726214	-1.35262535	1.43266296	1.54558044	3.36324604	0.02517103	37.25066557181322	1.5916635660684764
1.00000000	20.00645838	-5.99170484	-1.61387322	1.47449696	1.70019081	3.90737810	1.32370615	20.88441772710821	1.8617838180528634
1.00000000	36.30485033	13.90362288	-0.73476837	1.86184561	1.55893658	2.39277655	-3.11314154	38.87612232042903	1.2050577297334033
2.00000000	11.62401124	-1.60356823	-1.58107911	1.82714009	0.84540358	1.39661008	-2.40845442	11.734098532734063	1.7078841415145012
