0.00000000	20.17766927	8.93494706	-1.23373673	1.83465576	0.68002829	1.16886873	-3.13808537	22.06743338348402	1.1539346316868315
0.00000000	20.42616794	8.27875137	-1.23519657	1.83538711	0.68513045	1.14007482	0.40027639	22.040101201205058	1.185728278305075
0.00000000	20.88836996	7.70337958	-1.27846752	1.76212430	0.69641251	1.21984811	2.69509315	22.26355893695775	1.2174829100700661
0.00000000	24.86590837	5.52336542	-1.38834665	1.86444116	0.75289223	1.09572371	0.59675115	25.471964286801438	1.352219051711881
0.00000000	26.37332866	6.36993960	-1.32928203	1.88052380	0.76940475	0.96607898	3.11535716	27.131689868418174	1.3338055526386483
0.00000000	26.15395596	7.46948343	-1.28635691	1.94684601	0.78988287	1.18845842	-2.89700937	27.199680054527555	1.2926053854606598
1.00000000	24.76833996	-19.22007234	-2.09442900	1.52307582	1.65604667	3.85316987	-3.13075638	31.350946478997503	2.230726830090265
1.00000000	24.05193228	-16.33217209	-1.95439319	1.43804455	1.57231626	3.30256537	0.06494710	29.072930563998547	2.1673147568148416
1.00000000	24.40941208	-13.78814547	-2.01086460	1.53200340	1.63299849	3.49882872	0.06325311	28.034485078080735	2.0849843468426026
1.00000000	37.15807764	-0.84777882	-1.33152495	1.50334287	1.58023395	3.19887274	0.06409936	37.167747615747565	1.5936078342058004
2.00000000	22.71215790	1.24853034	-1.46929429	1.88343370	0.69602132	2.03428645	0.20867085	22.746449052202255	1.5158797058175906
2.00000000	23.09352975	3.38246948	-1.42258344	1.82499051	0.71575853	1.71964169	0.37300545	23.339927508397846	1.425362165076185
