0.00000000	12.86787736	1.85195270	-1.55052517	1.91319251	0.82736031	1.06386707	0.07531665	13.000461397774997	1.4278572344091487
0.00000000	7.41924863	-5.51401565	-1.66465590	1.78743792	0.71737006	0.96603114	-2.26270914	9.24389630092213	2.20993382259466
0.00000000	13.36958032	1.28741264	-1.51624701	1.81266427	0.84781764	1.05282570	-2.47969842	13.431422457750449	1.4747981431982555
0.00000000	13.79053342	-3.87938650	-1.56085644	1.69299150	0.69461677	0.89557469	-0.04946122	14.325796718665218	1.8450174667007389
0.00000000	29.65339861	12.42594217	-0.96019898	1.81455016	0.72066572	0.96647065	3.01908207	32.151642072151375	1.1739851797167267
0.00000000	29.54016234	13.19248300	-0.87469826	1.90964079	0.72022331	0.93152641	3.04161549	32.35216837831497	1.1507777702845725
0.00000000	40.26785399	12.95067637	-0.82880304	1.83873558	0.71456864	1.16576223	0.30109534	42.29917355457947	1.2596306482199606
0.00000000	42.18897067	12.27878269	-0.85807190	1.85009170	0.67522863	0.94409318	0.47111067	43.93947826889122	1.287577563666921
1.00000000	24.04027989	-16.33868908	-2.01579915	1.43790483	1.59114019	3.23766784	0.05573823	29.066954055119876	2.1677254429429755
1.00000000	37.26002041	-0.76117014	-1.31874726	1.41665721	1.48239481	3.26412602	0.01948882	37.26779442005717	1.5912220880347638
1.00000000	24.43568079	-13.79562554	-2.06758390	1.55593586	1.67955819	3.50026049	0.02816667	28.061036682750608	2.084756028548569
1.00000000	24.62206389	-19.04616356	-2.11161504	1.53477061	1.67463187	3.66706534	-3.10359597	31.12880300553675	2.2291939179121907
2.00000000	7.86678728	-5.93709569	-1.68029569	1.78026533	0.66278765	1.31859403	-2.25316262	9.85573169992905	2.21730119313952
