0.00000000	8.35554412	-5.84425048	-1.70529352	1.77657771	0.70488767	1.00559137	-2.42743444	10.196586743329691	2.18115026719758
0.00000000	37.62113672	12.06805079	-0.81718491	1.79312944	0.63592615	0.80220542	0.17155562	39.50933785796659	1.260387379885797
0.00000000	29.42120151	11.43878134	-1.03407608	1.74290407	0.66520407	0.96953025	0.14860675	31.566640886169033	1.199987620109955
0.00000000	8.89486514	-3.56158959	-1.67104409	1.82382214	0.78371551	1.07729380	-2.31884003	9.581416714994896	1.9516557765855889
0.00000000	33.76168452	13.51840622	-0.79856799	1.97122431	0.65366877	0.70531713	3.06809354	36.36754938618964	1.1899393562296312
0.00000000	33.97228341	12.74109891	-0.84019874	1.86838889	0.71584567	0.78824468	-3.12589455	36.282938711242295	1.211987137202552
0.00000000	37.72130765	13.39233298	-0.78259562	1.89510429	0.64674683	0.70064225	-2.95414424	40.0281355233184	1.2296442569106798
0.00000000	7.95826034	-5.22114854	-1.66687022	1.93873358	0.76992276	1.09572795	-2.42685986	9.518103787833008	2.1514244542406757
0.00000000	9.47194727	-4.72329290	-1.68384562	1.81162548	0.76838065	1.04081686	-3.09092355	10.58429406738356	2.0333723483771817
0.00000000	37.21894716	15.54446722	-0.73411105	1.82624006	0.59646619	0.68124164	-2.89619923	40.33460659102214	1.1751682260959517
0.00000000	9.43510470	-4.02819859	-1.66071592	1.70885611	0.74636324	1.02458855	-2.31666899	10.2590245433199	1.9743067813590627
0.00000000	22.89678674	4.44721925	-1.43073652	1.78625786	0.68940999	1.35754943	0.31722704	23.324677962934672	1.3789559446868898
0.00000000	42.37046995	12.04372707	-0.91467569	1.85225582	0.69415773	0.99876405	0.40178832	44.04892831296244	1.2938526897895068
1.00000000	24.77624040	-19.20939433	-2.09948693	1.55016243	1.68784763	3.91356224	-3.11150193	31.350644632671084	2.230303251576732
1.00000000	24.39301139	-13.78816052	-2.09445832	1.61344314	1.70484844	3.52272266	0.06188151	28.020213689369974	2.085272689505424
1.00000000	37.16334795	-0.79398406	-1.35074983	1.49451613	1.53989133	3.20243208	0.04886104	37.171828600975545	1.592157784575147
2.00000000	23.16605417	4.13522971	-1.43509517	1.76738989	0.68437645	1.61135291	0.20181733	23.532237262144054	1.3941529679442397
