0.00000000	17.55978308	5.01349600	-1.42951415	1.77900457	0.64014326	1.06672268	0.88563937	18.261465547941935	1.2926854230668925
0.00000000	16.54295545	5.90141949	-1.42441295	1.78547311	0.66077599	1.09586473	0.74262053	17.564057817532845	1.228135853650677
0.00000000	18.52846648	1.15690984	-1.50365708	1.79040480	0.75359086	1.12656300	0.94935030	18.564549832365245	1.5084376925227057
0.00000000	17.00383488	5.22053116	-1.44334946	1.82359564	0.67414249	1.06162319	1.12611711	17.787196131454657	1.2729109330409336
0.00000000	42.84304067	15.53876776	-0.75290297	1.95510471	0.56443983	0.81869199	0.06343417	45.57388986415895	1.2228608938655143
0.00000000	22.72634757	-3.81596465	-1.57478927	1.77664685	0.70519126	1.11945013	0.37064454	23.044488713844242	1.7371537889124615
1.00000000	24.79086926	-19.21680287	-2.09665761	1.52148926	1.64875969	3.87281807	-3.12121701	31.366745307902974	2.23020414747367
1.00000000	24.07151272	-16.31275917	-1.95930354	1.45698690	1.57587136	3.37333805	0.10295416	29.078236472790795	2.1663841687013283
1.00000000	38.01321230	-0.82109351	-1.27099202	1.42130303	1.64628562	4.27532918	-0.02668822	38.02207916352071	1.5923931821268686
1.00000000	24.32656288	-13.77423312	-1.93015979	1.53170228	1.57421890	3.45269002	0.02758488	27.95552109331355	2.086008623461789
2.00000000	9.65876015	1.51796592	-1.54316376	1.77508235	0.66853777	1.80121268	0.23886782	9.777313954737748	1.414911883228553
