0.00000000	9.40425145	-1.06954073	-1.60248588	1.83969903	0.70644139	1.06384291	-2.43721247	9.464875208261123	1.6840392474772534
0.00000000	10.62461201	-2.76161495	-1.54897306	1.73118997	0.66606857	1.03092876	-2.41688061	10.977654462365798	1.82509525037086
0.00000000	33.39116950	13.88191675	-0.79606746	1.95792818	0.68535468	0.69088708	3.07975125	36.161828123473796	1.176798322501494
0.00000000	33.39275812	13.06046687	-0.84514521	1.87649441	0.72467053	0.76819501	-3.13715768	35.85599098788366	1.1979713067868072
0.00000000	9.79823439	-1.68320003	-1.57745169	1.78533268	0.70000110	1.01805235	-2.40883136	9.941758370749646	1.7409218577500083
0.00000000	36.75491935	11.71704092	-0.91135512	1.82510114	0.76304360	0.96322478	0.36210632	38.57736569992771	1.2621928500720383
0.00000000	8.92757115	-5.15587455	-1.62542150	1.73822069	0.65235370	0.90123823	-2.36034489	10.309440771140308	2.0945243784673258
0.00000000	38.62511735	11.26739351	-0.97517751	1.81817889	0.70057974	0.65545224	0.82686377	40.23498287324677	1.2869608378845885
0.00000000	38.33239204	12.22570319	-0.97123883	1.84234858	0.69969406	0.69316092	0.16961381	40.23481201643959	1.2620559250110543
1.00000000	24.77459908	-19.24515586	-2.12392698	1.52693558	1.65300212	3.84604178	-3.12198734	31.37127322329187	2.2312362014174294
1.00000000	19.48117708	-11.23899786	-1.81630812	1.58109379	1.85084845	4.01528258	1.53339517	22.49069437165962	2.094069150683136
1.00000000	24.04523398	-16.38077184	-1.94593463	1.44842339	1.58507824	3.35115257	0.05069006	29.0947239757844	2.168826003044538
1.00000000	37.15921954	-0.71956735	-1.35243259	1.46711612	1.51527995	3.01386714	0.02933111	37.16618589515346	1.5901583434808917
1.00000000	24.51781976	-13.86391113	-1.98986135	1.58703828	1.66688844	3.37776103	0.05031127	28.16614133324592	2.085433490605754
