0.00000000	7.72444323	-2.86823323	-1.66706334	1.88014936	0.78629506	1.08719947	-2.37409616	8.239768508591068	1.9263359989807007
0.00000000	8.24652722	-3.58727355	-1.62730632	1.85436106	0.79328512	1.06635901	-2.37350178	8.992982970779526	1.9811099709472544
0.00000000	10.72231343	-3.50168630	-1.60861860	1.81191421	0.83803566	1.01723193	-2.77760100	11.27961933022414	1.8864560427104728
0.00000000	11.56702418	-0.53918236	-1.58467529	1.82394385	0.83955330	1.05042591	-2.40486717	11.57958401662339	1.6173763581551475
0.00000000	35.42763058	14.24850163	-0.67803023	1.85564244	0.66248461	0.77798155	3.04362774	38.18555757368306	1.188406776885324
0.00000000	35.58511232	13.63319849	-0.70257233	1.90493011	0.66994005	0.83623285	3.10724831	38.107273844959764	1.2049299851630664
0.00000000	15.01572383	-4.01993802	-1.63761757	1.86155415	0.83686278	1.13174429	2.33363056	15.544512337911131	1.8323774157141834
0.00000000	34.66003569	11.31036156	-0.91637586	1.76635480	0.76167717	0.97025711	-0.02178113	36.45877607174985	1.2553684225283486
0.00000000	36.58695221	10.28486804	-0.90857993	1.77854276	0.76510498	0.85739117	0.15467505	38.00504680456317	1.2967609001338243
0.00000000	12.09216369	-1.06793203	-1.57345376	1.82094312	0.85066698	1.05404077	-2.58849835	12.139229857221352	1.6588838233166265
0.00000000	36.36595073	11.49165756	-0.86611138	1.80200231	0.68534252	0.81562643	-0.07422367	38.13843948004549	1.2647256029346121
0.00000000	12.53448411	-1.26015011	-1.55570326	1.78305519	0.78965167	1.04778597	-2.57724929	12.59766923694917	1.6709943184779823
1.00000000	24.79218182	-19.21242162	-2.11841540	1.56246161	1.68008883	3.91532810	-3.10693812	31.36509881860062	2.2300681083017806
1.00000000	24.06044508	-16.34170821	-1.97701071	1.47294116	1.59736260	3.33519515	0.07545181	29.085330403288832	2.1674215804284325
1.00000000	24.32810382	-13.77788217	-1.98479698	1.54466128	1.62592028	3.46682542	0.05472445	27.958660063871132	2.0860950406466308
1.00000000	20.84435287	-3.72718259	-1.55789636	1.47342038	1.66056831	3.32460435	1.21763706	21.174960132861557	1.747736551461055
1.00000000	37.23817625	-0.73212071	-1.34232066	1.42050481	1.48655349	3.21435050	0.02129896	37.24537247981385	1.590454282031942
