0.00000000	15.21279686	1.09928784	-1.49850426	1.81855440	0.70695650	1.18829639	0.22519325	15.25246281945305	1.4986609745479071
0.00000000	14.17102061	-0.85186958	-1.50037168	1.78590918	0.67934394	0.98413747	1.29062009	14.196601949423465	1.6308375692720924
0.00000000	13.71745436	-0.28336927	-1.53741310	1.84504890	0.69621370	0.99586727	1.17505968	13.720380908045641	1.591450958842663
0.00000000	33.86431744	12.02304489	-0.92984484	1.84661770	0.69136212	1.03457688	0.01727521	35.93529746786637	1.2296423382201196
0.00000000	15.69759595	0.47134851	-1.46331404	1.79102528	0.69233642	1.31122674	0.88294297	15.704670898409034	1.540778550135778
0.00000000	28.86948586	8.36665003	-1.22806488	1.76286793	0.84358297	0.81460139	0.28767940	30.057412505823567	1.2887146749428722
1.00000000	24.80391954	-19.23321423	-2.14228718	1.53725648	1.66250969	3.89877871	-3.10812283	31.38711446061693	2.230362669951855
1.00000000	24.07851470	-16.32197342	-1.94940148	1.43828595	1.57690974	3.35383384	0.08216698	29.08920223177842	2.1665113516622885
1.00000000	24.31201684	-13.75676707	-1.92972521	1.51323843	1.58653165	3.38621171	0.06612806	27.934258591319008	2.085721104441056
2.00000000	15.69759595	0.47134851	-1.46331404	1.79102528	0.69233642	1.31122674	0.88294297	15.704670898409034	1.540778550135778
