1.00000000	11.94587256	2.78198594	-1.53379415	1.68974257	1.69945595	3.99983368	0.00429374
1.00000000	3.86201677	3.08340223	-1.64104746	1.80675912	1.71968623	3.79379454	0.01358328
1.00000000	26.40158503	-3.75302967	-1.50719927	1.47386205	1.56554658	3.63589651	0.02458260
1.00000000	12.94579255	11.59662949	-1.11002276	2.10451770	1.84546772	4.19436725	3.09551549
1.00000000	25.13539415	15.93178950	-1.17590044	1.71274173	1.66307327	4.10232167	-3.09854364
1.00000000	21.98533259	-4.00667191	-1.59321557	1.49462497	1.59904125	3.30977095	0.08223342
1.00000000	18.40031774	3.04362397	-1.46768723	1.48634267	1.57532708	3.61496241	0.01989242
1.00000000	42.81852622	3.56358478	-1.28642319	1.57536566	1.63265624	3.70382196	-0.01796963
1.00000000	48.94219951	-3.54804491	-1.22727345	1.45452094	1.61290702	3.77691796	-0.07470787

421	258
511	257
471	293
344	293
421	168
511	168
471	167
344	167

95	389
323	388
-296	872
-1053	881
95	150
323	150
-296	100
-1053	99

687	215
727	215
747	222
701	222
687	177
727	177
747	178
701	178

-123	261
-243	260
7	235
94	236
-123	117
-243	117
7	133
94	133

137	221
83	221
159	213
204	213
137	167
83	167
159	167
204	167

707	225
755	225
789	234
733	234
707	179
755	179
789	180
733	180

472	231
529	231
514	244
444	244
472	177
529	177
514	178
444	178

540	200
566	200
561	202
532	202
540	174
566	174
561	174
532	174

651	196
674	196
675	197
650	197
651	175
674	175
675	175
650	175

