1.00000000	14.91269689	5.94641786	-1.80668722	1.49919462	1.70417554	4.29831712	0.18231052
1.00000000	12.78561542	-6.65107024	-1.54214619	1.44203305	1.59072860	3.55806006	2.20216036
1.00000000	29.32886575	18.90445508	-2.12438123	1.52295136	1.74201115	4.31143579	-2.88063169
1.00000000	35.66248542	-1.71217667	-1.40828763	1.56683898	1.62530824	4.32182676	1.95915306
1.00000000	28.75904786	6.63227282	-1.85062454	1.59665132	1.73606763	3.88070941	0.30723426
1.00000000	18.48454726	-5.65070353	-1.52976046	1.46733832	1.59253117	3.77774176	2.12408638
1.00000000	21.89102675	17.03079374	-2.09993444	1.44431162	1.56029322	3.73278041	-2.89685154
1.00000000	24.26115337	-4.03756593	-1.55430482	1.59373403	1.64294745	3.93279665	2.14581776
1.00000000	15.81847919	-6.29086118	-1.51700721	1.48556185	1.62131002	3.58114807	2.19360375
1.00000000	20.98742284	-4.76483922	-1.57333563	1.51392031	1.62320451	3.73230043	2.09120512

300	257
378	256
345	283
240	286
300	192
378	192
345	198
240	199

994	274
897	264
1000	250
1092	258
994	178
897	178
1000	177
1092	177

147	240
93	241
137	232
182	231
147	200
93	200
137	196
182	196

611	208
599	207
677	205
693	207
611	175
599	175
677	175
693	175

418	224
460	223
471	230
423	231
418	186
460	185
471	187
423	187

807	242
758	236
860	230
911	234
807	178
758	177
860	177
911	177

41	260
-25	262
45	248
100	247
41	208
-25	209
45	203
100	203

704	227
671	224
758	220
793	222
704	175
671	175
758	175
793	175

890	253
821	246
917	237
985	242
890	175
821	175
917	175
985	175

746	235
708	231
805	226
846	230
746	178
708	178
805	177
846	178

