1.00000000	28.08688816	6.96275862	-1.93224887	2.20206594	1.80936471	4.66361924	0.64038932
1.00000000	16.52746326	-0.93541396	-1.78678594	2.41294956	2.06960973	5.72687325	0.38429001
1.00000000	22.85635597	3.50414075	-1.88209800	1.47921097	1.62623603	4.38421400	0.55423641
1.00000000	33.26185879	10.65483344	-1.94245348	1.47019851	1.49903439	3.52318350	0.65649372
1.00000000	42.49767504	17.30639307	-1.87471686	1.52198088	1.63337651	4.01912457	0.27778268
1.00000000	37.26949190	13.67324277	-1.97875200	1.47693074	1.47065097	3.75644376	0.62447733

386	227
429	225
479	233
433	236
386	173
429	173
479	173
433	173

569	245
643	242
766	269
671	275
569	151
643	152
766	145
671	143

451	235
496	233
555	243
504	246
451	190
496	190
555	193
504	194

349	222
380	221
409	225
375	226
349	191
380	190
409	192
375	192

304	212
333	212
326	216
295	216
304	187
333	187
326	188
295	189

319	219
348	218
370	221
340	223
319	191
348	190
370	192
340	192

