1.00000000	14.65274911	-3.35932280	-1.82353018	1.47874761	1.69906977	4.37217104	-0.03899914
1.00000000	34.74066634	-5.18330022	-1.87494431	1.44617045	1.56932552	3.78199847	-0.04661348
1.00000000	46.91907983	-5.88157930	-1.92106984	1.49170542	1.56126932	3.82108249	-0.04412208
1.00000000	17.05168172	-14.74678516	-1.67911349	1.48378563	1.71713500	4.19661183	-1.65106821

725	254
800	254
859	283
757	283
725	189
800	189
859	195
757	195

700	214
731	214
741	219
706	219
700	185
731	185
741	187
706	187

687	206
711	206
717	209
691	209
687	184
711	184
717	185
691	185

1311	240
1381	247
1178	245
1128	238
1311	178
1381	179
1178	179
1128	178

