1.00000000	18.54049407	-11.32883649	-1.63760612	1.59269583	1.61405802	4.05508625	3.14083838
1.00000000	24.86426454	-11.36375352	-1.66183851	1.51988220	1.60096225	3.99696796	0.02712940
1.00000000	39.93603305	2.46075078	-2.07603059	1.48965013	1.64276126	3.96032208	2.99995518
1.00000000	18.23173824	2.97110206	-1.87585757	1.42181802	1.74175564	4.01625257	3.11734533
1.00000000	25.46205521	-16.63465751	-1.54682348	1.42883730	1.49967529	3.61935277	-3.07741022
1.00000000	36.76248099	-11.21085318	-1.93738220	1.52221894	1.53037435	3.73580895	3.13515234

1152	245
1080	245
986	231
1044	231
1152	174
1080	174
986	174
1044	174

897	219
940	219
1002	227
951	228
897	178
940	178
1002	179
951	179

574	219
543	219
559	215
587	215
574	191
543	191
559	189
587	189

515	264
437	264
475	245
538	246
515	200
437	199
475	194
538	194

1151	220
1107	221
1034	214
1072	214
1151	176
1107	176
1034	176
1072	176

860	217
828	217
807	212
836	212
860	185
828	185
807	184
836	184

