1.00000000	6.42638520	-3.08096032	-1.69226621	1.46442318	1.68033525	4.07502965	-0.03132530
1.00000000	24.31566590	-3.13697865	-1.64889751	1.54964209	1.59597334	3.71269333	0.06065935
1.00000000	37.22316842	16.57269126	-1.68934558	1.48477077	1.54128639	3.73863735	3.06213307
1.00000000	19.32204272	-3.26591040	-1.66645000	1.56475031	1.58644601	3.50825630	0.03449193
1.00000000	11.79533507	-3.27529656	-1.75069497	1.51430309	1.64691022	4.28474169	0.00496793
1.00000000	32.17014514	17.13867188	-1.68253348	1.50006628	1.52937942	3.71294492	-3.09836149
1.00000000	27.20725913	16.92816082	-1.72482822	1.44302332	1.55573440	3.53512231	-3.13619876
1.00000000	28.92097674	-2.99382963	-1.60159026	1.52593303	1.54092579	3.55408317	0.03657724

819	318
969	319
1305	465
1003	461
819	189
969	189
1305	205
1003	205

674	222
718	222
743	231
692	231
674	179
718	179
743	180
692	180

282	217
252	217
291	213
319	213
282	187
252	187
291	185
319	185

696	233
750	233
784	246
718	246
696	179
750	179
784	180
718	180

742	266
829	266
932	308
805	308
742	186
829	186
932	192
805	192

220	223
182	223
226	218
259	218
220	187
182	187
226	186
259	186

148	233
104	233
166	225
205	225
148	192
104	192
166	189
205	189

662	215
699	215
714	221
673	221
662	179
699	179
714	180
673	180

