1.00000000	16.28272533	-7.26715891	-1.26510523	1.76052725	1.63764891	4.34711356	-0.00665454
1.00000000	25.37349651	-0.01769317	-1.61592911	1.64457607	1.74250540	3.77793438	0.00479634
1.00000000	45.32830088	1.52074412	-1.74395893	1.61817884	1.72479529	3.88662846	0.09831373
1.00000000	47.07739981	5.41399404	-1.83355866	1.45270228	1.70082089	3.86280041	-0.28978652

869	223
934	223
1034	239
949	239
869	153
934	153
1034	147
949	147

588	221
635	221
639	228
585	229
588	177
635	177
639	177
585	177

571	206
597	205
603	208
574	209
571	181
597	181
603	181
574	181

527	206
550	207
527	210
502	209
527	185
550	185
527	186
502	186

