1.00000000	7.71397227	3.08886327	-1.58460401	1.98484874	1.80679999	4.58384219	-0.02805800
1.00000000	13.90386757	2.78602148	-1.51080750	1.42438769	1.65036540	3.73391070	-0.00791872
1.00000000	31.37783000	-4.48278753	-1.50891529	1.63506651	1.73045303	4.27275896	0.05223687
1.00000000	20.17774582	2.71597912	-1.40602253	1.62669277	1.66667621	3.92507315	-0.02237492
1.00000000	9.48040360	-4.11231894	-1.72336898	1.54584074	1.53370468	3.80596707	-0.00750782
1.00000000	27.16689863	2.56110743	-1.39591525	1.61071098	1.62826369	4.02360809	-0.01420867
1.00000000	3.96384158	-4.05792939	-1.73515878	1.40411091	1.52241556	3.51945319	0.01726780
1.00000000	14.82158335	-4.41557734	-1.66458617	1.43047488	1.66915937	4.08281276	-0.01001781
1.00000000	17.47577692	15.17713697	-1.15419171	1.67683029	1.77630092	4.19664822	3.12565112
2.00000000	11.34853990	-2.46647534	-1.67257820	1.72008729	0.70638186	1.76568408	0.02805676

324	292
457	293
302	401
53	399
324	146
457	145
302	121
53	122

445	247
522	247
492	271
391	271
445	181
522	181
492	184
391	184

687	210
724	210
747	215
704	215
687	174
724	174
747	174
704	174

496	224
551	224
535	236
468	235
496	170
551	170
535	170
468	170

832	283
932	283
1099	341
946	341
832	183
932	183
1099	188
946	188

527	213
568	213
560	220
513	220
527	173
568	173
560	173
513	173

1054	393
1253	392
2451	792
1899	801
1054	206
1253	206
2451	267
1899	269

769	246
842	246
916	270
819	270
769	184
842	184
916	188
819	188

-72	240
-155	240
13	225
78	226
-72	160
-155	160
13	163
78	163

740	275
782	274
816	292
766	292
740	171
782	171
816	170
766	170

