1.00000000	31.76075534	2.11872051	-1.03359483	1.47049665	1.55139487	3.67456988	-3.14060068
1.00000000	44.66598912	-16.23517651	-0.51763485	1.97475958	1.82510975	4.14627759	-0.05328680
1.00000000	38.42453706	-16.06535849	-0.73012410	1.71243882	1.71527533	4.26573565	-0.12358135
1.00000000	30.44357802	-15.70901181	-0.90958331	2.58993530	2.08579239	6.23972102	-0.09728040
1.00000000	18.44299467	-21.97668270	-1.28420053	2.39542770	2.01718478	5.60450240	-1.58209074

578	204
540	204
548	201
582	201
578	169
540	169
548	169
582	169

850	184
878	184
901	185
869	185
850	153
878	153
901	151
869	151

887	188
919	188
945	190
909	190
887	158
919	158
945	156
909	156

934	194
982	194
1051	199
993	199
934	138
982	137
1051	129
993	130

1547	216
1656	222
1417	221
1333	216
1547	126
1656	121
1417	121
1333	126

