1.00000000	11.06739170	3.19881188	-1.50966452	1.72121525	1.69785211	4.06214971	-0.00577468
1.00000000	9.99503010	-4.11533180	-1.60579179	1.47219598	1.56342403	3.31692225	0.03585701
1.00000000	14.34847430	-4.06287720	-1.51840232	1.40250504	1.45733121	3.41655361	0.01234683
1.00000000	27.71345691	15.31402437	-1.23794220	1.79039717	1.73514642	4.35761841	3.12158513
1.00000000	24.24080497	2.81791436	-1.28022407	1.48154926	1.66129548	3.84239429	-0.01435512
1.00000000	30.41406682	2.77048412	-1.13780759	1.71669841	1.71164855	3.93223982	-0.08229902
1.00000000	17.89791208	3.00533897	-1.37090967	1.76040483	1.72428473	4.44330416	-0.02676822
1.00000000	33.49859840	14.91813911	-1.18404148	1.52927005	1.60470919	3.96265858	-3.13532662
1.00000000	25.53453445	-4.18917129	-1.30008672	1.41808915	1.65092475	3.89128202	-0.09928677
1.00000000	3.60993241	2.97535846	-1.63746510	1.64582586	1.68101035	3.97214231	-0.03388941
1.00000000	19.71772094	-4.16446109	-1.30200646	1.38626766	1.53431171	3.63445847	-0.03869188
1.00000000	21.23585500	15.14177322	-1.15208397	1.44874513	1.61831614	4.05136159	-3.09582782
2.00000000	16.53508011	-2.50185163	-1.36091147	1.66214395	0.65256396	1.63842973	-0.05386699

386	261
482	262
420	303
281	303
386	165
482	165
420	161
281	161

822	274
920	273
1059	314
921	315
822	180
920	180
1059	183
921	183

764	243
831	243
894	263
810	263
764	179
831	179
894	181
810	181

197	218
148	218
218	212
260	212
197	167
148	167
218	168
260	168

510	214
557	214
546	221
491	221
510	173
557	173
546	173
491	173

533	204
571	204
558	209
514	208
533	165
571	165
558	164
514	165

473	227
536	227
509	243
429	243
473	163
536	163
509	161
429	161

285	210
248	210
288	205
321	205
285	174
248	174
288	174
321	174

705	211
750	211
761	217
709	217
705	173
750	173
761	173
709	173

113	393
337	395
-561	1071
-1399	1033
113	170
337	170
-561	164
-1399	165

729	219
782	220
812	229
748	229
729	172
782	172
812	172
748	172

70	228
6	228
107	218
159	218
70	173
6	173
107	173
159	173

706	233
734	233
743	239
712	239
706	163
734	163
743	162
712	162

