1.00000000	13.10225788	-7.28291587	-1.33831511	1.83285236	1.66303625	4.30258669	-0.05464254
1.00000000	25.31951603	0.07043136	-1.75409256	1.62435532	1.73429627	3.77351893	0.00670325
1.00000000	45.98301335	2.02842261	-1.91335760	1.48009777	1.67161932	3.75850075	0.18540008
1.00000000	14.26626256	-12.59485044	-1.07308982	1.48176169	1.53803653	3.36689478	0.06410074

928	236
1011	236
1157	262
1041	261
928	148
1011	148
1157	138
1041	138

586	224
632	224
637	233
583	233
586	181
632	181
637	182
583	182

562	208
587	208
596	211
569	211
562	185
587	185
596	186
569	187

1154	219
1221	219
1400	232
1316	232
1154	151
1221	151
1400	145
1316	145

