1.00000000	29.62086828	3.10604698	-1.54621218	1.49747860	1.72597593	3.87801089	-3.10321641
1.00000000	14.84766257	-11.11736172	-1.50262688	1.39485955	1.52520224	4.06423274	3.13325500
1.00000000	45.43770740	-21.16708003	-1.27568779	2.61124134	2.14675979	6.27824131	1.47999144
1.00000000	29.53387813	-16.24529487	-1.34047482	1.57791770	1.59898683	3.97595920	3.11824751
1.00000000	24.09800981	-16.29672176	-1.39230953	1.48171222	1.44661336	3.69868404	0.05548117

554	220
509	220
518	214
557	214
554	181
509	181
518	180
557	180

1297	257
1209	257
1063	236
1130	236
1297	176
1209	176
1063	175
1130	175

902	196
892	195
993	195
1009	196
902	153
892	154
993	154
1009	153

1061	209
1018	209
969	205
1006	205
1061	168
1018	168
969	168
1006	168

1047	212
1086	212
1173	218
1128	218
1047	170
1086	170
1173	170
1128	170

