1.00000000	29.63192839	2.35634854	-1.11006997	1.51912069	1.60445147	4.00593940	3.12625885
1.00000000	29.15617792	-15.56878466	-0.95304916	2.57479811	2.09442659	5.92589880	-0.07084934
1.00000000	36.93237054	-15.76280468	-0.68942521	1.60537553	1.63145301	3.97764664	-0.05812432
1.00000000	43.29598075	-16.06203380	-0.64223216	1.84136915	1.88285410	4.08754788	-0.03080644
1.00000000	49.84223717	-16.22628789	-0.65292666	1.67683542	1.69341580	3.92458408	-3.05247378

569	208
527	208
539	204
576	204
569	168
527	168
539	169
576	169

944	195
993	195
1069	201
1008	201
944	137
993	137
1069	129
1008	129

891	188
923	188
954	190
919	190
891	158
923	158
954	156
919	156

853	186
884	186
909	187
875	187
853	156
884	156
909	155
875	155

871	186
846	186
823	185
846	185
871	161
846	161
823	162
846	162

