1.00000000	12.72466810	2.86682530	-1.53486727	1.41642988	1.64928828	3.69691817	-0.00431443
1.00000000	6.66646581	3.05028213	-1.59551964	1.86568689	1.85385284	4.58513687	-0.01688323
1.00000000	13.55892608	-4.44004034	-1.67996595	1.44479132	1.61690524	3.83557018	-0.05632830
1.00000000	30.20409032	-4.48800639	-1.54013095	1.71136928	1.70195181	4.18710081	0.02095744
1.00000000	25.94523430	2.49601916	-1.41306494	1.55667281	1.63198474	4.12141524	-0.03304528
1.00000000	8.20363948	-4.07206134	-1.74280576	1.56447816	1.56592727	3.49129972	0.00168383
1.00000000	19.09980899	2.65823163	-1.44345091	1.69482219	1.67999330	4.05129037	-0.04281833
2.00000000	10.82063098	-2.46333825	-1.65066813	1.72130084	0.70883240	1.78504492	-0.01015391

427	254
510	254
475	283
362	283
427	183
510	183
475	186
362	186

288	307
442	308
239	460
-83	457
288	152
442	152
239	129
-83	129

790	253
868	253
942	281
837	280
790	184
868	184
942	189
837	188

692	211
730	211
751	217
707	217
692	173
730	173
751	173
707	173

527	215
569	215
558	222
508	222
527	174
569	174
558	175
508	175

860	300
977	300
1186	372
1003	372
860	183
977	183
1186	189
1003	189

494	228
552	228
530	241
459	241
494	169
552	169
530	168
459	168

748	277
792	277
825	297
772	297
748	169
792	169
825	168
772	168

