1.00000000	37.69897160	-3.04420873	-1.56640194	1.37192261	1.65243164	3.85873349	0.06400170
1.00000000	7.45283052	-2.98151970	-1.71449683	1.40148783	1.64653282	3.83556109	-0.01084568
1.00000000	34.37573282	16.55957824	-1.47633861	1.37056756	1.57262008	3.96073837	-3.13552809
1.00000000	2.27617810	-3.07322803	-1.71733795	1.51289177	1.64143208	3.66160211	0.04689154
1.00000000	13.78813543	-2.97326540	-1.66323743	1.65880895	1.63712925	3.98644334	0.02833596
1.00000000	42.80596783	16.83222620	-1.52977643	1.48839617	1.50812833	3.75832664	3.03734493

649	206
679	206
692	210
658	210
649	181
679	181
692	182
658	182

788	306
919	306
1141	404
913	404
788	195
919	195
1141	211
913	211

257	216
221	216
263	211
295	211
257	185
221	185
263	184
295	184

711	252
786	251
855	279
753	279
711	174
786	174
855	175
753	175

321	209
296	209
328	206
352	206
321	183
296	183
328	182
352	182

