1.00000000	38.59160072	14.57995616	-1.70359431	1.55876446	1.63332098	4.25386460	-3.13078308
1.00000000	28.15883285	2.73649818	-1.91493092	1.82351792	1.72733508	3.89860649	-0.04844786
1.00000000	45.17404657	14.71510435	-1.73088274	1.81858349	1.67432114	4.15494818	3.12520957
1.00000000	27.27958529	-4.56815393	-2.00824318	1.50020599	1.62507029	3.74273877	0.02049508
1.00000000	20.46951997	15.21512333	-1.64365993	1.38869524	1.60541817	3.84336271	-3.08080268
1.00000000	14.49725126	11.77394014	-1.63446293	1.47660732	1.63044177	4.02531592	-3.12532997
1.00000000	20.55679371	2.82595283	-1.94602392	1.61182702	1.67936400	4.03271035	0.02752288

337	216
304	216
335	211
365	211
337	185
304	185
335	184
365	184

526	225
568	225
557	233
509	232
526	181
568	181
557	182
509	182

376	211
348	211
372	207
398	207
376	180
348	180
372	179
398	179

704	227
745	227
767	235
721	235
704	189
745	189
767	192
721	192

49	249
-17	249
84	236
138	236
49	194
-17	194
84	190
138	190

-31	281
-129	281
51	254
124	254
-31	194
-129	194
51	188
124	188

491	241
546	241
536	256
469	256
491	189
546	189
536	192
469	192

