1.00000000	16.80393846	-11.13355536	-1.56722663	1.49205732	1.61077019	4.12463263	-3.10954738
1.00000000	33.85876103	3.08612773	-1.38514803	1.48374391	1.71059731	3.85035527	-3.11855912
1.00000000	31.53602951	-16.20619423	-1.30127070	1.60519564	1.51721318	4.00682374	-3.14116430
1.00000000	21.03032815	-16.48560072	-1.56384120	1.52335024	1.52678035	3.56828727	3.13533759

1211	250
1133	250
1011	233
1073	232
1211	175
1133	175
1011	175
1073	175

561	211
522	211
530	207
564	207
561	177
522	177
530	177
564	177

1030	206
992	206
946	202
979	202
1030	167
992	167
946	168
979	168

1268	231
1210	231
1115	221
1165	221
1268	173
1210	173
1115	173
1165	173

