1.00000000	3.98968019	3.34215415	-1.76414422	1.50485337	1.67128852	4.40028529	0.00168262
1.00000000	15.07530840	2.68755461	-1.81806670	1.64021897	1.78066900	4.35008532	0.43615508
1.00000000	26.04418052	-21.56717715	-1.29984198	2.26765442	1.98388319	5.24276966	1.73608220
1.00000000	25.38454909	-14.28729986	-1.39199064	1.65351832	1.73886936	3.93825111	1.54370606

107	388
312	388
-554	1020
-1360	1021
107	204
312	204
-554	297
-1360	298

418	257
495	254
561	278
464	284
418	185
495	184
561	188
464	189

1179	210
1127	207
1248	206
1307	209
1179	143
1127	145
1248	146
1307	144

977	215
953	212
1064	212
1096	215
977	166
953	166
1064	166
1096	166

