1.00000000	11.35049996	-4.66302696	-1.63732265	1.81025112	1.81510135	3.93192988	-0.47322878
1.00000000	17.84353005	-15.94401598	-1.77536545	1.47597551	1.64118080	4.06936721	-1.38616943
1.00000000	39.52517760	16.62015915	-1.26113329	1.43672001	1.66613789	3.85835484	3.08759809
1.00000000	22.34954834	-7.53745782	-1.61566375	1.51952171	1.55517271	3.85692841	1.52737641
1.00000000	44.12511022	13.85925193	-1.31335686	1.51677299	1.56104816	3.85792914	3.10656977
1.00000000	48.14839614	4.07064337	-1.47284244	1.58282709	1.67944870	3.87061458	0.09130806
1.00000000	15.37265903	-21.76124516	-1.82717047	1.55829024	1.70935016	4.19809065	-1.59776604
1.00000000	47.58132633	-3.51899047	-1.44777105	1.51195359	1.67066831	3.98642797	-0.03065596
2.00000000	34.95499460	-3.47313881	-1.41721354	1.73946524	0.65485012	1.76619072	3.04953814

872	261
984	267
986	305
834	293
872	163
984	162
986	158
834	159

1297	239
1375	245
1234	248
1166	241
1297	182
1375	183
1234	183
1166	182

303	207
272	207
307	203
335	203
303	179
272	179
307	178
335	178

800	230
789	226
913	226
933	230
800	178
789	178
913	178
933	178

384	204
357	204
381	201
405	201
384	178
357	178
381	178
405	178

536	201
561	200
562	203
536	203
536	178
561	178
562	178
536	178

1698	249
1827	258
1605	257
1501	248
1698	178
1827	179
1605	179
1501	178

650	199
675	199
679	202
652	202
650	177
675	177
679	177
652	177

690	208
676	208
676	206
690	206
690	171
676	171
676	171
690	171

