0.00000000	19.19096144	1.26434878	-1.53029786	1.73692191	0.80425520	1.02878974	-2.46158338	19.232565581041296	1.5050088867562517
0.00000000	24.94844637	7.74671153	-1.33541618	1.79912519	0.72144411	1.01684544	-3.03522015	26.123485904561075	1.2697265548039103
0.00000000	7.16384649	-5.16531718	-1.75545750	1.79435658	0.67136303	0.96395643	-2.64853263	8.83182869525267	2.195494542003906
0.00000000	11.75830490	-1.39458807	-1.67339335	1.77318943	0.75223548	1.02655448	-2.83776259	11.840718306181865	1.6888493529569
0.00000000	12.72887556	-2.11474017	-1.64329634	1.78228056	0.77364382	0.98094674	-2.58019137	12.903348364226122	1.7354298357792404
0.00000000	19.51119774	3.72318218	-1.49999259	1.73149943	0.66659843	1.06969609	-2.42309332	19.86325559405735	1.3822403290534038
0.00000000	25.64415430	8.61701965	-1.30452583	1.81769729	0.66866718	1.04297878	-2.77893353	27.053200871813573	1.2466272393993787
0.00000000	17.92401891	1.69350223	-1.53985641	1.78601122	0.80933869	0.97175805	-2.48459339	18.003844136435212	1.4765936920098792
0.00000000	21.50624928	6.22584443	-1.36387811	1.74553227	0.72078070	1.07657102	-2.45107746	22.389280849550808	1.2890093912906608
0.00000000	22.66130447	6.21735673	-1.37922750	1.75399137	0.74169699	1.04359906	-2.48669362	23.498728582417353	1.3030251653896225
0.00000000	11.65794950	-2.92393283	-1.64061306	1.84229565	0.78211097	1.01385768	-2.86634731	12.019033644137206	1.8165374004855184
0.00000000	14.67684570	-2.04933317	-1.59511397	1.76870096	0.85474590	1.06664182	-2.60497499	14.819229606942148	1.7095297103010245
0.00000000	31.94526371	15.24508878	-0.82169865	1.94010270	0.74460138	0.70844975	0.03741448	35.396505553677535	1.1255338933868502
1.00000000	27.32671437	-1.35790423	-1.55461679	1.93763793	1.87459212	4.52203876	-2.64424658	27.36043168806765	1.6204469434185944
1.00000000	28.55667817	-14.88647900	-1.99551467	1.69581056	1.72314252	3.70782457	0.15720253	32.20389922233635	2.051335143235545
2.00000000	21.57200763	0.44567961	-1.55320750	1.82722616	0.77722347	1.83215894	-2.66554499	21.5766110291572	1.5501391759776473
