0.00000000	22.50831002	1.22376994	-1.51837621	1.74674320	0.82806788	1.02306910	-2.88894010	22.54155346959211	1.5164801108793877
0.00000000	26.89499604	7.15286104	-1.33151625	1.76522970	0.73743549	0.96558529	-2.53089023	27.829916152391935	1.3108583895423143
0.00000000	11.28241890	-4.69519841	-1.67840407	1.75971282	0.66183743	1.00229500	3.02066708	12.22038724199621	1.9651486238008402
0.00000000	15.37376579	-2.52524426	-1.57539652	1.82228303	0.82703578	1.04824493	-2.59525084	15.579779624193574	1.7335992735838865
0.00000000	21.97719624	2.83090692	-1.48365961	1.71684349	0.71577877	0.99957664	1.78719902	22.158772271070752	1.4426906370853074
0.00000000	25.37741410	7.07208483	-1.30652760	1.76167679	0.73549065	0.99097114	-2.52487397	26.344402256373076	1.2990154764348882
0.00000000	23.24171066	4.99302212	-1.38281963	1.73291397	0.67347084	1.07936992	-2.57936621	23.771987386290757	1.359182438529811
0.00000000	15.74626847	-0.53716710	-1.58634613	1.76212335	0.72025225	1.00825053	-1.86483729	15.755428246247023	1.6048970325273542
0.00000000	16.65740264	-1.24924810	-1.55557285	1.74761701	0.71897005	1.00186883	-2.43275237	16.704181617979152	1.645652765892928
0.00000000	44.89779221	11.37187606	-0.99175714	1.82189584	0.64285119	0.85704248	-0.05197984	46.31556229234768	1.3227295784536575
1.00000000	31.34227301	-15.04987604	-1.88862530	1.71064508	1.66689314	3.85130801	0.13430312	34.76833108236202	2.0184611177027656
1.00000000	33.62383341	0.07881867	-1.46937988	2.12880301	1.90559594	5.00945919	-2.96800137	33.62392579051669	1.5684522000955057
2.00000000	27.59381344	1.91802226	-1.43938754	1.76911652	0.70908642	1.76280580	2.83915615	27.66039315612452	1.5013988076720606
2.00000000	30.11742140	8.65562590	-1.31268225	1.69924498	0.61129414	1.32215948	-2.48257351	31.336543068850602	1.290942583543876
