0.00000000	7.01872989	-2.46269577	-1.69515536	1.78684211	0.94181566	1.03129745	-2.52590990	7.4382417091914474	1.9082503064054217
0.00000000	7.73304324	-3.41730369	-1.64675687	1.79555893	0.88281686	1.00728368	-2.52632928	8.454461677800504	1.9869016857710278
0.00000000	3.70577793	-2.24070549	-1.78546290	1.78536463	0.77160879	0.96185364	-2.58293819	4.33053705207463	2.114629288090444
0.00000000	6.10258956	-4.23212428	-1.69665585	1.76120806	0.87165715	1.01015105	-2.83098507	7.426471252161858	2.177144152933341
0.00000000	5.19695721	-2.45459958	-1.75714372	1.75828588	0.75530410	0.96113980	-2.64673090	5.747471038701035	2.012051466732315
0.00000000	23.31012425	5.47876860	-1.50534795	1.83817768	0.84702129	1.01416864	3.07692385	23.945329355070147	1.3399482083935321
0.00000000	19.43017056	6.80428053	-1.45825229	1.78286779	0.80739150	0.95803259	2.74122000	20.58712611127711	1.2339509182612627
0.00000000	3.22054719	-3.09793322	-1.82761202	1.72767627	0.77080217	0.94889606	-2.51702666	4.46868151008734	2.3367913150154673
1.00000000	40.91830505	-2.81158999	-1.59766887	1.50289357	1.63515979	3.83655178	3.13873053	41.0147866803757	1.6394007721715969
1.00000000	20.98638384	-15.19157510	-2.09374509	1.67865050	1.72775999	3.46846706	-0.08670859	25.90776448670848	2.1973684885469487
1.00000000	20.02981336	-17.84750035	-2.16667126	1.52707529	1.67579933	3.61563940	0.01899036	26.827722452338076	2.29864280956388
1.00000000	20.36357177	-21.07888899	-2.29741568	1.55691886	1.80156749	3.97630773	3.08412337	29.308609934363727	2.3734532673673843
2.00000000	23.90375137	3.57017266	-1.56329821	1.78388107	0.74949076	1.81756553	-2.95495772	24.168894521284756	1.4225361049868734
2.00000000	12.20217128	3.86878817	-1.61993025	1.87480962	0.68611503	1.82282642	-3.02993560	12.800800984734854	1.2637649643918376
