0.00000000	42.15500480	10.96990485	-0.77542208	1.75568986	0.68950104	0.92854312	-0.03417900	43.558962821744004	0.2545814378816582
0.00000000	30.35310946	13.60525081	-0.81400762	1.81298387	0.66721926	0.69944561	3.03741193	33.26280360242875	0.42138311835731385
0.00000000	31.54229114	16.47863137	-0.71094893	1.92732430	0.56744810	0.34798180	1.48140538	35.5873772873033	0.48142997836438844
0.00000000	9.83135888	-3.63827254	-1.56560932	1.64641964	0.66812289	0.91044817	0.16249825	10.482969259836304	-0.3544398388924016
0.00000000	24.97952863	8.86364987	-1.26405905	1.83317709	0.89505895	1.02224758	0.29499426	26.50549263067828	0.34097703925621614
0.00000000	33.32128274	11.23855741	-0.83846186	1.80725360	0.78450896	0.93033071	0.00500659	35.16550946733017	0.32529713087755274
0.00000000	33.19639658	12.12790138	-0.80143784	1.85219407	0.77439978	0.81363352	0.08344527	35.34242122124122	0.3502729868967342
1.00000000	24.11995436	-16.33958503	-1.94247560	1.47828984	1.59252976	3.28876847	0.06432682	29.133386986086652	-0.5954172957207077
1.00000000	24.76039937	-19.24406980	-2.06459437	1.52997065	1.68567221	3.94230893	-3.12775612	31.359394117698898	-0.6606903044966895
1.00000000	24.42409114	-13.77731750	-2.01183842	1.60531187	1.69052701	3.54170486	0.07187475	28.041945465870104	-0.5135943592083363
1.00000000	37.16435181	-0.85407056	-1.32531701	1.53070664	1.57217995	3.21887888	0.05163901	37.17416417323877	-0.02297686397970421
