0.00000000	26.50470734	10.14336285	-1.18311069	1.86010408	0.68021824	0.94933565	-3.06522417	28.379346734655645	1.2052917460618893
0.00000000	18.00264810	9.41779739	-1.27434216	1.70494318	0.69099351	1.22121816	3.01298118	20.31724012486746	1.0888132573586728
0.00000000	31.46859219	16.47797886	-0.70478151	1.94053674	0.65052039	0.50326911	0.42668045	35.52176912445572	1.0884219205965127
0.00000000	26.35641600	10.87122465	-1.15296338	1.90103173	0.64507664	1.00284336	-3.09045053	28.51042247592665	1.1795865884402978
0.00000000	18.62891850	6.15465516	-1.39310680	1.70948029	0.66596936	0.79943569	0.43217751	19.619286037421364	1.2517045228935004
1.00000000	24.10575465	-16.36777426	-1.91966192	1.46743619	1.59230766	3.34625119	0.07864886	29.137457704341937	2.1672879182781757
1.00000000	24.78428389	-19.24930497	-2.03695361	1.53280210	1.66774878	3.94412060	-3.11891627	31.38146697922486	2.2311512901626775
1.00000000	24.44496155	-13.78651418	-1.97846852	1.61155558	1.67158481	3.60290659	0.05906879	28.064641783146268	2.084310738428314
1.00000000	37.16381976	-0.84509599	-1.33901272	1.47712350	1.56991560	3.32944268	0.05793006	37.17342715416593	1.593532158991644
2.00000000	14.90095666	3.85427224	-1.55201374	1.67611575	0.52049795	1.81839278	0.94587648	15.391358740645122	1.3176844083646266
2.00000000	13.19211031	4.05759309	-1.55453358	1.72613811	0.62202596	1.48158152	0.67365909	13.802022899387758	1.272402499882909
2.00000000	43.46165406	1.35988938	-1.31929420	1.77470016	0.65467848	1.73303846	-0.76171976	43.482923921430945	1.5395171249227586
2.00000000	18.00264810	9.41779739	-1.27434216	1.70494318	0.69099351	1.22121816	3.01298118	20.31724012486746	1.0888132573586728
