0.00000000	31.47952431	16.48974419	-0.74691914	1.85109687	0.59479330	0.42466290	1.11770725	35.536911996338674	0.4825249995696508
0.00000000	7.94077045	-6.29699356	-1.64636944	1.74618292	0.66730019	0.95430236	-2.30864310	10.134493733496246	-0.6704551590633688
0.00000000	30.49872298	10.57873274	-0.99469302	1.85716248	0.74611463	0.85300152	0.21850041	32.28129008876702	0.3338731682828564
0.00000000	23.79750704	10.99681101	-1.17916773	1.76297748	0.66638573	1.15956758	-3.08216548	26.215476225094722	0.4328700150553131
0.00000000	30.33634738	11.49027724	-0.94895099	1.87006116	0.77314596	0.85623100	0.13106567	32.43948895115481	0.3620653995559371
0.00000000	22.00762849	11.20416491	-1.15961454	1.85453725	0.64829506	1.27949409	-3.07470870	24.69552637795629	0.4709040105210692
1.00000000	24.77079944	-19.35099301	-2.12441621	1.59046137	1.75601307	4.22038875	-3.09828925	31.43331728230053	-0.6631730581476374
1.00000000	24.07159805	-16.40097969	-1.95967196	1.47595167	1.61582765	3.37078509	0.10668701	29.12788985615944	-0.5980934411014971
1.00000000	24.44753145	-13.78678899	-2.01946352	1.59194398	1.70889230	3.60955753	0.04451849	28.067015243048633	-0.513477960470712
1.00000000	37.32807009	-0.83183238	-1.29773376	1.43554926	1.55860593	3.41297514	0.04801729	37.33733736827479	-0.022280678453741713
2.00000000	28.09719286	12.45112419	-1.02054081	1.83324456	0.70770799	1.45513682	0.18470687	30.732437915122162	0.4171385147444114
