0.00000000	9.93592865	-3.47383399	-1.56048868	1.66624689	0.72414224	0.90690365	0.32916495	10.52569241085688	-0.3363393536107712
0.00000000	25.14835910	8.90633432	-1.23202501	1.82059264	0.87555059	1.02890016	3.04270816	26.67888221875427	0.3403686468085643
0.00000000	42.24633669	10.94134732	-0.79389856	1.74047983	0.68035832	0.89745239	0.05231502	43.640188415057416	0.25342108190037616
0.00000000	31.51475505	16.50246068	-0.70499251	1.93974328	0.56666732	0.33492250	1.48012340	35.57402134081058	0.48238211225758343
0.00000000	30.86500921	13.72923851	-0.75867818	1.80658793	0.67761815	0.70277539	2.80741882	33.78077535519059	0.4185342457662482
0.00000000	32.31313856	13.30543568	-0.70892356	1.81841660	0.68729779	0.63846986	-3.07018280	34.94529356340244	0.390607723333843
0.00000000	33.36633883	12.14027907	-0.73591731	1.82806671	0.78582928	0.71363049	0.10388540	35.50632257522378	0.34895800108475783
1.00000000	24.07426834	-16.35635401	-1.93197570	1.46571970	1.60170103	3.34622233	0.08015986	29.104994633340333	-0.5967746742410305
1.00000000	24.76833494	-19.25374332	-2.04087577	1.53144574	1.67937357	3.92743976	-3.11752415	31.37159619038326	-0.6607785420074583
1.00000000	24.44830443	-13.78429940	-1.99520348	1.57411814	1.68137566	3.57814902	0.06497702	28.06646574563313	-0.5133871677376025
1.00000000	37.24560236	-0.88591325	-1.32297466	1.50450015	1.57536174	3.32978744	0.05891192	37.2561369098537	-0.02378122997299279
