0.00000000	10.04712017	-3.37661442	-1.55897055	1.63544762	0.73278452	0.84753797	-0.58936399	10.599346614380188	-0.32421857110153895
0.00000000	31.49244660	16.49173184	-0.64130543	1.94403648	0.54752313	0.33226429	1.51230085	35.54928145457122	0.48240585638281197
0.00000000	42.40763313	10.95641036	-0.69266651	1.78378606	0.66455673	0.91891006	-0.11561285	43.80011730195924	0.25283072122651934
0.00000000	25.25391328	8.95997349	-1.21510480	1.79306543	0.87220630	1.04779342	3.05407667	26.796291924355188	0.3409405297408743
0.00000000	33.73750887	11.31459286	-0.81172739	1.75551641	0.72669795	0.88477511	-0.02972908	35.58425939008555	0.32358361899423205
0.00000000	33.49544124	12.22721652	-0.75832127	1.76131368	0.78334816	0.72700193	0.06506753	35.65738924387558	0.35001122325622486
0.00000000	31.30995098	13.83573883	-0.68528412	1.87552035	0.68523437	0.65877492	2.63858056	34.2306982012049	0.41609414831925245
0.00000000	32.80435361	13.38982833	-0.68368600	1.79011571	0.77054532	0.65489133	0.01376716	35.43180941578895	0.3875315467643949
1.00000000	24.78583486	-19.24647657	-2.05279819	1.52573442	1.68728672	3.89487524	-3.12051392	31.380957124771548	-0.660253463626141
1.00000000	24.05219580	-16.34811853	-1.95265851	1.44722688	1.59221417	3.33041894	0.08696709	29.082109659934698	-0.596966966846921
1.00000000	24.40500510	-13.78620800	-2.02072660	1.56410170	1.66450080	3.53097037	0.05301115	28.02969505632	-0.514205163863978
1.00000000	37.16528541	-0.87519194	-1.32854341	1.51529026	1.57432619	3.25006654	0.06241711	37.175588771915905	-0.023544288932204793
