0.00000000	10.48838590	-2.82007268	-1.53887616	1.70193481	0.80856171	0.92137244	-2.60091734	10.860895391624082	-0.2626636822380236
0.00000000	31.46490549	16.48288024	-0.66844628	1.90437329	0.54157470	0.38114292	1.40301716	35.52077727895062	0.48254479418764173
0.00000000	33.29539801	14.26817492	-0.71685479	1.88085032	0.65503783	0.76449694	0.75133508	36.22380907900257	0.40485927272846783
0.00000000	25.86081655	9.19058950	-1.23753939	1.79447103	0.91668909	1.03423039	3.01991320	27.44537789847799	0.34146555215897256
0.00000000	34.26523209	12.37124393	-0.76866768	1.79736948	0.82521486	0.82347801	-0.01663808	36.430122241863636	0.3464791705078629
0.00000000	43.05148376	11.13680789	-0.80843399	1.70131397	0.64838184	1.03617420	-0.03572420	44.46862651259099	0.25313668778385
0.00000000	34.30286458	11.39476927	-0.80986927	1.74879408	0.74661562	0.87966417	-0.02745111	36.14591657587832	0.3207133432038719
1.00000000	24.79072370	-19.23863323	-2.05185555	1.53730750	1.68478112	3.95519388	-3.11459970	31.380009402933617	-0.6599604946976102
1.00000000	24.08058016	-16.36296448	-1.93270371	1.46774435	1.59133312	3.34674967	0.09022956	29.113930470067544	-0.5968406483419809
1.00000000	24.43303560	-13.78676891	-1.99356649	1.59135437	1.66674319	3.55394483	0.05321272	28.054379793690146	-0.5137311477147185
1.00000000	37.15550272	-0.80859536	-1.33173130	1.47527039	1.54645584	3.26266665	0.06118129	37.164300192955885	-0.02175903124696214
