0.00000000	31.29896114	16.42396576	-0.73663471	1.92216289	0.59569866	0.46811331	0.80161089	35.34645130319142	1.0875494386942672
0.00000000	43.18975147	13.25278533	-0.78632722	1.89664316	0.64635955	0.83294817	0.07965010	45.17732784310544	1.2730668231876134
0.00000000	24.77781898	8.57017166	-1.28062234	1.77860069	0.86120006	0.98925452	0.07514592	26.218088330149385	1.2377958830016256
0.00000000	16.83238933	4.64333484	-1.46811960	1.72202015	0.76668655	0.80388079	0.45975915	17.46109644303747	1.3016334110969932
0.00000000	34.46405561	11.11444674	-0.97318337	1.72423649	0.75260487	0.91440787	0.15965749	36.211904885347714	1.2588328019147477
0.00000000	28.39585856	10.22379775	-1.08875177	1.87742043	0.72042597	1.38966363	0.09139211	30.180305230272776	1.2252005712756977
1.00000000	24.10216331	-16.34408675	-1.90044532	1.44663763	1.56912380	3.35175395	0.07709731	29.121185551303295	2.16668424987259
1.00000000	24.79471658	-19.24924160	-2.03086631	1.52509260	1.66106146	3.92363824	-3.12623835	31.389668243829806	2.230945826658796
1.00000000	24.32308699	-13.77558332	-1.90204034	1.49328446	1.58493503	3.42666695	0.08063994	27.953161834207048	2.0861119236598813
1.00000000	37.16343328	-0.80905965	-1.37716148	1.47431946	1.56581041	3.39242941	0.05658744	37.172238978494015	1.5925632034774728
2.00000000	28.39585856	10.22379775	-1.08875177	1.87742043	0.72042597	1.38966363	0.09139211	30.180305230272776	1.2252005712756977
