0.00000000	31.30962221	16.21384621	-0.74732945	1.87610626	0.57240223	0.43914655	1.34786725	35.258775529709716	1.0929669161758846
0.00000000	30.31521345	10.42468924	-1.09696291	1.86003017	0.81048396	1.04964281	0.32673594	32.05754688477633	1.2395871302217554
0.00000000	13.57947274	1.27607145	-1.53402207	1.77137542	0.74847356	1.01823728	-1.58177555	13.639297571426038	1.4771008539261516
0.00000000	24.25668616	-4.36462478	-1.58811782	1.77674007	0.70403156	1.13714816	0.30573270	24.64623242881	1.7488262225889366
1.00000000	24.78174661	-19.28389198	-2.05630205	1.52558136	1.67617014	3.91600508	-3.12646675	31.40069194999618	2.232070770052535
1.00000000	24.06382812	-16.37752244	-1.93969641	1.43946958	1.57825712	3.31960885	0.05904080	29.10826454912086	2.1683740956741517
1.00000000	37.39653889	-0.81023919	-1.28518794	1.42050302	1.52686662	3.49969738	0.00921933	37.40531524391012	1.5924590920749775
1.00000000	40.54161624	12.89703470	-0.75594805	1.65635633	1.70919974	3.53166273	0.16148908	42.5435794380825	1.2628011211929482
1.00000000	24.28678462	-13.78728214	-1.94279877	1.52096558	1.58824246	3.38897862	0.06564529	27.927353186190626	2.0871170219858897
2.00000000	11.65660306	1.69094738	-1.54179118	1.81174910	0.79809184	1.79377183	0.66457748	11.778611885121702	1.4267377349189703
2.00000000	15.16207394	4.75836051	-1.49486623	1.74196863	0.64688552	1.77016870	0.64407444	15.891207660374796	1.2666974324101543
