0.00000000	27.35387150	10.32713338	-1.14190410	1.85037231	0.74740766	0.92998210	0.09690887	29.238398894036976	0.36099414551275055
0.00000000	31.49764914	16.42146362	-0.73495112	1.88931990	0.60402943	0.46379339	0.50499457	35.52135088604495	0.48058546211925873
0.00000000	27.32097475	10.95552444	-1.09095572	1.88432229	0.69609449	0.95127735	-3.11468077	29.43567864081912	0.3813622701016612
0.00000000	20.05375686	10.73731372	-1.25301383	1.76402688	0.67473164	1.32606453	-3.05814958	22.747375016069377	0.4915855715238521
0.00000000	36.27995692	9.69717377	-1.02326820	1.72079158	0.78609970	1.01455419	-0.17726304	37.55356778313655	0.261181784125713
1.00000000	24.12129201	-16.35211518	-1.93052874	1.47313356	1.60081010	3.34641181	0.06152736	29.141523623374194	-0.5957475346880923
1.00000000	24.78020317	-19.27390036	-2.04952548	1.53317702	1.66266137	3.96966213	-3.13602948	31.39333853277931	-0.6610534528617953
1.00000000	24.50113046	-13.78716670	-1.98039840	1.63627195	1.68649084	3.60479229	0.07109667	28.113899754952683	-0.5125531740011268
1.00000000	37.24053533	-0.85071514	-1.29758499	1.44172251	1.58617810	3.44291988	0.03030032	37.25025084364404	-0.022839822253159798
2.00000000	16.58182521	6.01139069	-1.40304587	1.72154784	0.59424658	1.86627727	0.90406132	17.63784979306747	0.3477925223456313
2.00000000	20.05375686	10.73731372	-1.25301383	1.76402688	0.67473164	1.32606453	-3.05814958	22.747375016069377	0.4915855715238521
