0.00000000	31.31676975	16.23234498	-0.70476411	1.94875431	0.63289718	0.48395752	1.01125646	35.27363166905622	0.47820192690997393
0.00000000	13.73430553	1.59244537	-1.53021334	1.73873663	0.74702650	1.00775149	-1.07704544	13.82631659726563	0.11543112336187003
0.00000000	39.30392767	12.45516476	-0.76191090	1.84180772	0.78207254	1.12398188	-0.22963080	41.230205668748944	0.30688259448203087
0.00000000	16.01494488	5.49683320	-1.43069814	1.78381693	0.69080874	1.25877308	0.67363757	16.932029846951618	0.3306322765097056
0.00000000	24.11569796	-4.43291790	-1.59329532	1.79636812	0.67200080	1.15486250	0.31621000	24.51973999058898	-0.18178938362921257
1.00000000	24.12731522	-16.38646502	-1.91562245	1.45801759	1.59287861	3.33174342	0.06317147	29.165794615901127	-0.5966065060119603
1.00000000	24.78567676	-19.28349922	-2.05186359	1.53014088	1.67702358	3.95777539	-3.12981009	31.403552579587945	-0.6611877152891529
1.00000000	37.24416934	-0.86715096	-1.34301970	1.51066017	1.57746986	3.34189660	0.01665550	37.2542628515721	-0.02327865903582848
1.00000000	24.40305007	-13.79197146	-1.98837672	1.55514216	1.66140983	3.52713246	0.06585198	28.03082819811754	-0.5144184904109547
2.00000000	12.33837730	2.49827536	-1.56686781	1.85103273	0.82793651	1.55524251	0.75219917	12.588762217610531	0.19977909037582686
2.00000000	16.01494488	5.49683320	-1.43069814	1.78381693	0.69080874	1.25877308	0.67363757	16.932029846951618	0.3306322765097056
