0.00000000	22.58763062	9.79608486	-1.17887757	1.86039090	0.71836867	1.06935462	-3.08109879	24.620404862834462	0.4092101325244428
0.00000000	22.41006650	10.67574401	-1.12185691	1.92633176	0.68028750	1.06927337	-3.04526281	24.823025413947292	0.4445750188113993
0.00000000	15.72160470	3.53084614	-1.47480534	1.64870524	0.67665506	0.77849556	0.06443420	16.113215967255417	0.22091998246772027
0.00000000	6.74245734	-4.66532080	-1.69722412	1.70414186	0.71207403	1.04473570	-2.37002850	8.199143196007283	-0.6052905313785939
0.00000000	31.45347645	16.42820961	-0.71406363	1.90903163	0.62491651	0.49399777	1.11746716	35.48531036613321	0.4813295108550913
0.00000000	35.08390376	-3.98725710	-1.46116481	1.82342434	0.63610359	0.88974277	-0.15794489	35.30975109261523	-0.11316364035545554
0.00000000	31.22838171	9.01738468	-1.04669438	1.74095392	0.69374607	0.85758379	0.05726402	32.504231273675146	0.2811096066871077
0.00000000	8.65542951	-4.47954881	-1.61382220	1.69845915	0.70761803	1.32864149	-2.29363251	9.74591286354189	-0.47758256865718784
0.00000000	42.87798028	14.67591336	-0.63332508	1.80168056	0.66304638	0.73751815	0.08079682	45.320013524295156	0.32977327648070526
0.00000000	42.71649812	15.33239013	-0.59953640	1.77089465	0.66421871	0.78533927	0.19410647	45.38481462708077	0.3446112852436355
0.00000000	43.57282237	13.89654059	-0.69800399	1.76128209	0.64199771	0.67144734	-0.16930635	45.73515813525837	0.308729124658924
1.00000000	24.75284024	-19.26331583	-2.02114473	1.50890374	1.66711399	3.89448373	-3.11450744	31.365242494093554	-0.6613226865800457
1.00000000	24.05733309	-16.34871960	-1.93079631	1.48254633	1.59976122	3.38137714	0.12553255	29.08669640854102	-0.5968847730089363
1.00000000	24.31474485	-13.78243095	-1.93798534	1.54658449	1.64475127	3.45412712	0.07351228	27.94927941847731	-0.5156758731940709
1.00000000	37.25210491	-0.79086956	-1.26349972	1.50696492	1.57234167	3.31562977	0.06843186	37.260499122885896	-0.021227009143422584
2.00000000	8.65542951	-4.47954881	-1.61382220	1.69845915	0.70761803	1.32864149	-2.29363251	9.74591286354189	-0.47758256865718784
2.00000000	11.74620704	0.56913025	-1.55785249	1.69830704	0.78835221	1.74307133	2.78390050	11.759986780095062	0.04841439512505154
