0.00000000	23.87860951	9.92833188	-1.12159143	1.92731977	0.76239619	1.07650161	-3.10493422	25.860389905229326	0.394038364632956
0.00000000	23.67429984	10.77385953	-1.08876417	2.00737286	0.73842249	1.08418112	-3.10860825	26.010546362704414	0.4270759870250963
0.00000000	31.46252130	16.47010101	-0.76969121	1.90337873	0.61106215	0.47770562	1.09089971	35.512736783195926	0.4822571872091361
0.00000000	43.96321146	15.53189378	-0.82480369	1.81605244	0.69768468	0.82944177	0.19778281	46.626212437532146	0.3396054102425002
0.00000000	32.49125983	9.12581996	-1.14942048	1.61876154	0.77699682	0.97823057	0.10072216	33.74851930504368	0.27381526608172346
0.00000000	44.04516220	14.96228168	-0.87669323	1.84972978	0.74310169	0.83100553	0.12147401	46.51716012716138	0.32747241995808185
0.00000000	34.43738034	-3.92154392	-1.41337250	1.80508304	0.66041209	0.97536139	-0.39437079	34.65994332653052	-0.11338620340106889
0.00000000	8.89571340	-1.92270530	-1.61820219	1.70176923	0.62366316	1.42182692	-2.79972792	9.101126994256681	-0.2128640117351513
1.00000000	24.12560614	-16.36571131	-1.93277375	1.46266568	1.58861499	3.33314569	0.06900755	29.152725057954143	-0.596050529936129
1.00000000	24.77678751	-19.25387696	-2.04328529	1.53091764	1.68022733	3.93268435	-3.12138367	31.378352048928743	-0.6606165800439717
1.00000000	24.40257072	-13.78998505	-2.00409208	1.55961347	1.65133476	3.52792489	0.05687141	28.029433555172403	-0.5143652081047593
1.00000000	37.26173200	-0.82395453	-1.27743278	1.47024953	1.54472825	3.33689608	0.08438306	37.270840783477524	-0.022109017197413726
2.00000000	10.59279191	-1.79771875	-1.58848939	1.64853668	0.64326250	1.78115133	1.98087204	10.74425582125924	-0.1681097606240963
2.00000000	13.53969198	3.46399859	-1.53093277	1.71140981	0.67666832	1.45013364	2.57087874	13.975784240778701	0.25046779914645684
2.00000000	35.70468049	1.52333410	-1.27519796	1.64198685	0.71091330	1.54183978	0.37260062	35.73716210995509	0.042638970163123985
