0.00000000	24.45107008	10.80629951	-1.11832080	1.92628360	0.71995392	1.06950238	-3.07142901	26.732581939590077	1.1546518129917167
0.00000000	17.23385234	5.07335412	-1.49271296	1.64106607	0.67377020	0.85663976	-2.03962111	17.965093612443116	1.2845006248955946
0.00000000	31.48949272	16.48818066	-0.78729985	1.87863016	0.60178547	0.47924546	0.54782730	35.5450172772462	1.0884404235289828
0.00000000	24.69601631	10.02260509	-1.15342830	1.91702664	0.75680229	1.01767127	-3.12690115	26.65231386528907	1.1852665370377906
0.00000000	33.94848171	-3.85764273	-1.41412113	1.91760087	0.70144448	1.24129943	-0.15688322	34.16695505669954	1.683943257927163
0.00000000	44.71848137	15.75725706	-0.72670267	1.80873084	0.63410080	0.83220632	0.45586854	47.41343402553707	1.2320155745313421
0.00000000	33.27703225	9.28243587	-1.04521893	1.67299199	0.78202894	1.04016105	-0.08117536	34.547423797559816	1.2987669145110152
1.00000000	24.80313151	-19.25322570	-2.03943263	1.54062438	1.68997802	3.94396751	-3.11660266	31.398758455669796	2.230881706724112
1.00000000	24.06938452	-16.35048515	-1.93436418	1.44157338	1.57673673	3.31055961	0.07763158	29.09765687838088	2.167498491939645
1.00000000	24.40718601	-13.78670241	-1.99450133	1.56439149	1.66045270	3.53100049	0.04048113	28.03183711904447	2.0849785813372295
1.00000000	37.14718819	-0.84833597	-1.30581329	1.49430108	1.57928451	3.52333753	0.06028542	37.15687371592598	1.5936295095565922
2.00000000	37.96039631	1.26516694	-1.17861269	1.68025947	0.68828613	1.77992645	0.23789428	37.98147358118601	1.5374800570094784
2.00000000	10.16834661	-0.22036904	-1.56919668	1.61244273	0.62567917	1.66885461	0.55223185	10.170734255445327	1.5924649969651423
2.00000000	14.76957171	5.41337917	-1.46619604	1.65018976	0.63208977	1.61455509	2.83898139	15.730382148410197	1.2194786902631618
