0.00000000	22.87340917	10.71950260	-1.10285948	1.89913869	0.66975488	1.04557331	-3.06444740	25.2606528626963	1.1325460789750568
0.00000000	16.06062964	3.86267210	-1.49698089	1.64129686	0.70801362	0.87108424	0.53843427	16.51859740369517	1.3347732943264963
0.00000000	7.60390131	-3.59522920	-1.66639326	1.76600790	0.59641247	1.08240278	-3.02480173	8.411003990770208	2.012459380150254
0.00000000	31.44350805	16.46370888	-0.72201894	1.91853166	0.60099810	0.44420824	1.18720329	35.49292758530642	1.0884502526537474
0.00000000	31.69263037	9.16025764	-1.09032295	1.70571661	0.68086103	0.97117714	0.17380381	32.98989451029852	1.2894299079159528
0.00000000	43.21490840	15.38105262	-0.63598392	1.77217412	0.66975614	0.76848504	0.14192139	45.87052526099521	1.2288572813179675
0.00000000	23.07977676	9.83235460	-1.13756989	1.91599751	0.78106538	1.11168505	-3.06704235	25.08687490046493	1.1680654175062712
0.00000000	9.39125764	-3.43221112	-1.61676763	1.64062715	0.63804937	1.26684120	-2.81773520	9.998789588400689	1.9211847555059332
0.00000000	34.80127987	-3.99492540	-1.47367476	1.76981759	0.67926888	0.96425336	-0.28620073	35.02982314459541	1.6850885423785453
1.00000000	24.07908189	-16.31560890	-1.92520020	1.47119546	1.58256135	3.31562099	0.10253988	29.08610112137901	2.166319285137836
1.00000000	24.77776879	-19.25757496	-2.02069066	1.51847851	1.67155078	3.91653368	-3.11200714	31.38139607395944	2.231486768294
1.00000000	24.31742769	-13.75698792	-1.92750977	1.49524975	1.62686047	3.43148301	0.07017187	27.939076686415472	2.085632609547043
1.00000000	37.25404739	-0.81537397	-1.26971946	1.52144086	1.55002004	3.28990378	0.05277925	37.26296930797812	1.5926796889290293
1.00000000	42.36450697	13.06881905	-0.88158355	1.52032053	1.56270877	3.45555544	0.47428408	44.3344728419412	1.2715733327654968
2.00000000	9.39125764	-3.43221112	-1.61676763	1.64062715	0.63804937	1.26684120	-2.81773520	9.998789588400689	1.9211847555059332
2.00000000	12.39018817	1.62604984	-1.56312130	1.68286145	0.70626296	1.75288931	0.74802321	12.496431529447596	1.4403051754976088
