0.00000000	21.32669499	10.63927600	-1.11142598	1.91831195	0.71276411	1.14357856	-3.09400558	23.833214491559193	0.46274423935287107
0.00000000	21.45849529	9.57165517	-1.15690849	1.86099863	0.75643008	1.20962529	-3.07323980	23.496459367409802	0.41956788019104735
0.00000000	14.95805665	2.71228991	-1.51249419	1.75610709	0.80559058	0.94364246	2.89737296	15.201972743709845	0.1793773715337095
0.00000000	31.43983389	16.46323455	-0.71141265	1.97885203	0.64530294	0.47088222	1.00481546	35.48945261453191	0.48238225611352364
0.00000000	41.71699725	15.08081587	-0.72315429	1.90050936	0.63845468	0.74172655	0.19671506	44.35920273022669	0.34688542196961414
0.00000000	42.38997008	13.59720481	-0.83259724	1.81338537	0.60619171	0.77670954	0.18236339	44.51733979056231	0.3103964326313435
0.00000000	41.74622987	14.27595741	-0.77806376	1.85798502	0.62167699	0.79867895	0.35203737	44.11973105460883	0.3295032937134349
0.00000000	35.51492189	-3.99723178	-1.45523189	1.77745557	0.65437830	0.83724911	-0.46225345	35.739159737686094	-0.11207909691514721
1.00000000	24.08463829	-16.34012147	-1.93036149	1.45720232	1.59731413	3.28577192	0.07294035	29.104456208877863	-0.596113110041082
1.00000000	24.78941867	-19.24933195	-2.04174874	1.53048491	1.67285722	3.92259673	-3.11984348	31.385539003143396	-0.6602552884275267
1.00000000	24.30516293	-13.77433852	-1.92814086	1.48644888	1.58937479	3.37419635	0.06608040	27.936953067888453	-0.5155930072199014
1.00000000	37.42694604	-0.87626859	-1.32080184	1.52804422	1.58648569	3.51139338	0.00438987	37.43720257341475	-0.023408496394776178
2.00000000	9.94923303	-1.86863447	-1.60081051	1.72280335	0.65249561	1.62884483	2.80166173	10.123192809964412	-0.18565410520233136
2.00000000	30.18557398	9.13036497	-1.18137095	1.68577826	0.69135561	1.40765498	0.10037996	31.536208411720267	0.29372538569849754
2.00000000	28.98246866	1.20624241	-1.41340063	1.74830222	0.71739719	1.91168424	0.11837264	29.007559538499006	0.041595719885196385
