0.00000000	25.15290160	10.78799649	-1.15288113	1.90020084	0.69443191	1.09888582	-3.09393263	27.368765539708487	1.1656297746561382
0.00000000	17.81545940	5.55932396	-1.44852100	1.71277189	0.64805389	0.96442025	-0.29917875	18.662708177680926	1.2683209712922894
0.00000000	31.43840589	16.47942694	-0.76152227	1.92628741	0.61979160	0.45372075	0.71028286	35.49570223527328	1.087991282855225
0.00000000	15.94784260	7.19605747	-1.38432310	1.72716093	0.56584262	1.07109241	0.70482761	17.496197492767323	1.1469245635112408
0.00000000	34.13568798	9.42425477	-1.04030869	1.67026997	0.80509743	1.05311063	-0.12228154	35.412734599827	1.3014243108158041
0.00000000	13.05910788	1.39719311	-1.47043655	1.63992178	0.64123963	0.90599350	-3.07776785	13.133638003543021	1.4642118426644022
0.00000000	25.39808625	10.12703494	-1.22243164	1.88001585	0.72588136	1.09464393	3.13018847	27.34263377654793	1.191383353745876
0.00000000	11.45438270	1.66530609	-1.55815111	1.77252793	0.77844450	1.32773832	0.66663152	11.574805718086607	1.426421942175897
1.00000000	24.80051141	-19.24954465	-2.05648605	1.53821790	1.68964204	3.97175205	-3.11841965	31.394431599089092	2.2308402597556616
1.00000000	24.04628302	-16.35633644	-1.94020597	1.46145415	1.58217063	3.30537683	0.08481617	29.08184087736559	2.168111289724935
1.00000000	24.31967635	-13.76552958	-1.95406679	1.52556586	1.60973778	3.42461592	0.06800505	27.94524042456254	2.0858590241405985
1.00000000	37.28011282	-0.80677585	-1.32199047	1.45117462	1.55697434	3.40673484	0.03961602	37.288841482996915	1.5924338669944023
2.00000000	40.21357737	1.21474768	-1.24147056	1.66962028	0.67249521	1.80783162	0.02160097	40.231920372001156	1.540598108157206
2.00000000	11.43855045	1.59580582	-1.56750212	1.76018214	0.75716792	1.63872336	0.63252187	11.549330396708767	1.4321798279628004
