0.00000000	22.27726736	10.67224302	-1.09905622	1.89880490	0.66312324	1.03108977	-3.08925772	24.701688446477906	1.124037130884978
0.00000000	15.63618685	3.41105210	-1.47489713	1.70563316	0.71638164	0.88129561	-0.61987102	16.00392500722955	1.3560102038152408
0.00000000	22.43371261	9.80693667	-1.16869007	1.81696391	0.70399650	1.02470564	-3.08777475	24.4836163243395	1.1586782263263196
0.00000000	31.45014612	16.47285160	-0.71542118	1.92556536	0.62339055	0.45898274	0.97291005	35.503049598660866	1.0883088425078746
0.00000000	42.60226802	15.35684937	-0.64265869	1.83198452	0.65555255	0.74067579	0.18152365	45.285605472608886	1.2248245281324617
0.00000000	35.14388235	-3.93182855	-1.47387431	1.85426342	0.60668094	0.86756105	0.07512034	35.36314101401679	1.6822110566362571
0.00000000	30.96570216	8.91351700	-1.12451981	1.64315844	0.67582036	0.84202556	0.09543076	32.22305844532945	1.2905220733815743
0.00000000	43.37790640	13.90581884	-0.75731419	1.79652917	0.64887569	0.70015976	0.03855911	45.55232772601264	1.2605729985805485
0.00000000	42.82292818	14.67133321	-0.68965695	1.80032682	0.64616431	0.64804981	0.08571203	45.26644669143235	1.2407249467611186
0.00000000	6.49130031	-4.99429954	-1.69462762	1.72046113	0.69544127	1.42524321	-2.34582162	8.190238556345614	2.2265879176728625
1.00000000	24.78865071	-19.26390372	-2.05440901	1.54654574	1.70214537	4.03731434	-3.12560129	31.39387186308521	2.231433228180236
1.00000000	24.07600252	-16.33008969	-1.97703348	1.46477222	1.60449069	3.31296701	0.08653197	29.091677961686752	2.166790737694859
1.00000000	24.41789727	-13.77892871	-2.04565827	1.60047245	1.70179292	3.49372657	0.06426497	28.037342660878828	2.084549276467518
1.00000000	37.15633844	-0.78709502	-1.35444115	1.54352641	1.56725347	3.13605196	0.06541985	37.16467415218826	1.5919764902005742
2.00000000	8.40925104	-4.79892053	-1.64641116	1.67023671	0.70291263	1.58527556	-2.20923615	9.682207460439823	2.0893715956105936
2.00000000	11.42920695	0.18100989	-1.57233868	1.74214697	0.81395256	1.67171077	-2.92042971	11.430640230809738	1.5549601660640424
2.00000000	6.49130031	-4.99429954	-1.69462762	1.72046113	0.69544127	1.42524321	-2.34582162	8.190238556345614	2.2265879176728625
