0.00000000	42.63655010	11.08523670	-0.71950362	1.77425003	0.72746238	0.94881364	-0.10519938	44.05403360788699	0.25436220764074247
0.00000000	25.43031291	9.00811647	-1.24653981	1.77985823	0.90783615	1.04354761	3.07713652	26.978639273276887	0.34043600143735386
0.00000000	10.12940971	-3.20298797	-1.55077050	1.67689586	0.74110792	0.88158901	-1.41106820	10.623750421061622	-0.3062582856789578
0.00000000	31.53262640	16.49033396	-0.69839619	1.90497684	0.56806654	0.36154260	1.50231874	35.58423305052824	0.48184723141551294
0.00000000	31.85273974	13.91978013	-0.75486241	1.85652041	0.70650342	0.62878575	2.74876165	34.76143420245658	0.41199419476107096
0.00000000	33.85479827	11.36389030	-0.82502077	1.78126562	0.74890483	0.92206284	-0.01706515	35.71113787955838	0.32384810048422946
0.00000000	33.16625294	13.43970299	-0.77703045	1.77972865	0.84184957	0.78789513	0.03492174	35.78583449550218	0.3850001772609059
0.00000000	33.69286437	12.21585023	-0.77681730	1.79193032	0.79528697	0.66638228	0.01319511	35.839030487682095	0.3478243549134337
1.00000000	24.09174066	-16.34859286	-1.94358109	1.45930290	1.59132904	3.32913618	0.07050796	29.115089842395133	-0.5962169322863919
1.00000000	24.78093599	-19.24177471	-2.05123542	1.53650284	1.68198269	3.93457162	-3.12745953	31.374204093982573	-0.6602308609334324
1.00000000	24.42665351	-13.78873649	-2.00031666	1.59002447	1.67598552	3.53146164	0.07555359	28.049788870653785	-0.5139040527767241
1.00000000	37.16131511	-0.88103194	-1.29686568	1.52285099	1.57618805	3.14700227	0.04243325	37.17175753154556	-0.023703868438103553
