1.00000000	33.70121153	3.12656101	-1.37394379	1.62505877	1.75134524	4.35618382	-0.40993592	33.84593095689728	1.4782881649298507
1.00000000	22.79920076	-12.40634165	-1.53634320	1.64764178	1.67418483	4.26629437	1.51046038	25.95613354163731	2.069142381120822
1.00000000	46.81887878	10.78578547	-1.26660595	1.45373106	1.71736102	4.06951936	-3.07187128	48.04519308340011	1.3443741155137514
1.00000000	48.93112183	1.10400350	-1.30366526	1.41009247	1.62828251	3.64230338	0.01253332	48.94357472917477	1.5482377550605886
1.00000000	25.60310364	-22.26600333	-1.49137686	1.65370071	1.64923480	4.59477745	1.41698289	33.93072089260929	2.2865940687098893
1.00000000	46.00611737	-4.89169673	-1.26584743	1.76721811	1.71663322	4.29446258	0.71081889	46.26544641912048	1.6767254243473562
1.00000000	46.61375849	14.24032763	-1.34422873	1.49735260	1.55790197	3.43098954	-0.60606110	48.74042892275148	1.2743047754233259
1.00000000	40.52367210	-10.48564785	-1.20281289	1.44787419	1.58239509	3.78091147	0.87704051	41.85829441463815	1.8239965947706753
1.00000000	26.27154902	-13.19261852	-1.42783354	1.58993840	1.59775442	3.90494591	1.47087455	29.397950121131064	2.036173405140527
1.00000000	47.87406419	-20.49016827	-0.83540581	1.99281669	1.70554927	3.88876168	0.50035101	52.074686919857285	1.9752064691430136
1.00000000	28.71773117	-22.61062578	-1.40675471	1.52082372	1.58766430	3.63986273	-1.42665482	36.55062901942441	2.2377701014641307
