1.00000000	22.79635229	-12.28031485	-1.52213667	1.64383626	1.70402245	4.37541447	1.51978004	25.893624901603072	2.0649198153242736
1.00000000	25.57524380	-22.25303744	-1.51412330	1.56559539	1.66028832	4.55171717	1.43715262	33.90119128785123	2.2868447531474025
1.00000000	24.81937659	16.74816483	-1.50564120	1.53023124	1.72614142	4.39071091	-1.26611149	29.941651248538196	0.9771827002639635
1.00000000	40.99507583	-10.05614306	-1.26567934	1.50863349	1.59505104	3.94229920	0.50276810	42.21045197046149	1.8113477646365976
1.00000000	43.91451384	10.54917637	-1.26356433	1.40631378	1.65710386	3.82778519	-3.11738205	45.163809049823485	1.3350426524884311
1.00000000	46.27372842	-4.68160102	-1.29347251	1.85443807	1.74391944	4.42443710	0.70333415	46.509948720659544	1.6716251410892031
1.00000000	49.80613307	1.21866778	-1.29446624	1.41206074	1.61388611	3.89670667	0.01364083	49.821040159199384	1.5463329808345578
1.00000000	28.67797299	-22.13285471	-1.43353627	1.52937901	1.64591984	3.81061309	-1.51826429	36.22553508823767	2.228086488037493
1.00000000	46.56808753	13.92576569	-1.36062215	1.52899146	1.57456022	3.45227311	-0.46219948	48.60569643832421	1.2802196158372308
1.00000000	47.85526175	-20.51239798	-0.89998744	2.03162670	1.72315083	3.90127333	0.51112539	52.06615549520553	1.9757410748391504
1.00000000	26.26377658	-13.33387274	-1.43067596	1.52722883	1.59901490	3.94287047	1.40481997	29.454679127274016	2.0405774779814565
