1.00000000	31.30571968	4.02062818	-1.38985763	1.50096798	1.80325634	4.42333347	-0.49610627	31.56285056271929	1.4430644520696745
1.00000000	22.78404236	-12.41078126	-1.54162989	1.67797518	1.66754801	4.21890585	1.52856493	25.94494320182339	2.069571942740478
1.00000000	25.60045092	-22.23463121	-1.53099034	1.70537496	1.68627328	4.68581946	1.43874824	33.90813932305981	2.2859472713519184
1.00000000	40.39143010	-10.78332976	-1.22330616	1.44622111	1.59172824	3.72993068	-1.00080967	41.80607403519359	1.831682577773193
1.00000000	48.17772915	10.76347953	-1.21506427	1.43813109	1.62091020	3.91834504	-3.07176089	49.3654340368186	1.3509939438988756
1.00000000	45.97307506	-4.90084949	-1.24332068	1.82977176	1.74243952	4.29272463	0.70671266	46.23355876629039	1.6769978467385633
1.00000000	26.25651861	-13.21772776	-1.45013235	1.62500846	1.61114115	3.99197371	1.49029088	29.395800663610967	2.0371661993816685
1.00000000	45.54045326	1.12003276	-1.29912041	1.46351099	1.63473644	3.89122837	-0.15261334	45.5542243541663	1.5462070455169281
1.00000000	46.56265158	14.23470598	-1.31662915	1.49261296	1.56599817	3.48361103	-0.79761279	48.68991041784247	1.2741085259023364
1.00000000	28.55437680	-22.78495227	-1.40564583	1.53024817	1.56376472	3.68837150	-1.47342670	36.53089766735217	2.2442857467311197
