0.00000000	11.73299112	1.28877790	-1.60334311	1.84546161	0.67429856	1.13405507	0.32554865
0.00000000	24.63312651	4.08451683	-1.35213886	1.78528666	0.68234935	0.97089661	1.07851100
0.00000000	26.08481457	3.43544860	-1.33259473	1.76472270	0.64478415	0.99061680	1.02812028
0.00000000	26.60579179	0.39094122	-1.40969108	1.80189347	0.70142675	0.99871943	-0.44940335
0.00000000	26.81697795	-0.87638152	-1.38719581	1.83431220	0.67674314	1.06143897	-0.66782963
0.00000000	28.09090363	0.76984606	-1.35059069	1.70515013	0.59277443	0.89641457	0.06525396
0.00000000	25.23750757	4.81742307	-1.30830477	1.83718371	0.65586081	1.20370631	0.76855731
0.00000000	14.37731919	9.92364131	-1.29653619	1.76093423	0.52089946	0.76121429	-2.19041681
0.00000000	15.10735938	11.41247498	-1.25775669	1.77048683	0.57734545	0.63706597	-2.15695858

499	269
538	268
555	276
513	278
499	159
538	160
555	158
513	157

468	215
480	215
503	215
491	216
468	163
480	164
503	163
491	163

493	212
505	212
526	212
515	213
493	164
505	164
526	164
515	164

591	212
608	212
596	213
579	213
591	165
608	164
596	164
579	164

628	211
643	211
626	212
612	212
628	163
643	162
626	162
612	162

576	209
591	209
592	210
577	210
576	166
591	166
592	166
577	166

450	213
466	213
485	214
469	214
450	161
466	162
485	161
469	161

128	245
98	247
83	245
113	243
128	156
98	155
83	156
113	157

81	240
48	242
36	241
69	239
81	156
48	155
36	156
69	156

