0.00000000	13.01139028	-3.55611349	-1.59733735	1.78660023	0.53311457	1.07146917	0.19321299
0.00000000	13.03239873	-1.34375723	-1.60618697	1.78358459	0.55033290	1.10511192	-0.85449374
0.00000000	11.88427524	-3.96438021	-1.57847164	1.82897377	0.56355121	1.03665033	-0.04405708
0.00000000	11.86725089	-2.19235671	-1.60217784	1.80956435	0.57614567	1.08382223	0.20236245
0.00000000	13.52279814	-2.98413728	-1.60230778	1.79931116	0.57022611	1.06181071	-0.45226038
0.00000000	12.88758328	-5.44644657	-1.56849597	1.84488392	0.53969324	1.49520934	3.12377548
0.00000000	16.54104935	-6.48941617	-1.66087554	1.76220345	0.64686192	0.92251591	2.50882006
2.00000000	14.88504159	-3.79838442	-1.60934291	1.77276039	0.59962069	1.78326808	-0.31128845
2.00000000	12.82482649	-5.46129377	-1.57687614	1.86474538	0.52103087	1.60370532	-3.13183355

777	256
803	256
833	262
804	263
777	160
803	161
833	159
804	159

690	258
712	260
670	265
648	262
690	163
712	162
670	161
648	162

822	262
856	262
877	270
840	270
822	155
856	155
877	153
840	153

712	265
744	264
771	273
736	274
712	159
744	159
771	157
736	157

757	253
787	255
774	260
743	259
757	161
787	161
774	159
743	160

947	262
914	262
881	253
910	253
947	152
914	152
881	155
910	155

897	244
867	243
879	240
908	242
897	165
867	165
879	166
908	166

778	245
806	246
803	254
771	253
778	164
806	164
803	162
771	162

952	263
920	263
881	253
909	253
952	151
920	151
881	154
909	154

