0.00000000	15.90838432	1.50134187	-1.50444100	1.74271846	0.70990050	0.89682858	-3.11762810
0.00000000	9.79773371	3.69955364	-1.56075047	1.69925594	0.63352432	0.95082663	0.15032783
0.00000000	6.66670423	-3.66712871	-1.68322931	1.67602599	0.52633580	0.87929886	-3.07784367
0.00000000	7.94043541	-2.91570864	-1.65693377	1.73601687	0.66397190	0.94921001	-2.99074364
0.00000000	22.45625446	0.37413898	-1.40909551	1.69487882	0.71034471	0.99728813	0.75769925
0.00000000	7.39495315	-2.32390103	-1.67286108	1.74195302	0.64725958	0.93030114	-2.93661261
0.00000000	12.62046036	3.20244588	-1.47794686	1.59221625	0.59742284	0.90726002	-2.98271179
0.00000000	15.02957595	2.32818252	-1.46386538	1.67695713	0.61806511	0.88784091	-2.91676855
0.00000000	15.50255324	2.71871466	-1.45252202	1.72451687	0.62002171	0.86093961	-2.56461120
2.00000000	11.78153691	-2.47535706	-1.59074543	1.69008374	0.62089504	1.61400877	-3.08219743

552	244
519	244
523	241
554	241
552	163
519	163
523	164
554	164

315	287
362	286
348	297
296	298
315	165
362	166
348	164
296	164

1081	364
1021	365
961	341
1014	340
1081	164
1021	164
961	166
1014	166

933	329
873	331
829	313
883	312
933	158
873	158
829	161
883	161

573	219
590	218
612	220
595	221
573	165
590	166
612	165
595	165

898	343
835	346
789	326
845	323
898	159
835	158
789	161
845	161

437	263
401	263
407	257
441	257
437	168
401	168
407	169
441	169

510	247
479	247
477	243
506	243
510	164
479	164
477	165
506	165

500	243
473	245
457	242
484	241
500	162
473	162
457	163
484	163

794	275
753	275
728	263
763	263
794	163
753	163
728	165
763	165

