1.00000000	31.37876360	12.13536263	-1.39793060	1.65471089	1.76185009	4.00128741	1.47050154
1.00000000	40.69637750	5.53604678	-1.36450742	1.51516819	1.76736697	4.65979388	-1.83949673
1.00000000	43.19050438	-7.67181045	-1.34911225	1.61590397	1.65634657	3.86718637	0.76135486
1.00000000	16.91650215	24.62860409	-1.72118984	1.51082277	1.67205663	3.82289134	-1.52691317
1.00000000	47.92676223	20.86494345	-1.36967681	1.62985516	1.58444753	3.74986718	2.91847420
1.00000000	47.87949010	-20.49955349	-0.95724795	2.09995699	1.78091589	4.15703435	0.00671828

274	215
296	212
382	213
365	215
274	175
296	175
382	175
365	175

556	204
545	205
467	204
480	203
556	177
545	177
467	177
480	177

705	199
722	199
775	201
759	201
705	173
722	173
775	173
759	173

-322	258
-417	267
-603	268
-490	259
-322	196
-417	198
-603	199
-490	196

286	204
264	204
302	202
322	202
286	178
264	178
302	178
322	178

895	189
921	189
950	191
921	191
895	159
921	159
950	158
921	158

