1.00000000	22.23832482	-19.61690564	-1.51570986	1.72361946	1.75235554	4.43951331	1.40117598
1.00000000	22.09158697	-3.74957386	-1.46094225	1.53471994	1.73599140	4.49392074	1.85565627
1.00000000	43.89295578	10.55017772	-1.25149212	1.40488338	1.65220656	3.78214152	-3.11950541
1.00000000	47.50286403	-3.74506900	-1.19118021	1.92454457	1.81595024	4.62180062	0.63247538
1.00000000	26.29572467	-12.37311865	-1.45676897	1.41833520	1.73492149	4.19922000	1.49783564
1.00000000	41.57320073	-9.95978305	-1.11105059	1.49843061	1.60499717	4.05221142	0.67418462
1.00000000	46.63845865	13.95017724	-1.35715769	1.53522491	1.53403000	3.42040909	-0.50825447

1193	222
1158	218
1317	219
1366	223
1193	164
1158	164
1317	164
1366	163

677	228
656	224
787	221
817	225
677	174
656	174
787	174
817	174

443	203
414	203
429	200
456	200
443	178
414	178
429	178
456	178

635	196
655	195
702	197
681	198
635	167
655	167
702	167
681	167

903	216
887	213
1004	214
1027	216
903	175
887	175
1004	175
1027	175

748	196
765	195
823	197
806	197
748	170
765	170
823	170
806	170

404	201
421	201
382	203
364	203
404	178
421	178
382	179
364	178

