1.00000000	31.71571681	-2.76696306	-1.57757650	2.08418369	1.90911732	4.83150608	-0.01383678
1.00000000	49.58130686	3.00508800	-1.85464941	1.56308770	1.69396244	4.07344919	-3.13158321
1.00000000	8.28533110	-22.44305705	-0.91419862	1.49963188	1.59788743	3.78543452	1.54843271
2.00000000	27.14649502	-2.53710747	-1.66067884	1.74275661	0.63621555	1.79596010	0.07289273

650	211
691	211
703	217
655	217
650	166
691	166
703	165
655	165

578	208
552	208
556	205
580	205
578	184
552	184
556	183
580	183

2660	241
2293	228
2621	229
3066	242
2660	92
2293	106
2621	106
3066	91

667	220
684	220
692	223
675	224
667	175
684	175
692	175
675	175

