1.00000000	22.54693132	-14.07132525	-1.49841426	1.46900725	1.70801596	4.36796295	1.36472166
1.00000000	20.57011002	-0.96607710	-1.45935188	1.54034126	1.73392766	4.54617080	2.14110708
1.00000000	41.59371727	-9.34738987	-1.31855796	1.50064135	1.63239256	3.68761138	0.92113477
1.00000000	26.49613431	-9.83627721	-1.37801717	1.51833320	1.72370672	4.12091581	1.49390316
1.00000000	43.84529214	10.54586611	-1.25068281	1.42659140	1.65795511	3.68609554	-3.09825850
1.00000000	25.74071382	-20.28038470	-1.47265635	1.55256879	1.55976446	4.22364128	1.50137651

1000	222
983	219
1133	220
1163	224
1000	174
983	174
1133	174
1163	174

593	235
560	230
690	224
728	228
593	174
560	174
690	174
728	174

738	200
751	199
810	200
799	201
738	174
751	174
810	174
799	174

829	214
819	211
932	212
950	215
829	171
819	171
932	171
950	171

444	203
415	203
428	200
455	200
444	178
415	178
428	177
455	177

1138	215
1110	212
1232	213
1268	215
1138	169
1110	170
1232	170
1268	169

