1.00000000	29.79269279	4.77959482	-1.34926496	1.58704913	1.79940525	4.48649808	-0.57803202
1.00000000	22.78758852	-12.41522965	-1.53762649	1.67146730	1.67767594	4.23142941	1.53076279
1.00000000	43.34179226	1.17917061	-1.35523317	1.42069757	1.62933281	3.86389055	-0.02592175
1.00000000	25.58738809	-22.19177422	-1.52610014	1.71085215	1.68449769	4.69072587	1.44360876
1.00000000	45.92525081	-4.98085900	-1.28773592	1.85908079	1.73909350	4.25207834	0.74167806
1.00000000	26.26330225	-13.25666277	-1.44932399	1.57978475	1.58546802	3.99597350	1.47456050
1.00000000	40.33511563	-10.81570575	-1.23269997	1.45444357	1.58829407	3.84581560	1.00189698

513	209
545	211
472	216
438	214
513	173
545	173
472	174
438	174

952	224
930	221
1063	221
1096	225
952	169
930	169
1063	169
1096	169

579	200
605	200
603	203
575	203
579	178
605	178
603	178
575	178

1187	216
1156	213
1299	214
1340	217
1187	166
1156	166
1299	166
1340	166

655	198
673	197
724	199
706	200
655	169
673	169
724	169
706	169

929	215
915	213
1027	213
1049	216
929	170
915	170
1027	170
1049	170

767	198
777	198
844	199
837	200
767	173
777	173
844	173
837	173

