1.00000000	44.29248509	10.59592649	-1.24040936	1.42923522	1.69382613	3.89558296	-3.02584457
1.00000000	25.58891397	-22.21266031	-1.53892086	1.67955816	1.66563094	4.63526029	1.44566786
1.00000000	22.78919220	-12.44158619	-1.54613874	1.66764569	1.68917854	4.23971195	1.52706659
1.00000000	46.14397350	-4.81642924	-1.27785776	1.88879848	1.78250498	4.34240950	0.70071274
1.00000000	23.95311155	21.51053579	-1.52702377	1.52725506	1.71798970	4.41439183	-1.51601744
1.00000000	44.27272897	1.34502963	-1.39069293	1.66311383	1.69613142	4.10376254	-0.08932897
1.00000000	40.92004676	-10.06833001	-1.28106008	1.46556878	1.58265547	3.85954066	0.94379085
1.00000000	26.28438598	-13.25842456	-1.46575497	1.55054390	1.59473623	3.95914316	1.46370518
1.00000000	28.70065288	-22.22457497	-1.45138524	1.58141220	1.63080253	3.78539531	-1.49998200
1.00000000	46.63825286	14.03830177	-1.36390183	1.53045511	1.52272504	3.48850520	-0.52163470
1.00000000	47.88392719	-20.51212348	-0.89350257	2.03769684	1.73427698	3.80055308	0.50730461

447	202
418	202
427	200
454	200
447	178
418	178
427	177
454	177

1189	216
1158	213
1299	214
1340	217
1189	167
1158	167
1299	167
1340	167

953	225
930	221
1064	221
1098	225
953	169
930	170
1064	170
1098	169

652	197
672	197
722	199
702	199
652	168
672	169
722	168
702	168

45	229
6	233
-140	234
-90	229
45	184
6	185
-140	185
-90	184

579	200
605	200
599	203
570	203
579	174
605	174
599	175
570	175

752	199
763	198
828	200
818	201
752	173
763	173
828	173
818	173

929	216
915	213
1027	214
1048	216
929	172
915	172
1027	172
1048	172

1202	208
1240	210
1147	210
1114	208
1202	169
1240	169
1147	169
1114	169

403	201
420	202
379	204
362	203
403	178
420	178
379	179
362	179

888	189
906	188
956	189
938	190
888	159
906	159
956	158
938	158

