1.00000000	16.91308649	3.79949871	-1.50992570	1.45402718	1.67597658	4.54873317	2.55715084
1.00000000	26.79867995	-5.20184291	-1.44205878	1.70878255	1.78384655	4.42757418	1.52434838
1.00000000	28.11815111	9.61591821	-1.43546985	1.59685671	1.74668274	4.22750178	1.50568521
1.00000000	5.75300330	5.93721239	-1.58047388	1.47536480	1.61433706	4.38760895	3.04315829
1.00000000	28.96773439	-18.22204402	-1.46543644	1.65519416	1.66461750	3.78737261	-1.58656931
1.00000000	48.16602406	20.61928197	-1.44674085	1.64718580	1.62843576	4.52738279	2.71465015
1.00000000	29.91006751	-8.39950411	-1.32343994	1.63196349	1.71465058	3.74375927	-1.59077013

393	256
339	251
489	235
538	238
393	182
339	182
489	180
538	180

694	217
691	214
808	214
820	217
694	169
691	169
808	169
820	169

297	219
319	216
423	217
408	220
297	177
319	176
423	176
408	177

-577	539
-866	522
7	324
148	327
-577	207
-866	205
7	187
148	187

1104	209
1133	211
1033	211
1010	209
1104	169
1133	168
1033	168
1010	169

280	206
262	205
317	202
335	203
280	179
262	179
317	179
335	179

855	207
869	209
774	209
766	207
855	169
869	168
774	168
766	169

