1.00000000	44.36568210	10.59680236	-1.25466965	1.40883636	1.67669340	3.80597585	-3.04793024
1.00000000	23.86309222	22.58787155	-1.52560614	1.69391799	1.77362498	4.51884270	-1.53108299
1.00000000	22.78650434	-12.43068043	-1.55199097	1.69157302	1.68604192	4.29490836	1.52972221
1.00000000	25.58282049	-22.21163354	-1.51390181	1.68351376	1.65330250	4.65887471	1.42526603
1.00000000	46.12909618	-4.82486298	-1.29602788	1.86021304	1.76628671	4.27215444	0.69511545
1.00000000	43.04068716	1.39660835	-1.43023835	1.55918241	1.68797280	3.91465425	-0.11038711
1.00000000	40.88996084	-10.12054995	-1.29092358	1.48831105	1.61899250	3.87043169	0.89024043
1.00000000	26.26572910	-13.23527662	-1.43390916	1.58535397	1.61616583	3.95279966	1.46272469
1.00000000	47.88066964	-20.54444175	-0.89466451	2.05152440	1.73074964	3.86984035	0.50436497
1.00000000	46.64801547	14.02075416	-1.37884007	1.55433524	1.53906345	3.50916731	-0.54964280

447	202
418	202
428	200
455	200
447	178
418	178
428	178
455	178

13	229
-30	234
-179	234
-124	230
13	180
-30	180
-179	180
-124	180

952	225
929	221
1065	221
1098	225
952	169
929	169
1065	169
1098	169

1187	215
1158	212
1301	214
1341	216
1187	166
1158	167
1301	166
1341	166

653	198
672	197
721	199
702	200
653	169
672	169
721	169
702	169

578	202
605	202
597	205
567	204
578	177
605	177
597	177
567	177

752	199
766	198
829	200
817	201
752	173
766	173
829	173
817	173

929	215
915	212
1026	213
1048	216
929	170
915	170
1026	170
1048	170

889	189
906	188
957	190
939	190
889	158
906	159
957	158
939	157

405	201
421	202
379	204
362	203
405	178
421	178
379	179
362	178

