1.00000000	36.28948111	2.38030584	-1.42896483	1.69164395	1.71937268	4.31413462	-0.27281576
1.00000000	22.78843177	-12.38265790	-1.53277658	1.68380022	1.67598332	4.22212231	1.52205551
1.00000000	45.61044793	10.66721615	-1.26925037	1.44277024	1.63970292	3.70318639	-2.98936677
1.00000000	25.58946860	-22.27634599	-1.52835546	1.65257287	1.63912161	4.61049456	1.42770231
1.00000000	40.62659866	-10.45290796	-1.24646209	1.47625279	1.56995968	3.77831616	0.89532989
1.00000000	26.24573959	-13.20301232	-1.43460916	1.53851581	1.57224018	3.96116439	1.48571956
1.00000000	46.09179246	-4.88098421	-1.32251142	1.85727012	1.74819309	4.21192458	0.69120145
1.00000000	46.48262325	14.03397008	-1.31722937	1.55450690	1.58656757	3.48809832	-0.64569199
1.00000000	28.69966658	-22.49997729	-1.40316008	1.55233049	1.58435483	3.66212130	-1.41945779
1.00000000	47.87178040	-20.52516028	-0.92246972	2.04420209	1.71989814	3.99094695	0.52173829
1.00000000	45.88815288	14.82774584	-1.35597740	1.63451219	1.61170301	3.59750547	-0.27719131

561	205
592	206
565	210
531	209
561	174
592	174
565	174
531	174

951	224
929	221
1063	221
1095	225
951	168
929	169
1063	169
1095	168

452	202
424	202
430	200
456	200
452	178
424	178
430	178
456	178

1189	216
1160	213
1302	214
1341	217
1189	167
1160	168
1302	168
1341	167

760	199
773	198
836	199
825	200
760	173
773	173
836	173
825	173

929	215
914	212
1025	213
1047	215
929	171
914	171
1025	171
1047	171

654	198
674	198
722	199
702	200
654	170
674	170
722	169
702	169

406	201
421	201
375	203
360	202
406	177
421	177
375	178
360	177

1203	206
1243	208
1160	209
1124	207
1203	168
1243	168
1160	168
1124	168

887	189
904	189
957	190
940	190
887	159
904	159
957	158
940	158

381	201
403	202
370	204
347	204
381	177
403	177
370	177
347	177

