1.00000000	31.48973616	13.19543939	-1.43686579	1.74193263	1.75027141	3.86620634	1.50813782
1.00000000	40.79903050	5.20629381	-1.34944020	1.58135152	1.74960478	4.85160037	-1.66945028
1.00000000	43.84950839	-7.07322171	-1.34560535	1.56613803	1.55420256	3.47931071	0.73457754
1.00000000	16.89533685	24.61491133	-1.71681080	1.49732959	1.65599741	3.90176773	-1.50712681

251	216
273	213
358	214
341	216
251	174
273	174
358	174
341	174

563	203
558	204
471	204
480	203
563	175
558	176
471	175
480	175

697	199
713	199
759	200
743	201
697	174
713	174
759	174
743	174

-320	258
-412	267
-608	268
-496	259
-320	196
-412	199
-608	199
-496	197

