1.00000000	22.80345967	-12.39410953	-1.53503166	1.68236935	1.67716742	4.25096907	1.53660667
1.00000000	44.57128424	10.60677579	-1.28531013	1.43316054	1.62483877	3.76639994	-3.06374764
1.00000000	41.01863911	1.68748404	-1.40628312	1.69549060	1.70489769	4.04036610	-0.14582247
1.00000000	46.14787855	-4.84876633	-1.29443834	1.84798717	1.74490809	4.26798682	0.69368792
1.00000000	25.56800340	-22.30117227	-1.50644300	1.65857399	1.65925810	4.56458769	1.44209182
1.00000000	26.25480451	-13.25077509	-1.43919847	1.55749762	1.58250849	3.98570676	1.47547638
1.00000000	23.74320030	24.57410411	-1.59696112	1.48456931	1.58202240	3.75058243	-1.17668200
1.00000000	40.76533569	-10.28053510	-1.24452184	1.47906065	1.59764306	3.88610112	-1.37647617
1.00000000	46.62091607	13.98108131	-1.35581456	1.53324127	1.54516885	3.58945602	-0.52215397
1.00000000	28.58280885	-22.42533502	-1.42897664	1.50122905	1.59066743	3.84335706	-1.52632070

951	224
929	221
1062	221
1096	225
951	169
929	169
1062	169
1096	168

447	203
418	203
429	200
455	200
447	178
418	178
429	178
455	178

573	202
601	202
589	206
558	205
573	174
601	174
589	174
558	174

654	198
673	197
721	199
702	200
654	169
673	169
721	169
702	169

1192	215
1162	212
1301	213
1342	216
1192	167
1162	167
1301	167
1342	166

930	215
915	212
1027	213
1049	216
930	171
915	171
1027	171
1049	171

-58	231
-81	235
-240	239
-206	235
-58	188
-81	189
-240	190
-206	189

819	198
833	199
767	200
756	199
819	172
833	172
767	172
756	172

405	201
422	201
380	203
362	203
405	178
422	178
380	179
362	178

1212	207
1249	209
1152	210
1120	208
1212	170
1249	170
1152	170
1120	170

