0.00000000	19.60077537	8.07824386	-1.25388096	1.88982487	0.74111090	1.28331726	0.16893853
0.00000000	21.80557000	-3.82932111	-1.59797774	1.78790355	0.66733266	1.25536283	0.51875329
1.00000000	24.06296228	-16.32130460	-1.95448492	1.42906237	1.55366016	3.27869967	0.06130080
1.00000000	24.77303053	-19.22164591	-2.08021001	1.50836635	1.63744014	3.78285082	-3.12574983
1.00000000	24.31850684	-13.77275241	-1.94829230	1.53350341	1.53756675	3.39873402	0.05644085
1.00000000	37.27595932	-0.73933350	-1.31757162	1.43345976	1.55021925	3.42371150	0.02043357
2.00000000	32.31632835	4.51933710	-1.41292654	1.72437763	0.66835496	1.56576132	-2.92704558

300	223
327	222
317	225
287	225
300	155
327	155
317	154
287	153

709	224
726	224
753	226
735	227
709	167
726	167
753	166
735	166

1035	223
1076	223
1152	230
1105	230
1035	184
1076	184
1152	184
1105	184

1232	231
1181	231
1097	224
1140	224
1232	184
1181	184
1097	184
1140	184

960	224
1001	223
1067	230
1020	230
960	181
1001	181
1067	182
1020	182

602	199
631	199
635	201
603	201
602	173
631	173
635	172
603	172

513	208
497	208
495	207
510	207
513	169
497	169
495	170
510	170

