0.00000000	22.18929592	9.98085173	-1.19703732	1.83172286	0.68116800	1.12340333	3.13475084
0.00000000	4.77736435	-2.25256368	-1.71030937	1.83763981	0.70193245	1.03860835	0.04186064
0.00000000	22.56735501	8.85835949	-1.26256059	1.82297039	0.81251052	1.10351224	0.18289642
0.00000000	9.43894073	-5.07229253	-1.64479361	1.73212087	0.72559510	1.11327720	-2.25378585
1.00000000	24.78255222	-19.22839190	-2.07914565	1.53449297	1.64556205	3.85435035	-3.12202454
1.00000000	24.08856342	-16.37033350	-1.96039389	1.46876872	1.59611122	3.38370078	0.08195317
1.00000000	24.31742267	-13.76533634	-1.97722642	1.53306961	1.61154709	3.44096767	0.08697239
1.00000000	37.15277722	-0.72883054	-1.35349951	1.46033752	1.55286883	3.30721956	0.04142179

284	218
261	218
279	216
300	216
284	157
261	157
279	158
300	158

879	407
976	406
1082	465
959	467
879	145
976	146
1082	137
959	136

313	217
339	217
333	219
305	219
313	160
339	161
333	160
305	159

1055	295
1046	302
946	293
959	286
1055	159
1046	158
946	160
959	161

1233	231
1183	231
1096	224
1139	224
1233	183
1183	183
1096	183
1139	183

1034	223
1075	223
1156	230
1108	230
1034	183
1075	183
1156	183
1108	183

957	224
999	224
1069	231
1021	231
957	182
999	182
1069	182
1021	182

601	200
630	200
635	202
604	202
601	173
630	173
635	173
604	172

