0.00000000	26.40119352	11.41638505	-1.12409149	1.86216271	0.67654087	1.05768630	-3.12304568
0.00000000	26.77102842	10.44329593	-1.20522068	1.81124449	0.69992754	1.02142127	-3.10410690
0.00000000	9.33180671	-3.73947746	-1.60397552	1.70802999	0.78652611	1.00736320	-2.32946062
0.00000000	41.94126882	11.13221269	-0.84423182	1.75114822	0.65736849	0.95326446	0.09361331
0.00000000	38.27707140	13.41594144	-0.69614647	1.93363321	0.61710140	0.68405725	-1.08428812
0.00000000	37.27409714	13.95828598	-0.69144271	1.86865282	0.61078370	0.73460780	-2.65304375
1.00000000	24.05410817	-16.31447892	-1.96970461	1.46290481	1.58441553	3.32556932	0.08755092
1.00000000	24.76368452	-19.20679745	-2.10692851	1.53205514	1.66496525	3.82299110	-3.12929368
1.00000000	24.43867232	-13.78998756	-2.01609788	1.60019302	1.69707803	3.59273961	0.05855261
1.00000000	37.15159768	-0.73207805	-1.36568473	1.48868370	1.52798248	3.16571938	0.02968017
2.00000000	30.96167916	2.12708523	-1.40265141	1.80384088	0.65923725	1.90993955	0.13552587

297	210
279	210
291	208
309	208
297	158
279	158
291	159
309	159

329	211
310	211
320	210
339	210
329	162
310	162
320	162
339	162

952	294
931	302
849	293
874	286
952	159
931	158
849	160
874	161

410	192
421	192
418	192
407	192
410	162
421	162
418	162
407	162

359	191
361	191
347	191
346	191
359	156
361	155
347	155
346	155

343	192
331	192
329	192
341	192
343	156
331	156
329	156
341	156

1033	224
1075	224
1154	230
1107	230
1033	183
1075	183
1154	183
1107	183

1233	232
1181	232
1096	225
1140	225
1233	184
1181	184
1096	184
1140	184

955	225
1000	225
1070	232
1018	232
955	181
1000	181
1070	182
1018	182

602	200
630	200
634	202
604	202
602	173
630	173
634	172
604	172

546	207
561	207
564	209
548	209
546	167
561	167
564	166
548	166

