0.00000000	25.15098923	10.99801565	-1.11785958	1.84614229	0.67962134	0.95284244	-3.10431361
0.00000000	25.49052238	10.11813063	-1.17705546	1.78546262	0.71022079	0.91531285	-3.08654881
0.00000000	8.10302245	-4.75878590	-1.69684313	1.78414178	0.86997308	1.06192561	-2.00655317
0.00000000	36.76402443	13.07119319	-0.80448721	1.81801796	0.68801210	0.96331207	0.18206343
1.00000000	24.07957880	-16.29445929	-1.99768988	1.48533881	1.60951505	3.40188773	0.10643788
1.00000000	24.78753893	-19.30641375	-2.13782452	1.56422687	1.68386980	3.94406570	-3.12644243
1.00000000	37.16356880	-0.79141416	-1.32606063	1.53233314	1.58252277	3.28496820	0.06016422
1.00000000	24.40147651	-13.84415752	-2.04604242	1.56876433	1.66825574	3.41761740	0.06057349
2.00000000	37.70708034	10.95152152	-0.94838200	1.75071263	0.68785956	1.30121002	0.12952082
2.00000000	35.67442894	3.85692496	-1.34659312	1.71149170	0.66723063	1.74330395	0.48062581
2.00000000	43.65651984	11.23806301	-0.95456598	1.74622893	0.55044999	1.42637413	0.35287574

295	211
275	211
286	210
306	210
295	157
275	157
286	158
306	158

325	212
305	212
314	211
334	211
325	161
305	161
314	161
334	161

1089	316
1107	331
988	322
983	309
1089	158
1107	155
988	157
983	159

344	194
358	194
355	194
341	194
344	159
358	159
355	158
341	158

1031	225
1072	224
1155	231
1108	231
1031	183
1072	183
1155	184
1108	184

1237	233
1185	233
1097	225
1141	225
1237	184
1185	184
1097	184
1141	184

602	199
631	199
637	201
606	201
602	171
631	171
637	171
606	170

959	226
1003	226
1070	233
1019	233
959	183
1003	183
1070	183
1019	183

392	195
405	195
401	196
387	196
392	163
405	163
401	162
387	162

514	203
526	202
539	203
527	204
514	169
526	169
539	169
527	168

414	193
423	193
426	193
416	193
414	165
423	165
426	164
416	164

