0.00000000	12.20228421	-0.38058130	-1.54717157	1.79010665	0.83548309	0.99706869	-2.80800867
0.00000000	11.53043446	0.40984405	-1.57224093	1.86243320	0.83119956	0.92039218	1.58906651
0.00000000	28.32739730	12.75232968	-0.99727021	1.87350392	0.72271361	1.00879810	-3.13079357
1.00000000	24.07577163	-16.32507851	-1.94109521	1.44393265	1.58644428	3.36828985	0.08421594
1.00000000	24.77291509	-19.21894111	-2.08371220	1.52722061	1.66299327	3.86636445	-3.13048553
1.00000000	24.32626925	-13.77538254	-1.94837258	1.50346565	1.60432364	3.41836779	0.05260896
1.00000000	37.34125589	-0.84226257	-1.27585707	1.44447923	1.55322458	3.38856358	0.13116363

663	267
615	269
596	262
640	260
663	157
615	157
596	158
640	159

550	275
553	269
609	268
610	275
550	153
553	155
609	155
610	153

285	204
266	204
278	204
296	204
285	156
266	156
278	157
296	157

1033	223
1074	223
1155	229
1107	230
1033	183
1074	183
1155	183
1107	183

1233	232
1182	232
1096	224
1140	224
1233	184
1182	184
1096	183
1140	183

959	224
1002	223
1068	230
1019	230
959	182
1002	182
1068	182
1019	182

601	198
629	198
640	200
609	200
601	172
629	172
640	171
609	171

