0.00000000	16.49182345	6.78751343	-1.37067268	1.80670905	0.66240963	1.08782986	-1.08989799
0.00000000	16.86751466	5.86563412	-1.41996048	1.77424455	0.66169571	1.06456539	0.52241802
0.00000000	36.29614930	14.52701719	-0.77853785	1.85499120	0.62277039	0.78740230	-3.09657931
0.00000000	15.70462302	-2.12461823	-1.55465148	1.79001570	0.69530261	0.99957727	0.03036319
1.00000000	24.78913508	-19.21294802	-2.09217201	1.53919148	1.66187177	3.90318883	-3.11649919
1.00000000	24.05931322	-16.34987593	-1.95043318	1.44266450	1.58699861	3.34053479	0.06564892
1.00000000	24.43395916	-13.79372070	-1.98457263	1.59177279	1.64816144	3.50612088	0.06055491
1.00000000	37.16121222	-0.82510898	-1.34890411	1.52344871	1.53364461	3.18552130	0.01329092
2.00000000	16.88877909	2.09806091	-1.42734120	1.83136988	0.71058673	1.89947706	0.28918773
2.00000000	33.30410656	4.99589820	-1.34800432	1.72795391	0.70563186	1.75537577	-2.99503493
2.00000000	34.11783419	5.40069279	-1.30337189	1.75826931	0.68983365	1.63606186	-3.08184075

332	235
335	237
283	239
281	237
332	159
335	158
283	157
281	158

335	236
364	235
374	239
343	240
335	162
364	162
374	161
343	161

321	194
309	194
314	194
327	194
321	157
309	157
314	158
327	158

684	242
714	242
723	246
690	246
684	162
714	162
723	161
690	161

1234	232
1183	232
1095	224
1138	224
1234	184
1183	184
1095	183
1138	183

1035	223
1077	223
1155	230
1107	230
1035	183
1077	183
1155	183
1107	184

956	224
1000	224
1068	231
1018	231
956	181
1000	181
1068	181
1018	181

604	200
632	200
636	202
605	202
604	172
632	172
636	171
605	171

495	233
523	232
538	239
506	239
495	159
523	159
538	156
506	156

504	206
489	206
489	205
504	205
504	168
489	168
489	168
504	168

496	204
481	204
485	203
499	203
496	167
481	167
485	167
499	167

