0.00000000	14.01457661	1.72615804	-1.54054389	1.75012863	0.71297609	1.00939901	0.44125491
0.00000000	31.08243189	13.34534444	-0.86663101	1.92321610	0.77534640	0.94557287	3.06894231
0.00000000	13.26998409	2.67753099	-1.53118442	1.76448882	0.69232167	0.99396204	0.57084537
0.00000000	20.78874613	-0.55228033	-1.50175999	1.87206805	0.75868109	1.36780566	0.19694018
0.00000000	30.80802968	2.16163083	-1.40645943	1.85825157	0.70829462	0.90255392	-3.01600718
0.00000000	30.45467577	1.05921093	-1.45378790	1.89234781	0.67725229	0.86065860	3.01692486
1.00000000	24.07257180	-16.36497849	-1.95977823	1.44303834	1.58905826	3.33974550	0.06939514
1.00000000	24.77443595	-19.22219051	-2.07371650	1.53232789	1.66362022	3.87054305	-3.11674142
1.00000000	24.30797125	-13.78531581	-1.95067028	1.53209281	1.57681280	3.36967142	0.05700324
1.00000000	37.25468234	-0.73646746	-1.32780455	1.53477120	1.55431126	3.23424747	0.15403539
2.00000000	38.09954242	3.39204889	-1.36588595	1.74330080	0.63234509	1.76288611	0.46648514

491	252
525	251
543	255
506	257
491	164
525	164
543	163
506	163

300	199
282	199
294	198
311	198
300	154
282	154
294	155
311	155

432	257
467	255
488	260
451	262
432	162
467	163
488	162
451	161

606	224
631	224
642	227
616	227
606	162
631	162
642	160
616	160

563	208
546	209
545	208
561	208
563	165
546	165
545	165
561	165

585	210
569	210
573	209
588	209
585	165
569	165
573	165
588	165

1035	223
1077	223
1155	230
1107	230
1035	183
1077	183
1155	184
1107	184

1234	231
1183	231
1095	224
1139	224
1234	183
1183	183
1095	183
1139	183

960	224
1002	224
1068	230
1020	230
960	181
1002	181
1068	182
1020	182

598	200
626	199
638	201
608	201
598	171
626	171
638	171
608	170

529	201
539	201
552	202
541	202
529	169
539	169
552	169
541	169

