0.00000000	33.00533295	11.76408968	-0.93571995	1.82982635	0.77201112	0.87435496	0.24259797
0.00000000	39.45526575	16.09697342	-0.67013119	1.92013156	0.65690953	0.51448745	-1.95824265
0.00000000	14.28947449	8.77611763	-1.29923628	1.83249307	0.58413599	1.30915352	3.11537099
0.00000000	34.45245843	10.72643431	-0.98729346	1.75082564	0.71040596	0.88622460	0.09346220
0.00000000	32.60218470	12.80284681	-0.86495922	1.89522576	0.72771742	0.84068909	-3.11724496
0.00000000	14.41183216	1.61545402	-1.53705190	1.79125834	0.76645526	1.20103924	0.71192873
0.00000000	40.71012547	16.86040226	-0.76170443	1.75859809	0.61842646	0.51883867	-1.97833872
1.00000000	24.78986037	-19.20482171	-2.08739094	1.53878915	1.65418810	3.86184768	-3.11333990
1.00000000	24.06470399	-16.31902707	-1.96555911	1.46000445	1.59925144	3.39566061	0.07606884
1.00000000	24.31325160	-13.78589178	-1.93782065	1.56363904	1.59893820	3.40147332	0.04218001
1.00000000	37.25939550	-0.79009658	-1.33328424	1.47895861	1.56422697	3.27189784	0.00859964
2.00000000	6.62113867	2.04315938	-1.54917548	1.74924755	0.62373971	1.74538085	0.23412955
2.00000000	14.28947449	8.77611763	-1.29923628	1.83249307	0.58413599	1.30915352	3.11537099

341	198
359	198
357	199
339	199
341	159
359	159
357	159
339	158

320	191
311	191
304	191
313	191
320	156
311	156
304	156
313	157

153	248
123	248
167	242
195	242
153	150
123	150
167	153
195	153

376	198
391	198
387	199
371	199
376	162
391	162
387	162
371	162

328	198
311	198
318	197
334	197
328	156
311	156
318	156
334	156

492	250
523	248
558	252
525	255
492	162
523	162
558	161
525	160

316	192
307	192
300	192
309	192
316	162
307	161
300	161
309	162

1233	232
1182	232
1095	224
1138	224
1233	183
1182	183
1095	183
1138	183

1033	224
1075	223
1155	230
1107	230
1033	183
1075	183
1155	183
1107	183

960	223
1003	223
1068	230
1019	230
960	180
1003	180
1068	180
1019	180

603	200
632	200
635	201
604	201
603	172
632	172
635	172
604	172

354	328
418	325
413	369
328	374
354	153
418	154
413	145
328	144

153	248
123	248
167	242
195	242
153	150
123	150
167	153
195	153

