0.00000000	12.37943925	-0.85826924	-1.56441925	1.78344882	0.83247737	1.04499569	0.06720675
0.00000000	29.92080889	12.54276476	-0.89103005	1.87672186	0.70125782	0.90359434	-3.10909629
0.00000000	37.70629230	10.98912892	-0.87070320	1.75630832	0.70401344	1.10903461	-0.13485155
0.00000000	30.31100223	11.11572165	-1.02019189	1.77921999	0.71325396	0.98061781	0.22910161
0.00000000	39.16050509	15.72453348	-0.69262956	1.92421055	0.65394538	0.76201331	-0.77732044
1.00000000	24.09058621	-16.36651441	-1.94628702	1.43885088	1.57923291	3.34168829	0.05990191
1.00000000	24.77967112	-19.20739224	-2.06475178	1.52474093	1.66125486	3.84911769	-3.11406350
1.00000000	24.41240110	-13.78907153	-1.99784605	1.60707688	1.66060846	3.49810939	0.06042130
1.00000000	37.26239957	-0.83769748	-1.32521866	1.49940896	1.56924113	3.27228119	0.03016299
2.00000000	17.04282761	1.76737434	-1.50238119	1.78399193	0.75901010	1.87592726	0.14684722
2.00000000	22.42412567	8.86072109	-1.27603338	1.81231880	0.80081515	1.87960549	0.03501222

629	260
675	260
686	267
635	268
629	160
675	160
686	158
635	158

308	200
291	200
300	200
316	200
308	155
291	155
300	155
316	155

394	194
406	194
397	194
384	194
394	161
406	161
397	161
384	161

334	202
352	202
349	203
331	203
334	161
352	161
349	160
331	160

321	191
326	191
312	192
307	191
321	157
326	156
312	156
307	156

1035	223
1077	223
1154	229
1106	230
1035	183
1077	183
1154	183
1106	183

1233	231
1182	231
1095	224
1139	223
1233	183
1182	183
1095	183
1139	183

956	225
1000	224
1069	231
1018	232
956	181
1000	181
1069	181
1018	181

604	199
632	199
637	201
606	201
604	172
632	172
637	171
606	171

513	235
544	235
549	241
515	242
513	164
544	164
549	162
515	162

319	217
344	217
323	220
296	220
319	162
344	162
323	160
296	160

