0.00000000	36.47668738	12.88134926	-0.80470560	1.87418723	0.72831174	1.03284873	0.06769896
0.00000000	36.47428312	12.28553621	-0.82394193	1.81790519	0.78465774	1.07589097	0.06713276
1.00000000	24.79984635	-19.23226495	-2.14835916	1.53517711	1.64824191	3.89613133	-3.11515474
1.00000000	24.06846348	-16.32769233	-1.96802745	1.46123123	1.58658247	3.28759708	0.06935429
1.00000000	37.15515388	-0.78812649	-1.31470023	1.47003722	1.54304834	3.12947192	0.05375927
1.00000000	24.32211073	-13.74700822	-1.94207702	1.53280079	1.59534451	3.39438884	0.05636633

347	194
361	194
356	194
341	194
347	158
361	158
356	157
341	157

358	194
374	194
368	194
352	194
358	159
374	159
368	158
352	158

1234	234
1183	234
1095	226
1138	226
1234	185
1183	185
1095	185
1138	185

1034	224
1076	224
1153	230
1105	230
1034	183
1076	183
1153	183
1105	183

602	199
631	199
636	201
606	201
602	172
631	172
636	172
606	172

958	223
1001	223
1067	230
1018	230
958	181
1001	181
1067	181
1018	181

