0.00000000	31.84594857	13.64906713	-0.86658834	1.90685749	0.74968683	0.93547780	3.14071488
0.00000000	13.75436783	3.32308819	-1.51318191	1.70912194	0.61301887	1.00662849	0.60515821
0.00000000	31.39092797	2.65366153	-1.37746952	1.84016848	0.71570442	0.95800404	-1.76343048
0.00000000	14.56069946	2.32914623	-1.51257954	1.77440488	0.65406373	0.96736135	0.59311241
0.00000000	30.94884471	1.57591669	-1.42706738	1.84730232	0.68315291	0.96154825	-0.43415579
0.00000000	4.45281110	3.53832998	-1.63749264	1.70514417	0.66342879	0.95939001	1.76150453
0.00000000	32.26652898	0.93901032	-1.42774067	1.79736805	0.63953035	0.99932732	0.10053670
0.00000000	20.08685062	-0.81361219	-1.48573289	1.86276817	0.73354378	1.30353617	0.24611416
1.00000000	24.08216125	-16.34373916	-1.94181214	1.44689107	1.58402120	3.35648185	0.08308442
1.00000000	24.76806641	-19.23372118	-2.08589933	1.51301813	1.65031725	3.82249575	-3.12611222
1.00000000	24.32215088	-13.78141955	-1.94918142	1.51898932	1.60496721	3.41188343	0.08728451
1.00000000	37.25719452	-0.76105218	-1.31568203	1.50971246	1.52881271	3.32592851	0.05910018
2.00000000	34.63482104	3.90519594	-1.26484988	1.71675277	0.63461065	1.77715201	0.11345810

301	199
284	199
293	198
310	198
301	155
284	155
293	156
310	156

406	254
436	252
456	256
424	258
406	165
436	166
456	165
424	164

556	207
552	207
530	207
535	207
556	165
552	165
530	165
535	165

465	249
494	247
515	251
485	253
465	162
494	162
515	161
485	161

566	208
579	208
569	209
555	209
566	166
579	166
569	165
555	165

-137	484
-47	439
125	429
68	470
-137	160
-47	163
125	163
68	161

575	206
589	206
591	207
577	207
575	167
589	167
591	167
577	167

615	226
639	225
653	228
627	229
615	161
639	161
653	160
627	159

1033	223
1075	223
1155	229
1108	229
1033	183
1075	183
1155	183
1108	183

1233	232
1182	232
1097	224
1141	224
1233	184
1182	184
1097	184
1141	184

958	224
1000	223
1069	230
1021	230
958	182
1000	182
1069	182
1021	182

602	199
630	199
636	201
605	201
602	172
630	172
636	171
605	171

517	202
529	202
530	203
516	203
517	167
529	167
530	166
516	166

