0.00000000	7.08878166	-5.90082470	-1.70194695	1.79447532	0.78368744	0.95697406	-2.36898780
1.00000000	24.87586925	-19.24403404	-2.12283377	1.55428493	1.70065353	3.85894305	-3.14005733
1.00000000	24.06914862	-16.35674866	-1.98668365	1.45301282	1.61093207	3.36393055	0.06360706
1.00000000	37.16384988	-0.77594707	-1.34122966	1.49472260	1.56324349	3.25695684	0.05468734
1.00000000	24.32818413	-13.77770399	-1.95292036	1.53007698	1.63774851	3.47089642	0.06004731

1295	341
1292	355
1154	338
1167	326
1295	152
1292	149
1154	152
1167	154

1231	233
1178	233
1095	225
1140	225
1231	184
1178	184
1095	183
1140	183

1034	224
1077	224
1156	231
1107	231
1034	184
1077	184
1156	184
1107	184

602	200
630	200
636	202
605	202
602	172
630	172
636	172
605	172

958	224
1001	223
1069	230
1019	230
958	182
1001	182
1069	182
1019	182

