0.00000000	15.80251769	6.14066375	-1.41344104	1.69308019	0.69659282	0.97585015	0.50155729
0.00000000	35.31179177	14.30348597	-0.79093621	1.86482024	0.65079575	0.83983195	-3.08459163
0.00000000	16.37558059	5.06841258	-1.44199155	1.75283909	0.71670727	0.85376587	0.62129170
0.00000000	16.61392137	-1.70808340	-1.53181789	1.81910038	0.68122478	1.11172387	0.38778326
0.00000000	5.66353170	1.71747459	-1.59630023	1.70183134	0.62279321	1.09983141	1.09180140
1.00000000	24.80474271	-19.22166912	-2.08298872	1.53476548	1.65303365	3.89324834	-3.12236190
1.00000000	24.08665356	-16.34544887	-1.93996881	1.43959367	1.58232858	3.32626073	0.07688108
1.00000000	37.16125488	-0.82001937	-1.38204120	1.48167050	1.56620145	3.22022595	0.03193767
1.00000000	24.31829854	-13.77358688	-1.90705452	1.52158463	1.60677715	3.40848596	0.07416341
2.00000000	20.75378644	2.31886161	-1.42788694	1.75751376	0.80884013	1.86645985	0.09842771

305	241
338	239
345	243
310	244
305	164
338	165
345	164
310	164

318	195
304	195
311	195
324	195
318	157
304	157
311	157
324	157

360	239
391	238
404	240
372	242
360	163
391	163
404	163
372	162

655	238
681	237
704	240
677	241
655	161
681	161
704	160
677	159

298	383
361	364
467	381
409	404
298	157
361	159
467	157
409	154

1233	231
1182	232
1095	224
1139	224
1233	183
1182	183
1095	183
1139	183

1034	223
1076	223
1154	229
1107	229
1034	183
1076	183
1154	183
1107	183

603	201
632	200
637	202
605	202
603	173
632	173
637	173
605	173

958	222
1000	222
1069	229
1020	229
958	181
1000	181
1069	181
1020	181

511	223
538	223
538	227
509	227
511	164
538	164
538	163
509	163

