0.00000000	15.72798679	4.35178656	-1.48363433	1.70071292	0.75059502	0.75325480	0.66350675
1.00000000	24.79791641	-19.24149237	-2.12465654	1.52127826	1.65082106	3.91795008	-3.12168646
1.00000000	24.06423970	-16.32838124	-1.94529508	1.42498362	1.56366841	3.31545629	0.08326962
1.00000000	24.31578636	-13.77125414	-1.93084387	1.51564455	1.60421196	3.44511616	0.06422143
1.00000000	37.16297401	-0.77081981	-1.34931658	1.48901916	1.54419902	3.24672053	0.06327024
2.00000000	36.92592571	6.59104899	-1.24114452	1.66398001	0.69463716	1.62660668	-0.57068688

382	244
415	242
429	244
395	246
382	166
415	166
429	166
395	165

1234	233
1183	233
1095	225
1139	225
1234	185
1183	185
1095	184
1139	184

1034	223
1075	223
1154	229
1107	230
1034	183
1075	183
1154	184
1107	184

958	223
1001	223
1069	229
1020	230
958	181
1001	181
1069	182
1020	182

602	200
630	200
636	202
606	202
602	173
630	173
636	172
606	172

482	200
492	200
470	201
460	201
482	169
492	169
470	168
460	168

