0.00000000	17.82928141	7.69649054	-1.35898970	1.82064664	0.68603001	1.13662238	-2.62772655
0.00000000	18.12573985	6.85502855	-1.39828597	1.79690719	0.73073138	1.07925581	-2.57807684
0.00000000	6.28238603	-0.06508325	-1.61206851	1.72057211	0.67234431	0.94651141	2.75643086
0.00000000	37.88788444	15.42536083	-0.79521964	1.87136650	0.61724609	0.88181605	-0.37233147
0.00000000	13.98266868	-2.85006071	-1.56938587	1.74303150	0.65530958	0.98500550	3.07374001
1.00000000	24.79327352	-19.21966578	-2.07886205	1.52360022	1.64260378	3.84186945	-3.11450768
1.00000000	24.06398372	-16.34462507	-1.94807390	1.45810819	1.58126119	3.33886492	0.07792573
1.00000000	37.30886359	-0.77463200	-1.31539855	1.45682621	1.53373354	3.40230904	0.00944934
1.00000000	24.31976670	-13.78860348	-1.93584798	1.53744566	1.62092965	3.41758571	0.06402718
2.00000000	9.68570145	2.52465198	-1.52400563	1.80452919	0.62354207	1.92088563	0.06335586

312	234
281	235
276	232
306	231
312	159
281	158
276	159
306	160

352	234
321	235
313	232
343	231
352	161
321	161
313	162
343	162

636	379
557	370
601	344
672	351
636	153
557	154
601	158
672	157

314	194
324	194
311	194
302	194
314	159
324	159
311	158
302	158

774	255
739	255
733	250
766	250
774	161
739	161
733	163
766	163

1233	231
1182	231
1096	224
1139	224
1233	184
1182	184
1096	183
1139	183

1034	223
1076	223
1155	229
1107	230
1034	183
1076	183
1155	183
1107	183

603	199
631	199
635	201
604	201
603	173
631	173
635	172
604	172

959	223
1002	223
1069	230
1020	230
959	181
1002	181
1069	181
1020	181

408	279
451	279
426	301
373	302
408	155
451	155
426	150
373	150

