0.00000000	17.16486278	6.14078421	-1.40624223	1.78384376	0.74222621	1.07893301	-2.56926298
0.00000000	16.76347005	6.99050301	-1.37365721	1.80833673	0.67859951	1.08249297	-2.74393225
0.00000000	36.70393040	14.59438173	-0.81520269	1.79000318	0.62920753	0.82025771	-3.08082175
0.00000000	15.28060938	-2.23747806	-1.53956233	1.72831321	0.70808224	1.12968871	0.24814919
0.00000000	6.03590764	0.91080415	-1.57743917	1.65973020	0.67410289	1.03648783	0.87667996
1.00000000	24.07874559	-16.34886139	-1.95611463	1.43723059	1.57165606	3.33316263	0.07233996
1.00000000	24.77861455	-19.19485770	-2.08907495	1.53084743	1.66234531	3.86624901	-3.12194514
1.00000000	37.16439950	-0.81650332	-1.35012565	1.53371406	1.53846364	3.22432549	0.03287045
1.00000000	24.32287116	-13.78591186	-1.94820831	1.52385914	1.60179844	3.38475830	0.06178136
2.00000000	15.22147655	2.15425491	-1.45094500	1.77305543	0.73255214	1.68004616	0.48261026

369	237
336	238
326	235
357	234
369	161
336	160
326	161
357	162

320	238
287	239
289	235
319	234
320	158
287	158
289	159
319	160

323	195
311	195
316	194
328	194
323	160
311	159
316	160
328	160

686	243
716	242
738	247
706	248
686	164
716	164
738	162
706	162

423	363
486	348
572	367
510	386
423	160
486	162
572	159
510	157

1034	223
1076	223
1154	230
1107	230
1034	183
1076	183
1154	184
1107	184

1233	232
1182	232
1095	224
1139	224
1233	184
1182	184
1095	183
1139	183

603	200
632	200
636	202
606	202
603	172
632	172
636	171
606	171

959	224
1002	223
1068	230
1020	230
959	182
1002	182
1068	182
1020	182

474	241
506	240
534	246
500	248
474	160
506	160
534	158
500	158

