0.00000000	16.63113770	5.56575625	-1.44870995	1.68973875	0.71024761	0.80015769	0.38795671
1.00000000	24.10311197	-16.35810701	-1.95104794	1.43000031	1.57543499	3.36441962	0.08110110
1.00000000	24.77016951	-19.23260438	-2.08281706	1.51642418	1.64050287	3.83277943	-3.12677169
1.00000000	37.26692451	-0.78869870	-1.35376225	1.44043863	1.54621695	3.38485272	0.05804245
1.00000000	24.41156287	-13.79717149	-2.00189255	1.58095980	1.66556349	3.58819397	0.07002741
2.00000000	35.77209774	5.98272775	-1.34852527	1.77905464	0.62277568	1.64032814	3.13075328

346	239
378	238
381	240
348	241
346	166
378	167
381	166
348	166

1034	223
1075	223
1155	229
1108	230
1034	183
1075	183
1155	184
1108	184

1233	231
1182	232
1097	224
1140	224
1233	184
1182	184
1097	183
1140	183

602	200
630	200
637	202
606	202
602	174
630	174
637	173
606	173

955	225
999	225
1070	232
1020	232
955	181
999	181
1070	182
1020	182

488	204
475	204
481	203
493	203
488	168
475	168
481	168
493	168

