0.00000000	17.35470922	7.40271869	-1.35297761	1.77793550	0.68635690	1.10992381	-2.58709478
0.00000000	17.67845154	6.64548874	-1.39234887	1.80638576	0.74661484	1.04080556	-2.58188272
0.00000000	6.17251145	0.26672514	-1.57150147	1.76379895	0.67425951	1.02482132	2.53184104
0.00000000	14.50944951	-2.59498797	-1.52404163	1.74266171	0.70098380	0.85073890	2.24058652
1.00000000	24.08780801	-16.34730603	-1.94851158	1.43223524	1.58639378	3.35729310	0.08401424
1.00000000	24.77899100	-19.23127865	-2.07811527	1.52505875	1.65382467	3.84753817	-3.12045908
1.00000000	37.97179774	-0.82535493	-1.22763060	1.40273309	1.63568854	4.35691884	0.00221456
1.00000000	24.31953832	-13.78784054	-1.94468461	1.54862285	1.60235323	3.44683340	0.05645422
2.00000000	11.89846114	2.41464565	-1.48581884	1.74682260	0.72077764	1.83831171	0.06778761

317	235
285	236
279	233
309	232
317	160
285	159
279	160
309	161

355	235
322	236
314	233
345	232
355	160
322	160
314	161
345	161

572	380
505	366
582	342
644	352
572	142
505	144
582	149
644	147

734	250
707	247
735	245
762	247
734	160
707	161
735	161
762	161

1033	223
1075	223
1155	229
1108	230
1033	183
1075	183
1155	184
1108	184

1234	231
1183	231
1096	224
1140	224
1234	184
1183	184
1096	183
1140	183

604	197
633	197
636	199
604	199
604	172
633	172
636	171
604	171

959	223
1001	223
1069	230
1020	230
959	181
1001	181
1069	181
1020	181

445	259
486	259
474	272
426	273
445	160
486	160
474	157
426	156

