0.00000000	24.78129487	11.26385237	-1.11339305	1.88655114	0.69992182	1.09469153	3.13566852
0.00000000	9.68807747	-2.93234273	-1.55508743	1.70426345	0.73255551	0.98530909	-2.91774273
0.00000000	9.21426384	-2.26670315	-1.57793949	1.78919315	0.75244206	1.01090701	-2.64416122
1.00000000	24.79855136	-19.23068134	-2.06827889	1.52501523	1.65624587	3.88026363	-3.12275791
1.00000000	24.05446454	-16.33198951	-1.94650231	1.43293452	1.57663995	3.31775828	0.07187553
1.00000000	24.31045833	-13.77866645	-1.94562684	1.51002383	1.57814904	3.38979771	0.04808274
1.00000000	37.16164639	-0.78892457	-1.37042044	1.53676844	1.56236526	3.13730867	0.04304620
2.00000000	26.66965033	2.43013533	-1.41448472	1.80310726	0.74479313	1.49834831	-2.75693917

281	212
260	212
275	210
295	210
281	156
260	156
275	157
295	157

875	291
822	293
785	282
833	280
875	156
822	156
785	158
833	159

840	298
793	303
738	291
782	287
840	151
793	150
738	153
782	154

1233	231
1182	231
1095	224
1139	224
1233	183
1182	183
1095	183
1139	183

1034	223
1076	223
1154	229
1107	230
1034	183
1076	183
1154	184
1107	184

960	223
1002	223
1068	230
1019	230
960	182
1002	182
1068	182
1019	182

602	200
631	200
636	202
605	202
602	172
631	172
636	171
605	171

555	214
535	214
524	213
542	212
555	165
535	164
524	165
542	165

