0.00000000	19.00999170	7.66397526	-1.29352830	1.87203288	0.73979968	1.20318908	0.10937780
1.00000000	24.09168796	-16.38650016	-1.94989149	1.43165970	1.57722595	3.36260011	0.07793548
1.00000000	24.77134403	-19.22128451	-2.07050953	1.52460575	1.64453089	3.88622504	-3.12456441
1.00000000	24.41846446	-13.78698851	-2.00460504	1.56953192	1.64704542	3.53859883	0.06965620
1.00000000	37.27029248	-0.78585022	-1.32922361	1.47750878	1.55820564	3.41164344	0.06110034
2.00000000	32.94339682	4.68745232	-1.39000676	1.74352407	0.62589661	1.58990841	-3.02487493

307	225
335	225
322	228
292	228
307	156
335	157
322	155
292	155

1035	223
1076	223
1156	229
1108	230
1035	183
1076	183
1156	184
1108	184

1234	231
1183	231
1096	224
1139	224
1234	183
1183	183
1096	183
1139	183

956	225
999	225
1069	232
1019	232
956	182
999	182
1069	182
1019	182

602	199
630	199
637	201
606	201
602	172
630	172
637	172
606	172

509	207
495	207
496	206
509	206
509	168
495	168
496	169
509	169

