0.00000000	30.68718910	17.47221194	-0.67072247	1.97627926	0.74166522	0.54246309	0.42784026
0.00000000	10.43700733	-1.84219511	-1.57485435	1.76620698	0.85194613	1.01899983	-2.75832462
1.00000000	24.77121102	-19.19174696	-2.15741436	1.53042710	1.69340215	3.91224466	-3.10567856
1.00000000	24.05498153	-16.27895456	-2.01371537	1.41240394	1.60785223	3.43310457	0.08561479
1.00000000	19.60012536	4.23325990	-1.49400971	1.48211730	1.62818244	3.60880776	-3.11824489
1.00000000	24.32116709	-13.78396185	-1.99023006	1.52530408	1.64679650	3.48683721	0.06536794
1.00000000	37.15325155	-0.79468426	-1.33745502	1.47913980	1.56017134	3.31413401	0.02539215

187	196
207	195
206	196
186	196
187	150
207	150
206	150
186	149

782	283
729	287
692	277
741	274
782	156
729	155
692	158
741	158

1235	234
1183	234
1094	226
1138	226
1235	186
1183	186
1094	185
1138	185

1031	225
1073	225
1155	232
1107	232
1031	186
1073	186
1155	187
1107	187

468	236
402	236
434	226
488	226
468	176
402	176
434	177
488	177

958	225
1001	224
1070	231
1020	232
958	183
1001	183
1070	183
1020	183

603	200
632	200
636	201
605	202
603	172
632	172
636	172
605	172

