0.00000000	18.96299939	7.32310195	-1.33420525	1.81533718	0.74600185	1.00043792	3.08412075
0.00000000	18.70974114	8.28795182	-1.30808542	1.77744865	0.67721692	1.14231227	3.12324595
0.00000000	12.95865460	-3.24364963	-1.54693757	1.72887921	0.70391838	0.83344391	0.01236685
0.00000000	6.27407275	-0.78454018	-1.61505173	1.73463917	0.75441175	0.90037106	1.00832415
0.00000000	38.36013392	16.41548056	-0.81594704	1.81450617	0.61758537	0.85092226	-1.75196111
1.00000000	24.79780348	-19.23037203	-2.07239793	1.53455985	1.64827171	3.87282811	-3.12142158
1.00000000	24.07644673	-16.35559860	-1.94452582	1.43619919	1.58562582	3.34885999	0.08648022
1.00000000	24.31217746	-13.78611138	-1.94394944	1.51230383	1.57440838	3.41736392	0.03435786
1.00000000	37.16539082	-0.77575884	-1.33990989	1.48811615	1.53089119	3.21896453	0.03115121
2.00000000	5.05391391	2.69690313	-1.57018993	1.67981458	0.64277908	1.70878533	0.04309016

332	229
304	229
321	227
348	227
332	159
304	159
321	160
348	160

288	230
262	230
283	227
308	227
288	159
262	159
283	160
308	160

762	254
800	254
814	260
773	260
762	161
800	161
814	160
773	160

634	362
675	344
769	357
736	378
634	153
675	156
769	154
736	151

309	194
302	194
287	194
294	194
309	161
302	160
287	160
294	161

1233	231
1182	231
1096	224
1139	224
1233	183
1182	183
1096	183
1139	183

1034	223
1075	223
1155	229
1108	230
1034	183
1075	183
1155	184
1108	184

960	223
1003	223
1067	230
1019	230
960	182
1003	182
1067	182
1019	182

603	200
631	200
635	202
605	202
603	172
631	172
635	172
605	172

222	373
305	372
188	456
67	458
222	159
305	159
188	150
67	150

