0.00000000	15.09890054	3.39171510	-1.49965261	1.74053073	0.73965098	0.86441283	0.85368729
0.00000000	30.82232726	17.51156355	-0.63878105	2.00253773	0.81380316	0.61367821	0.48548010
1.00000000	24.79166734	-19.23236721	-2.06229053	1.53389907	1.64026179	3.88201632	-3.11827970
1.00000000	24.09583895	-16.35426848	-1.93292181	1.41065133	1.57120651	3.34154587	0.08268505
1.00000000	24.30972551	-13.79083960	-1.91520558	1.50183082	1.61387340	3.43741053	0.06062740
1.00000000	37.16170913	-0.78125251	-1.35031639	1.49144173	1.55071851	3.19421040	0.04182452
2.00000000	37.91634158	7.03788808	-1.25565253	1.67881060	0.77031639	1.69722077	0.21733178

416	247
445	245
470	247
441	250
416	164
445	164
470	164
441	163

187	195
208	195
208	195
186	195
187	148
208	149
208	148
186	148

1234	231
1183	231
1096	223
1139	223
1234	183
1183	183
1096	182
1139	182

1034	223
1075	222
1154	229
1108	229
1034	183
1075	183
1154	184
1108	184

959	223
1002	222
1069	229
1020	229
959	181
1002	181
1069	181
1020	181

602	200
631	200
636	202
605	202
602	172
631	172
636	172
605	172

463	200
478	200
479	201
464	201
463	169
478	169
479	169
464	169

