0.00000000	11.89535794	0.82274738	-1.54590319	1.84668851	0.87256055	0.99132539	2.96142483
0.00000000	28.88202918	12.89464047	-0.91486404	1.87230325	0.73222636	0.99912223	3.11042237
0.00000000	12.56139529	0.03544155	-1.52850471	1.74428606	0.84048243	1.00341227	-2.51489735
1.00000000	24.80257436	-19.22933365	-2.07738576	1.53585625	1.66360657	3.89799350	-3.11355948
1.00000000	24.06184297	-16.34397381	-1.94793580	1.43332124	1.57651211	3.31888167	0.07135967
1.00000000	24.39741084	-13.78508869	-1.98983715	1.53576374	1.62317769	3.50417746	0.05120500
1.00000000	37.38586024	-0.58552591	-1.27010272	1.37903821	1.58497283	3.68243613	0.08050209
2.00000000	22.99594126	0.55763094	-1.42924879	1.92215848	0.69808513	1.96102936	0.19923075

575	272
521	271
538	263
588	265
575	153
521	154
538	156
588	156

287	202
269	202
281	201
299	201
287	155
269	155
281	156
299	156

641	262
601	265
568	260
606	257
641	160
601	159
568	160
606	161

1234	231
1183	231
1095	224
1138	224
1234	183
1183	183
1095	183
1138	183

1035	223
1076	223
1154	229
1107	230
1035	183
1076	183
1154	184
1107	184

957	224
1000	224
1068	231
1018	231
957	182
1000	182
1068	183
1018	183

597	198
626	198
634	200
602	200
597	173
626	173
634	172
602	172

571	218
592	217
604	221
581	221
571	160
592	160
604	158
581	158

