0.00000000	27.42836852	11.69592205	-1.03967355	1.89784932	0.68012162	1.00157598	-3.10404086
0.00000000	10.36481293	-3.06818611	-1.54373882	1.72570777	0.82161976	0.96548090	-3.05020261
0.00000000	27.80861102	10.64587894	-1.09643708	1.82605267	0.68149606	0.97583195	-3.08927488
0.00000000	40.63570123	11.26206047	-0.86304377	1.76292109	0.71384154	1.00850549	-0.04986921
0.00000000	38.68790677	13.92618982	-0.63036058	1.90264440	0.67131488	0.77286794	0.05942771
0.00000000	37.72354879	14.72919364	-0.62839172	1.95909262	0.67779288	0.75849938	1.06239891
0.00000000	30.17222756	9.34553899	-1.10877417	1.79403186	0.72857377	1.07342224	0.33695117
1.00000000	24.11251570	-16.36043473	-1.96128968	1.44299901	1.58898234	3.35459270	0.09011108
1.00000000	24.77764330	-19.20764948	-2.06242160	1.53425181	1.65597216	3.87329020	-3.10863686
1.00000000	24.44292119	-13.79607602	-2.01156930	1.59638703	1.67747830	3.52906428	0.04805428
1.00000000	37.67118956	-0.81923886	-1.26154516	1.37366152	1.60696303	4.32662525	0.01386807
2.00000000	26.80647750	1.72553313	-1.38785038	1.85827589	0.72939372	1.97981878	0.14934286

302	206
284	206
295	205
312	205
302	156
284	156
295	157
312	157

866	282
807	283
783	274
836	273
866	155
807	155
783	157
836	157

335	207
316	207
325	206
343	206
335	159
316	159
325	160
343	160

402	193
415	193
409	193
397	193
402	162
415	162
409	162
397	162

342	190
355	190
351	190
338	190
342	155
355	155
351	155
338	155

314	191
325	190
335	191
324	191
314	153
325	154
335	154
324	153

373	204
391	203
392	204
373	204
373	162
391	162
392	161
373	161

1033	223
1074	223
1155	230
1108	230
1033	183
1074	183
1155	184
1108	184

1234	231
1183	231
1095	223
1138	223
1234	183
1183	183
1095	182
1138	182

956	225
1001	225
1068	232
1017	232
956	181
1001	181
1068	182
1017	182

603	198
632	198
637	200
604	200
603	173
632	173
637	172
604	172

546	211
565	211
570	213
550	214
546	163
565	163
570	162
550	162

