0.00000000	34.95269073	10.75172926	-0.94003103	1.72901225	0.67125763	0.95209134	0.10900015
0.00000000	32.17589479	12.77321263	-0.89723776	1.85929108	0.69741732	0.83763443	3.02892542
0.00000000	32.62593370	11.64903892	-0.96080456	1.80097103	0.70595467	0.95219816	0.28909346
0.00000000	39.41544985	15.88941875	-0.66922830	1.89394391	0.64192399	0.84145704	-1.98879838
0.00000000	14.10347412	1.21159804	-1.52525805	1.73120451	0.74249498	1.30036716	0.55671787
1.00000000	24.09225012	-16.33085765	-1.95076607	1.43975377	1.57823155	3.37321194	0.08824650
1.00000000	24.78429644	-19.23026286	-2.08423994	1.52890658	1.65362970	3.86198132	-3.12610769
1.00000000	24.30895253	-13.78725077	-1.95007871	1.50468671	1.60813143	3.40376026	0.06284657
1.00000000	37.99851066	-0.77864998	-1.24008868	1.39889264	1.63321683	4.32943576	0.03424650
2.00000000	15.55281313	8.81430726	-1.29751502	1.86136937	0.63886129	1.91576716	0.00490509
2.00000000	8.25149135	2.06423308	-1.58191345	1.74139953	0.66274718	1.73325335	0.37465921

379	197
393	197
389	197
375	197
379	162
393	162
389	161
375	161

322	199
308	199
317	198
332	198
322	157
308	157
317	157
332	157

341	199
357	199
356	199
339	200
341	160
357	160
356	160
339	159

326	191
317	191
305	191
315	191
326	157
317	156
305	157
315	157

512	250
545	248
576	254
541	256
512	164
545	164
576	163
541	162

1033	223
1074	223
1154	229
1108	230
1033	183
1074	183
1154	184
1108	184

1233	232
1182	232
1096	224
1140	224
1233	184
1182	184
1096	183
1140	183

959	224
1002	223
1069	230
1020	230
959	182
1002	182
1069	182
1020	182

601	197
630	197
637	199
604	199
601	172
630	172
637	171
604	171

205	235
233	235
184	243
152	243
205	154
233	154
184	151
152	151

387	303
442	300
468	327
401	332
387	160
442	161
468	157
401	156

