0.00000000	30.72590326	17.48672787	-0.64684461	1.97155046	0.74156687	0.52346168	0.43055886
0.00000000	12.86929909	0.68430148	-1.54659079	1.79635143	0.95100246	0.97283643	0.67435050
1.00000000	24.11120314	-16.33786340	-1.95529280	1.45346403	1.61244258	3.38748474	0.08425201
1.00000000	24.77903868	-19.22386508	-2.10800157	1.52865005	1.64634319	3.84574062	-3.10603380
1.00000000	24.41495594	-13.78163037	-1.98459832	1.60216427	1.67986390	3.51467854	0.07139040
1.00000000	43.34985833	4.81106357	-1.24271558	1.42667055	1.54216917	3.49924188	3.04163527
1.00000000	37.32901623	-0.80537294	-1.31640981	1.41390800	1.54637255	3.54127162	0.03305670
2.00000000	40.62658611	8.30412915	-1.08346174	1.60528970	0.72633852	1.73535786	3.13891673

187	195
207	195
206	195
186	195
187	149
207	150
206	149
186	149

530	260
573	256
605	261
561	265
530	159
573	160
605	159
561	158

1032	223
1074	223
1155	230
1107	230
1032	183
1074	183
1155	183
1107	183

1234	232
1184	232
1096	225
1138	225
1234	184
1184	184
1096	184
1138	184

955	224
999	224
1069	231
1019	231
955	180
999	180
1069	180
1019	180

531	197
505	197
518	196
542	196
531	173
505	173
518	174
542	173

603	199
631	199
636	201
605	201
603	173
631	173
636	173
605	173

461	196
448	196
455	196
467	196
461	168
448	168
455	168
467	168

