0.00000000	15.67274144	3.80399353	-1.51630042	1.79382014	0.68873096	0.98175124	0.86446893
0.00000000	33.78970748	14.21996669	-0.76862500	1.87392497	0.71936211	0.78095700	3.07806015
0.00000000	14.82921023	4.99629974	-1.50747464	1.71445012	0.63123362	0.98863464	0.61951667
0.00000000	32.79060063	3.54067903	-1.36527501	1.82332706	0.62916220	1.02416410	-1.14984751
0.00000000	33.16738731	2.56602388	-1.40224908	1.74006248	0.62148406	0.98499664	0.04027104
0.00000000	32.12456452	2.92506720	-1.43527232	1.71465421	0.61544737	1.12467149	0.11601365
1.00000000	24.79383820	-19.23736459	-2.09469090	1.54994428	1.67236595	3.89393097	-3.11838222
1.00000000	24.04474459	-16.33328513	-1.95816360	1.46009660	1.58719483	3.31811027	0.08268671
1.00000000	37.16671090	-0.84387880	-1.34224759	1.52767611	1.56226676	3.30101408	0.07445154
1.00000000	24.32089103	-13.78316503	-1.93526409	1.54154229	1.65527745	3.44833543	0.05748840
2.00000000	26.71326838	3.75583297	-1.39465235	1.82410216	0.69714149	1.84060131	0.16235523
2.00000000	18.15481060	-1.24816142	-1.50508175	1.75203025	0.72444356	1.57141576	0.64693642

403	245
430	243
457	246
430	248
403	163
430	163
457	163
430	162

306	195
291	195
300	195
314	195
306	155
291	155
300	156
314	156

339	249
370	247
385	251
353	253
339	166
370	167
385	166
353	166

535	205
539	206
518	206
514	206
535	166
539	166
518	166
514	166

542	205
555	205
555	206
541	206
542	169
555	169
555	168
541	168

532	207
545	207
546	208
532	208
532	170
545	170
546	169
532	169

1234	232
1183	232
1095	224
1139	224
1234	183
1183	183
1095	183
1139	183

1034	224
1076	223
1155	230
1107	230
1034	183
1076	183
1155	183
1107	183

602	200
631	200
639	202
607	202
602	172
631	172
639	171
607	171

958	223
1002	223
1070	230
1019	230
958	181
1002	181
1070	181
1019	181

494	212
512	212
514	214
494	215
494	165
512	165
514	164
494	164

623	232
645	230
686	234
664	235
623	164
645	164
686	163
664	163

