0.00000000	12.09694335	1.02293617	-1.55959723	1.84614718	0.82498554	0.98286193	2.88237381
0.00000000	29.07081152	12.88569099	-0.95106373	1.86588955	0.74931069	0.97426725	3.08057237
0.00000000	12.72374956	0.22753665	-1.54435156	1.73574328	0.82343903	0.98086603	-2.46891403
1.00000000	24.78039641	-19.22085097	-2.05619512	1.52522945	1.64702143	3.84578109	-3.11552954
1.00000000	24.04893323	-16.33641469	-1.95728670	1.44989562	1.57939431	3.35391446	0.08146038
1.00000000	24.31778657	-13.76148901	-1.95231936	1.54737115	1.61693457	3.46063062	0.05932588
1.00000000	37.62316202	-0.59935670	-1.22047542	1.36787748	1.60232202	4.15282438	0.06744333

559	271
510	270
532	263
577	264
559	155
510	155
532	157
577	157

289	203
271	203
284	202
301	202
289	156
271	156
284	157
301	157

629	262
591	265
557	260
594	257
629	162
591	161
557	162
594	163

1233	231
1183	231
1096	223
1139	223
1233	183
1183	183
1096	182
1139	182

1034	223
1075	223
1155	230
1108	230
1034	183
1075	183
1155	183
1108	184

958	224
1001	223
1069	230
1019	230
958	181
1001	181
1069	181
1019	181

597	197
626	197
634	199
602	199
597	173
626	173
634	172
602	172

