0.00000000	8.63007182	-3.85400622	-1.61398242	1.74178433	0.81145716	0.97032880	-1.60775578
1.00000000	24.80091045	-19.23689842	-2.12970601	1.55438221	1.67999675	3.94663936	-3.12865806
1.00000000	24.08180237	-16.34148987	-1.96140353	1.48021269	1.61860601	3.40169417	0.08824937
1.00000000	24.32455264	-13.72953089	-1.96693144	1.53886414	1.61943106	3.50646753	0.07681062
1.00000000	37.16263269	-0.78391527	-1.33658979	1.46734571	1.55689701	3.26472364	0.04320227
2.00000000	40.49795050	14.02668451	-0.69642661	1.87276697	0.65065728	1.52240929	-1.36195469

961	298
995	311
907	310
881	298
961	157
995	155
907	155
881	157

1235	233
1182	233
1095	225
1139	225
1235	184
1182	184
1095	184
1139	184

1032	223
1075	223
1156	230
1108	230
1032	182
1075	182
1156	183
1108	183

956	224
998	224
1069	231
1020	231
956	182
998	182
1069	182
1020	182

602	200
631	200
636	201
605	201
602	173
631	173
636	172
605	172

371	190
370	191
341	191
343	191
371	158
370	158
341	157
343	158

