0.00000000	29.10763841	10.92950670	-1.07528577	1.76306033	0.68418133	0.92050770	3.08437085
0.00000000	39.07457904	15.68869039	-0.62387703	1.83467817	0.56122224	0.64040273	-0.39158046
0.00000000	11.44681855	-1.94622341	-1.52984415	1.76932311	0.77059928	1.06576516	0.24245554
0.00000000	39.04601398	11.05219941	-0.82657049	1.78067613	0.71436873	1.21839784	-0.33729896
0.00000000	28.73449827	12.21984562	-0.97945807	1.84736717	0.70280307	0.95438306	-3.12131071
0.00000000	38.13437412	15.02341220	-0.62863920	1.84105194	0.60385426	0.58060183	0.08062384
1.00000000	24.78158348	-19.21455170	-2.04890619	1.53073418	1.65258144	3.85839876	-3.11310720
1.00000000	24.09279974	-16.37474048	-1.94528876	1.40922880	1.57968402	3.34124722	0.09021488
1.00000000	37.99901762	-0.83568975	-1.24446414	1.40031004	1.67372666	4.50387032	0.02135895
1.00000000	24.42143591	-13.79325264	-1.98646442	1.56240404	1.64416166	3.49071779	0.06456824
2.00000000	21.77617173	1.61874169	-1.38327466	1.93318832	0.75237751	2.11796823	0.25881615

338	205
322	205
332	204
348	204
338	161
322	161
332	162
348	162

317	190
325	190
316	190
308	190
317	157
325	157
316	156
308	157

694	265
738	263
768	271
720	273
694	156
738	157
768	154
720	154

403	193
414	193
400	193
389	193
403	161
414	161
400	160
389	160

303	203
285	203
296	203
313	203
303	157
285	157
296	157
313	157

318	190
330	190
326	191
315	191
318	156
330	156
326	156
315	156

1233	230
1183	230
1095	223
1139	223
1233	182
1183	182
1095	182
1139	182

1034	223
1075	223
1156	229
1109	230
1034	184
1075	184
1156	184
1109	184

603	197
632	197
638	199
604	199
603	172
632	172
638	171
604	171

956	224
1000	224
1068	231
1019	231
956	182
1000	182
1068	182
1019	182

533	219
556	218
570	222
545	223
533	158
556	158
570	156
545	155

