0.00000000	23.08351868	10.33587707	-1.19861649	1.82522321	0.71460448	1.05844493	-3.09765172
0.00000000	23.49675329	9.23091236	-1.23063181	1.79321504	0.81089468	1.01710260	-3.10032582
0.00000000	35.74091761	11.36984825	-0.90739737	1.74106133	0.78898402	0.91920064	-0.02529409
0.00000000	37.04990588	10.40418775	-0.95769654	1.63815689	0.78664469	0.87197290	0.32591951
0.00000000	4.31180534	-2.42303547	-1.74404530	1.73954749	0.67386423	0.89336618	-0.00260530
1.00000000	24.76163663	-19.19667282	-2.12597321	1.55628169	1.69259592	3.86724692	-3.11742353
1.00000000	24.04742241	-16.36731060	-1.98818622	1.47758472	1.62114579	3.26634489	0.08720800
1.00000000	24.31544003	-13.78467083	-1.98435305	1.56164014	1.60136835	3.38748348	0.03968810
1.00000000	37.15877533	-0.76699759	-1.32628439	1.49093616	1.54513544	3.23022353	0.04281591
2.00000000	8.68208848	-5.77003579	-1.66515456	1.74753189	0.74061955	1.60092429	-2.42151666

288	217
264	217
278	215
300	215
288	158
264	158
278	159
300	159

330	216
304	216
315	215
340	215
330	160
304	160
315	161
340	161

372	196
387	196
381	196
365	196
372	162
387	162
381	161
365	161

395	196
410	196
411	196
396	196
395	165
410	165
411	164
396	164

944	439
1051	439
1164	504
1029	504
944	162
1051	162
1164	158
1029	158

1234	233
1182	233
1095	225
1139	225
1234	184
1182	184
1095	184
1139	184

1035	224
1077	224
1156	231
1108	231
1035	183
1077	183
1156	184
1108	184

960	225
1003	224
1068	231
1018	231
960	182
1003	182
1068	182
1018	182

602	199
631	199
636	201
605	201
602	172
631	172
636	171
605	171

1188	311
1173	319
1009	300
1030	294
1188	157
1173	155
1009	159
1030	160

