0.00000000	15.55255212	4.04221886	-1.49969457	1.75742960	0.76517965	0.80767658	0.80753732
1.00000000	24.08521552	-16.32875581	-1.95986329	1.46047795	1.58801267	3.38397183	0.10390329
1.00000000	24.80470507	-19.21415517	-2.10771124	1.52778959	1.64998393	3.88592325	-3.12155223
1.00000000	24.44821408	-13.79568200	-2.02025710	1.62200999	1.69080308	3.62432568	0.04686485
1.00000000	37.15257143	-0.77451154	-1.33451508	1.52242017	1.56205077	3.21173103	0.03728012
2.00000000	37.11076285	6.68592202	-1.25608275	1.68646729	0.70769701	1.58947769	-0.28657815

392	245
423	243
443	245
412	248
392	164
423	164
443	164
412	163

1032	223
1073	223
1155	230
1109	230
1032	183
1073	183
1155	183
1109	183

1233	232
1182	232
1095	225
1138	225
1233	184
1182	184
1095	184
1138	184

955	225
1000	225
1070	232
1018	232
955	181
1000	181
1070	181
1018	181

602	200
631	200
636	201
605	201
602	172
631	172
636	171
605	171

476	200
488	200
474	201
462	201
476	169
488	169
474	168
462	168

