0.00000000	20.21679502	8.52833798	-1.28046320	1.86359417	0.76832136	1.29057255	0.35052881
0.00000000	22.75540452	-4.21243341	-1.60230909	1.76529813	0.65280674	1.18477901	0.38177633
1.00000000	24.06726134	-16.31451343	-1.97906313	1.47285938	1.59348155	3.31933059	0.06406692
1.00000000	24.76499959	-19.21953590	-2.12513361	1.52134705	1.63291912	3.77756200	-3.11134005
1.00000000	24.43467190	-13.77727985	-2.01928721	1.57012439	1.62703473	3.46911393	0.07503325
1.00000000	37.29015902	-0.76934413	-1.31934963	1.41201782	1.53568167	3.40468350	0.02062155
2.00000000	31.66078266	4.22468938	-1.41228245	1.78935909	0.65305162	1.74736004	-2.74764180

288	222
317	222
315	225
284	225
288	158
317	158
315	157
284	156

718	222
736	222
756	224
738	224
718	168
736	168
756	167
738	167

1034	224
1076	224
1153	230
1105	231
1034	183
1076	183
1153	183
1105	183

1233	233
1183	233
1097	225
1139	225
1233	185
1183	185
1097	184
1139	184

956	225
998	225
1067	232
1019	232
956	182
998	182
1067	183
1019	183

603	199
631	199
635	201
604	201
603	173
631	173
635	173
604	173

521	209
506	209
496	207
510	207
521	167
506	167
496	168
510	168

