0.00000000	5.79689427	-3.65770992	-1.67391513	1.75234067	0.56388335	0.85801835	-3.05241537	6.85440187298828	-0.5628862073054272
0.00000000	8.37763234	3.67328242	-1.58848343	1.72634411	0.66147447	0.96030118	0.09306884	9.147553080539895	0.4132185054178452
0.00000000	11.60182325	3.39027706	-1.47027789	1.67197967	0.66110625	0.87639352	-0.37225133	12.087029464173686	0.28430337146207785
0.00000000	6.10523600	-2.90505510	-1.70205484	1.74068499	0.59794270	0.86130421	-3.00233746	6.761157574685862	-0.4441254114163298
0.00000000	34.26819099	0.16332677	-1.05568049	1.79702246	0.72278169	0.90675785	-0.65191084	34.26858020637733	0.00476609732193645
0.00000000	21.12018686	-0.30295974	-1.41875062	1.74949419	0.58979569	1.14422143	0.12079520	21.122359659975906	-0.014343573990823593
0.00000000	14.45251641	1.56542126	-1.45877145	1.72626209	0.69137498	0.88261970	3.11197495	14.53704833529074	0.10789415918673903
0.00000000	5.54107616	-2.36893955	-1.69140456	1.74024582	0.61713947	0.90669386	-3.00308943	6.026225983355964	-0.40400602109174893
0.00000000	13.62080950	2.39138352	-1.41755615	1.71607184	0.62091182	0.88501902	-2.46319485	13.829141931986157	0.17379710817838656
0.00000000	35.47148203	0.46236891	-1.04682158	1.70813537	0.67088228	0.87488733	0.10855932	35.474495379265754	0.013034209432415796
2.00000000	10.42402481	-2.52100041	-1.61156688	1.74669480	0.59632730	1.63712188	-3.02726436	10.724538978749422	-0.23728895777236267
