0.00000000	21.56504581	-0.17965216	-1.38197062	1.81548297	0.62753939	1.11201664	0.47826636	21.565794112111693	-0.00833051808737564
0.00000000	9.47365886	6.66891650	-1.33433197	1.69818306	0.55739342	0.87363030	2.77799225	11.585536650480579	0.6133674206318186
0.00000000	21.32476756	-2.39148642	-1.40337692	1.78731275	0.62448406	0.96435986	-1.41605532	21.458446327380575	-0.11167932842122037
0.00000000	23.20690406	-2.18169564	-1.36091040	1.82594585	0.60287843	1.00118902	0.16222884	23.309229758094528	-0.09373513283411024
0.00000000	21.29651371	1.87480575	-1.34770523	1.84474301	0.66976257	1.09213002	0.38094601	21.37887725771517	0.08780709334448807
0.00000000	8.51326553	6.49045643	-1.37788234	1.70896339	0.57131844	0.85443345	2.53682518	10.705219038114752	0.6513857396685927
0.00000000	20.69312271	1.45994739	-1.38940177	1.74875259	0.62811720	1.05540298	0.70428050	20.744560103137534	0.07043558681457313
0.00000000	22.42318204	-3.02099931	-1.36404441	1.79066777	0.62875724	0.94835115	0.97707582	22.62577135988957	-0.1339202219429445
0.00000000	21.91636939	0.38760587	-1.36139534	1.81898844	0.63693594	1.11768748	-0.41192397	21.919796658486305	0.017683835241126666
0.00000000	8.36147823	18.59831559	-1.08066104	1.85432410	0.57678901	0.73883369	-1.55192220	20.391460491490083	1.1482896030167955
0.00000000	7.48901367	18.85824203	-1.11302279	1.72422814	0.55081456	0.73445008	-1.24949539	20.29085060344946	1.1927738615138872
0.00000000	8.52651408	-3.73260598	-1.59921525	1.71640968	0.59680700	0.99950221	-0.10038816	9.307727421791531	-0.412632506017828
