1.00000000	17.94740526	2.82446962	-1.59983788	1.78260303	1.75114541	4.69721524	2.83569407
1.00000000	26.48452458	-0.22602834	-1.61128948	1.51858377	1.61509326	3.73222640	2.78112817
1.00000000	41.00023069	-4.38520908	-1.58258687	1.56552029	1.62081436	3.90849490	2.89588571
1.00000000	48.41206199	-7.48242579	-1.69596014	2.39433980	2.08446556	5.38797316	2.81429124
1.00000000	16.39161235	-2.99490627	-1.60448597	1.50436640	1.58287648	3.70750082	-0.25404164
1.00000000	8.56581613	5.57287869	-1.71412919	1.40392053	1.51237877	3.81217819	2.93961573

484	255
412	252
506	235
565	236
484	170
412	170
506	171
565	171

621	226
577	225
614	219
654	220
621	181
577	181
614	180
654	180

698	208
668	207
679	204
707	204
698	178
668	178
679	178
707	178

732	205
699	205
714	201
744	202
732	167
699	167
714	167
744	167

720	239
785	240
782	258
701	255
720	179
785	179
782	181
701	181

17	378
-118	369
199	298
293	301
17	216
-118	214
199	199
293	200

