1.00000000	20.96009505	-0.15119753	-1.57195757	1.58766651	1.64569240	3.54279907	-0.00912215
1.00000000	32.61014537	3.80541651	-1.56713150	1.49725771	1.62501319	4.52821788	3.04736543
1.00000000	22.98975995	4.14115002	-1.55836390	2.21946216	1.93826399	5.32507081	3.05578351
1.00000000	8.18607744	5.95147484	-1.67609630	1.61527252	1.54797858	3.93786901	3.07781601
1.00000000	36.01334220	-16.67387360	-1.44089351	2.27594709	1.92351577	5.13446770	1.37811017

591	227
643	227
649	238
586	238
591	176
643	176
649	177
586	177

534	217
495	217
519	211
553	212
534	181
495	181
519	180
553	180

489	236
421	236
473	222
527	223
489	156
421	156
473	160
527	159

-31	387
-207	383
134	300
243	301
-31	189
-207	188
134	182
243	182

896	204
889	203
997	204
1011	205
896	158
889	159
997	158
1011	157

