1.00000000	5.90115911	-2.85704512	-1.62069486	1.47809815	1.59117909	3.66561946	0.02550945
1.00000000	35.35800984	0.05661563	-1.42430935	1.53016388	1.64716997	3.90236942	-0.04505814
1.00000000	17.73125874	-2.84696127	-1.41917441	1.52885616	1.60717980	3.72525140	0.02954514
1.00000000	18.37263860	7.54871619	-1.76547692	1.42293048	1.63613072	3.52773635	2.97954631
1.00000000	23.21574813	-2.65043660	-1.37375329	1.45837247	1.59948656	3.65589387	0.01174290
1.00000000	38.37160813	-2.53880149	-1.34247158	1.41052556	1.47464730	3.76356119	-0.01460449

812	326
965	325
1325	472
1028	475
812	182
965	182
1325	191
1028	191

595	206
627	206
626	210
590	210
595	176
627	176
626	176
590	176

686	228
746	228
784	242
710	242
686	171
746	171
784	171
710	171

300	260
234	258
320	243
375	244
300	196
234	196
320	192
375	192

665	216
711	216
730	224
676	224
665	174
711	174
730	174
676	174

644	202
670	202
675	205
646	205
644	177
670	177
675	177
646	177

