1.00000000	18.72535881	-5.12271680	-1.52607570	1.53660440	1.60312919	3.80623184	-0.11443748
1.00000000	30.06809887	-5.85758184	-1.50716851	1.42592418	1.53483843	3.27992126	-0.12673490
1.00000000	24.08831747	-5.24597293	-1.50698147	1.36323357	1.63872116	3.69725949	-0.11493511
1.00000000	18.25481716	7.96001836	-1.43087135	1.40855694	1.58133413	4.16236928	3.01921463
1.00000000	34.15517807	-3.58544149	-1.44439481	1.44888258	1.60156598	3.52236597	-0.12414382

772	229
831	229
862	242
791	241
772	174
831	174
862	175
791	175

732	211
768	211
776	216
736	215
732	178
768	178
776	179
736	179

741	218
788	218
805	226
750	226
741	180
788	180
805	181
750	181

273	247
207	246
308	231
361	231
273	182
207	182
308	180
361	180

671	206
704	207
705	210
668	210
671	177
704	177
705	178
668	178

