1.00000000	28.18154285	-4.11191112	-1.39030073	1.42072976	1.61850029	3.75704326	0.01315515
1.00000000	34.99947849	-1.58211056	-1.41252754	1.56387472	1.63831585	3.73136527	-0.03910594
1.00000000	10.26772512	-3.58438743	-1.62363909	1.42268920	1.58010706	3.88742058	-0.01806027
1.00000000	4.92427663	-4.05253737	-1.62042139	1.50062668	1.64840127	4.12616730	-0.02844993
1.00000000	38.91026346	4.08215272	-1.52205585	1.48585570	1.55170183	3.70795288	2.93561363
1.00000000	16.43582018	-3.49865462	-1.54387389	1.39579082	1.56489250	3.59733732	-0.00466309
1.00000000	33.61001517	-4.15695090	-1.38557301	1.40308809	1.52855876	3.56125863	-0.06198153
2.00000000	18.93913620	16.60076443	-1.88200812	1.87061477	0.61431994	1.91907945	-2.75453472

690	210
730	210
748	216
704	216
690	176
730	176
748	176
704	176

627	206
659	206
662	209
626	209
627	175
659	175
662	175
626	175

785	270
881	270
1006	318
863	317
785	184
881	184
1006	190
863	190

970	339
1151	340
1993	612
1510	604
970	178
1151	178
1993	187
1510	187

538	210
509	209
531	206
558	206
538	180
509	180
531	180
558	180

722	237
785	237
828	253
749	253
722	181
785	181
828	183
749	183

683	206
714	206
721	209
686	209
683	177
714	177
721	177
686	177

-30	260
-62	261
-28	253
0	252
-30	185
-62	185
-28	184
0	184

