1.00000000	11.35386417	-6.98430915	-1.59767220	1.52060330	1.60580042	3.62034315	-0.91593313
1.00000000	33.68617610	-2.33038852	-1.85448037	1.44046879	1.68202927	3.74920525	-0.18458901
1.00000000	38.37579928	6.87552753	-1.96477900	1.55085802	1.65980615	4.24593907	2.89999008
1.00000000	28.33692149	9.13401403	-1.96713946	1.44537377	1.65362954	4.01021242	3.00031590
1.00000000	36.86792976	-6.33749962	-1.82184474	1.49970424	1.59766690	3.58916709	-0.14688198
1.00000000	42.49594337	-5.44702630	-1.95994781	1.46470463	1.59128716	3.99666178	0.09347367

1060	261
1171	270
1082	294
959	279
1060	175
1171	175
1082	176
959	176

648	215
683	216
676	221
637	220
648	186
683	186
676	188
637	188

478	220
448	219
482	215
510	215
478	189
448	189
482	187
510	187

372	236
329	235
380	227
417	227
372	196
329	195
380	192
417	193

720	211
750	211
754	215
720	215
720	183
750	183
754	184
720	184

684	209
709	209
726	213
698	213
684	186
709	185
726	187
698	187

