1.00000000	8.60819440	-2.84303113	-1.58385501	2.34873796	2.00159910	5.57107737	0.00094572
1.00000000	17.57153586	7.65289507	-1.61766980	1.60830140	1.69766937	4.21908121	-1.58822429
1.00000000	10.32252876	7.62444295	-1.71893178	1.46208763	1.62175800	4.15246016	1.71165061
1.00000000	28.35250654	7.73960666	-1.57380865	1.43371046	1.57837366	3.86385729	1.50015569
1.00000000	7.86742348	7.75452664	-1.76361535	1.54930568	1.64045535	3.81723266	-1.58787298
1.00000000	15.16338148	7.94924435	-1.66965924	1.45179200	1.53713964	3.30272317	1.59395778
1.00000000	38.84175953	0.70772673	-1.47526179	1.52030826	1.67130467	3.65891394	0.01299448
1.00000000	20.12685600	7.98255268	-1.53260456	1.54785919	1.57979099	3.77017103	1.64104760
1.00000000	45.02740157	3.77306185	-1.42848871	1.40575325	1.62683914	3.47897254	0.39105690
1.00000000	25.34300152	7.87762341	-1.58520196	1.48497617	1.63961633	4.02999395	1.77276087
1.00000000	12.85833811	7.84809966	-1.72362588	1.43130112	1.55427079	3.71860203	1.88038552
1.00000000	22.91919809	8.36450175	-1.58907269	1.45336425	1.52586322	3.58257137	2.21048379
1.00000000	39.84453051	8.57849372	-1.50701533	1.58494377	1.60608386	4.07639867	1.52001882

733	274
863	274
1120	377
859	377
733	122
863	122
1120	71
859	71

392	244
368	252
184	251
225	244
392	180
368	181
184	181
225	180

-156	320
-55	298
246	291
202	311
-156	202
-55	198
246	196
202	200

355	222
372	219
466	219
455	222
355	184
372	183
466	183
455	184

113	332
-10	371
-410	369
-209	331
113	198
-10	205
-410	205
-209	198

122	267
168	257
322	257
293	266
122	192
168	190
322	190
293	192

583	205
612	205
614	208
581	208
583	178
612	178
614	178
581	178

238	239
263	234
398	233
385	238
238	180
263	180
398	179
385	180

529	202
553	201
571	203
545	204
529	180
553	179
571	180
545	180

318	229
327	225
445	223
443	227
318	184
327	183
445	183
443	183

13	292
56	278
285	269
274	281
13	200
56	197
285	195
274	198

290	236
278	232
392	227
409	230
290	186
278	185
392	184
409	184

413	208
422	207
494	207
488	209
413	179
422	179
494	179
488	179

