1.00000000	29.89621162	2.22377275	-1.12864063	1.47571802	1.66007594	4.43519166	2.13000822
1.00000000	40.85777935	20.47354548	-1.49095915	1.45101547	1.64892768	3.60331410	-1.54489672
1.00000000	34.13114297	-7.62157566	-1.18167470	1.46980584	1.61462363	3.87034259	1.17874336
2.00000000	6.61344277	-2.82350841	-1.61482332	1.76070595	0.60090787	1.77504891	0.29102370

516	208
498	207
593	204
613	206
516	170
498	170
593	170
613	170

285	208
272	210
206	210
221	208
285	183
272	183
206	183
221	183

729	202
736	201
818	202
814	203
729	170
736	171
818	170
814	170

849	333
900	329
1055	377
993	384
849	154
900	154
1055	149
993	148

