1.00000000	17.27949067	2.82724531	-1.73462550	1.62013841	1.71534890	3.86411265	0.02611269
1.00000000	29.83149227	9.03408653	-1.95382486	1.51235545	1.79933372	4.16851922	3.06348825
1.00000000	28.47467724	-1.27187277	-1.64334927	1.64453185	1.73275471	3.74850348	-0.14041011
1.00000000	13.93838933	-0.30121803	-1.66308842	1.53817940	1.63252526	3.41883929	-0.02540722
1.00000000	24.07806045	-20.61713557	-0.87617610	1.61163592	1.77523055	4.47705984	3.04277992

470	244
535	244
521	262
439	262
470	182
535	182
521	184
439	184

393	233
347	232
389	224
429	225
393	193
347	193
389	190
429	190

627	217
669	217
663	223
615	223
627	177
669	177
663	178
615	178

591	254
667	254
679	277
580	277
591	181
667	181
679	184
580	184

1326	200
1262	200
1162	195
1215	196
1326	146
1262	146
1162	151
1215	151

