0.00000000	16.20173831	12.24695507	-1.57455776	1.78207970	0.65430199	0.99711599	2.33998156
1.00000000	28.51369506	9.34949423	-1.37963794	1.59467673	1.73132137	4.07492456	-1.47746623
1.00000000	30.56244850	-2.71706832	-1.20199845	1.46870506	1.64965830	4.38035570	1.47684753
1.00000000	35.56347897	-12.72225380	-1.14662264	1.41860271	1.57496443	3.91494475	1.65853465
1.00000000	26.81716618	24.95118693	-1.52102600	1.49120796	1.75058952	4.16579247	-1.48916996

30	257
27	254
83	251
88	253
30	173
27	173
83	173
88	173

429	214
422	217
311	218
325	215
429	175
422	175
311	175
325	175

622	207
625	205
727	205
730	207
622	171
625	171
727	171
730	171

839	200
826	199
901	198
917	200
839	170
826	170
901	170
917	170

11	224
-25	228
-151	229
-106	225
11	185
-25	186
-151	186
-106	186

