1.00000000	5.34199539	3.66924186	-1.68559990	1.53628445	1.70905088	3.57126562	0.05429348
1.00000000	35.97752421	8.66353888	-1.24777959	1.53520250	1.61219224	4.42731412	0.86976737
1.00000000	37.19570260	20.47859493	-1.52129112	1.45462775	1.59206124	3.87013429	-1.40963960
1.00000000	44.70217353	-8.66221880	-1.12088178	1.39806032	1.52995461	3.86575272	1.73655713

126	353
312	351
34	543
-363	554
126	190
312	190
34	209
-363	210

396	205
423	204
477	206
450	208
396	174
423	174
477	175
450	175

256	211
246	213
162	214
176	212
256	184
246	184
162	184
176	184

725	196
717	195
776	195
786	196
725	173
717	173
776	173
786	173

