1.00000000	35.66270377	-12.73166506	-1.12918208	1.48299050	1.69145292	4.22523900	1.51852417
1.00000000	30.29599943	-1.67860734	-1.14496205	1.81940103	1.71873852	4.09490058	-1.37937295
1.00000000	27.79449162	13.02001100	-1.46513889	2.22427917	2.01119969	5.15539772	1.61102295
1.00000000	26.76563012	24.16934967	-1.59337495	1.44667983	1.72586598	4.43019490	-1.46395040

831	199
822	198
908	198
921	199
831	168
822	169
908	169
921	168

692	204
705	206
607	207
599	205
692	162
705	161
607	161
599	162

186	222
214	219
347	218
329	222
186	161
214	162
347	162
329	161

34	226
1	230
-135	231
-92	227
34	188
1	189
-135	190
-92	188

