1.00000000	14.91488281	-0.78756684	-1.66298292	1.52789497	1.59858387	3.23289037	-0.22798344
1.00000000	10.81141296	9.79138926	-1.86049757	1.51954365	1.72370688	4.09614224	-3.10511756
1.00000000	13.66304975	3.27139905	-1.75009720	1.70524704	1.74488864	4.01387183	0.05280295
1.00000000	24.77185852	9.35251336	-1.87245307	1.51307988	1.69479533	4.08423825	3.05696607
1.00000000	17.99823485	-20.17540461	-0.86870454	1.57170260	1.69384715	4.23557382	3.09703422

629	249
700	250
681	270
594	267
629	181
700	182
681	184
594	184

-134	342
-287	343
-3	288
98	287
-134	213
-287	214
-3	200
98	200

413	259
496	259
469	289
357	290
413	179
496	179
469	182
357	182

332	242
279	241
339	231
384	231
332	193
279	193
339	190
384	190

1583	208
1500	208
1317	200
1381	200
1583	135
1500	135
1317	143
1381	143

