1.00000000	15.93871242	-3.19119002	-1.54561339	1.40963244	1.60756739	3.63910637	-0.00738373
1.00000000	7.04874679	-3.21343823	-1.58917377	1.59242380	1.63635517	3.73890525	-0.01221936
1.00000000	38.00597944	-0.88468351	-1.35595844	1.54813302	1.62143974	3.68017178	-0.01967158
1.00000000	13.54898152	6.98124986	-1.75983594	1.54505229	1.72178730	4.34324396	1.52460968
1.00000000	21.93397221	-3.32099764	-1.52366112	1.58356392	1.56540949	3.70222801	-0.00407697
1.00000000	30.01846012	6.41670478	-1.61431787	1.42677081	1.49714021	3.60751905	1.58443511
1.00000000	26.05823467	6.50159183	-1.67043529	1.42544627	1.55588671	3.72074246	1.53557897
1.00000000	23.64582514	6.80375350	-1.73141346	1.47297907	1.59553101	3.58048144	1.54279447
1.00000000	18.72179383	6.95253171	-1.76050828	1.43524587	1.59457436	3.84023597	1.59786689
1.00000000	16.37873273	6.89055041	-1.71895085	1.40422380	1.61671623	3.79492295	1.64421713
1.00000000	35.01772630	6.84008096	-1.62236963	1.36574650	1.54107009	3.74572308	1.43320334
1.00000000	35.62143225	-4.03417663	-1.26235579	2.49896455	2.10337404	5.34720170	-0.04060388
1.00000000	6.34429518	7.26766084	-1.82163195	1.34161353	1.54137909	3.87446065	1.49237573
1.00000000	44.92429934	6.29740263	-1.48408125	1.44434452	1.53613906	4.18119211	2.18886328

711	239
778	239
821	256
737	256
711	180
778	180
821	182
737	182

817	302
955	302
1213	402
969	401
817	169
955	169
1213	167
969	167

613	203
642	203
644	206
611	206
613	175
642	175
644	175
611	175

83	282
151	269
368	270
329	284
83	193
151	190
368	191
329	193

690	223
738	223
761	232
704	232
690	174
738	174
761	174
704	174

407	220
416	218
502	218
497	220
407	185
416	184
502	184
497	185

370	228
385	225
486	225
476	228
370	187
385	186
486	186
476	187

337	235
356	231
462	231
450	236
337	188
356	187
462	187
450	188

249	253
277	246
423	245
408	252
249	194
277	192
423	192
408	194

197	262
232	254
398	252
382	261
197	195
232	193
398	193
382	195

425	214
437	212
511	213
502	215
425	185
437	185
511	185
502	186

669	201
709	201
721	206
674	206
669	154
709	154
721	151
674	151

-608	423
-327	368
47	377
-137	438
-608	245
-327	229
47	232
-137	249

483	205
472	204
532	203
544	203
483	181
472	181
532	180
544	180

