1.00000000	13.27530208	-3.14676887	-1.63265763	1.49274015	1.61549810	3.64748302	0.01977127
1.00000000	35.04952381	-0.88993374	-1.56314538	1.57149529	1.63186459	3.61562120	-0.01227041
1.00000000	7.18595668	-3.38259998	-1.64714871	1.44217992	1.64359039	3.80116544	0.01393435
1.00000000	25.06529406	-3.59069674	-1.51319693	1.49419689	1.60955426	3.66614524	0.02919350
1.00000000	30.43951486	-3.53153128	-1.47325264	1.42306662	1.58298737	3.51935813	-0.06691348
1.00000000	32.91954994	5.60729629	-1.72977577	1.54224706	1.68931767	3.73850433	2.91518664
2.00000000	14.42448089	17.33464693	-2.15249739	1.83472681	0.61051046	1.92120750	-2.86863756

725	253
803	253
872	280
768	280
725	181
803	181
872	183
768	183

613	209
645	209
648	213
612	213
613	178
645	178
648	178
612	178

823	305
957	304
1229	404
994	405
823	186
957	186
1229	197
994	197

685	217
729	217
751	225
701	225
685	177
729	177
751	178
701	178

675	210
711	210
718	215
678	215
675	178
711	178
718	179
678	179

488	221
452	220
486	215
519	216
488	184
452	184
486	183
519	183

-296	303
-340	305
-248	288
-210	287
-296	204
-340	204
-248	200
-210	200

