1.00000000	23.12451915	-3.44934213	-1.46647034	1.50478649	1.60021562	3.57672572	-0.06309080
1.00000000	3.53550284	-3.01693113	-1.64945314	1.56557977	1.66945442	3.57391803	-0.00644498
1.00000000	36.99910264	-1.07268032	-1.53780435	1.62695169	1.68083420	3.86610094	-0.04053877
1.00000000	22.72014367	7.05338528	-1.81927715	1.45194721	1.62393639	4.05653935	1.51550198
1.00000000	8.89373265	-2.88679223	-1.58863090	1.45435238	1.60552326	3.51963012	-0.04068545
1.00000000	29.91158084	6.32710206	-1.75845657	1.61596084	1.65856841	3.86879758	1.46286798

692	219
739	219
754	227
698	227
692	175
739	175
754	175
698	175

934	398
1174	399
2549	955
1714	949
934	174
1174	174
2549	179
1714	179

616	207
648	207
649	211
614	210
616	176
648	176
649	177
614	177

309	241
332	236
456	236
442	241
309	192
332	191
456	191
442	193

764	282
877	282
1000	339
828	338
764	181
877	181
1000	185
828	185

404	224
419	221
508	222
498	224
404	183
419	183
508	183
498	184

