1.00000000	9.36246985	3.71545741	-1.80399917	1.64530683	1.74394862	4.25820162	0.10716301
1.00000000	14.57963743	-2.17398342	-1.69764088	1.50367463	1.56769141	3.38111928	-0.49304232
1.00000000	33.28266897	-1.76108511	-1.78521905	1.52689064	1.71217746	4.01495350	-0.08427106
1.00000000	44.30476741	6.86393788	-2.03211294	1.55244541	1.79740598	4.36898156	2.92137194
1.00000000	12.28168764	9.96282477	-1.84137593	1.50239611	1.70469598	4.03332522	3.13618827

301	294
417	292
349	363
160	368
301	187
417	186
349	195
160	195

715	251
784	254
733	274
651	268
715	183
784	184
733	187
651	186

633	214
668	214
668	220
628	220
633	183
668	183
668	184
628	184

499	215
470	215
497	211
524	211
499	189
470	188
497	187
524	187

-44	317
-167	317
57	275
144	275
-44	208
-167	208
57	198
144	198

