1.00000000	13.37915973	4.34582610	-1.63755832	1.49145210	1.67321500	3.54791942	0.11983274
1.00000000	46.26465848	5.79075311	-1.24219058	1.46420598	1.61008004	3.74402969	1.41531432
1.00000000	40.24559322	23.28069587	-1.64383493	1.50002480	1.66087762	4.00950909	-1.38565731
1.00000000	46.61758824	6.70665691	-1.22889755	1.44785070	1.53912180	3.52151927	0.84803724

349	258
433	257
405	283
295	285
349	185
433	185
405	189
295	189

487	200
495	199
551	199
545	200
487	176
495	176
551	176
545	176

234	212
224	213
144	214
157	212
234	185
224	186
144	186
157	185

479	199
497	198
533	199
515	200
479	176
497	176
533	177
515	177

