1.00000000	21.51123850	-0.53635647	-1.47258971	1.53911078	1.66618228	3.82582169	-0.09469461
1.00000000	9.49660351	-0.12316955	-1.63882206	1.49107718	1.63468954	3.35211628	-0.02090712
1.00000000	28.40240378	-20.62965631	-0.77975677	1.90754318	1.84314471	4.60954026	0.23105052
1.00000000	16.34067862	2.65451983	-1.57549606	1.59172559	1.64729545	4.10756312	-0.01349672

608	223
660	223
656	233
594	232
608	175
660	175
656	175
594	175

571	282
679	283
703	332
547	331
571	184
679	184
703	189
547	189

1070	191
1106	191
1221	194
1181	194
1070	145
1106	146
1221	141
1181	141

475	240
540	240
517	260
433	260
475	177
540	177
517	178
433	178

