0.00000000	17.04190907	10.69627059	-1.50778924	1.66028571	0.58524240	0.87779941	1.13966393
1.00000000	28.56921397	10.41484632	-1.34721385	1.45925248	1.74373702	4.38453398	-1.51416230
1.00000000	43.54462875	4.07238759	-1.07997308	1.50698471	1.60433430	4.04219972	-0.34188440
1.00000000	30.56750799	-5.79912913	-1.08084498	1.52545893	1.72353277	4.04504161	-1.42042542

127	247
152	245
176	246
151	249
127	175
152	175
176	175
151	175

407	214
397	216
279	217
297	214
407	178
397	178
279	178
297	178

544	196
568	196
540	199
515	198
544	172
568	172
540	172
515	172

787	201
803	203
708	204
697	202
787	166
803	166
708	166
697	166

