1.00000000	34.40424769	-8.61764456	-1.19733963	1.47796941	1.67813238	3.96838063	1.72609675
1.00000000	41.42159663	19.50538033	-1.51965139	1.34089422	1.61069051	3.55525174	2.35889912
1.00000000	30.61132933	1.28452903	-1.14950059	1.50634313	1.68508652	4.45295102	2.09259248
2.00000000	6.61262650	-2.83420462	-1.60982178	1.75186038	0.59262432	1.77928601	0.25674909

759	203
747	201
824	201
841	202
759	170
747	171
824	171
841	170

240	211
230	210
294	207
306	208
240	186
230	186
294	185
306	185

540	208
523	206
616	204
636	205
540	170
523	170
616	170
636	170

852	332
904	329
1055	377
990	383
852	154
904	155
1055	149
990	148

