1.00000000	28.43017076	9.67970396	-1.36836944	1.81670296	1.74453541	3.96579975	-1.39894962
1.00000000	31.01926352	-6.81078309	-1.16577552	1.62356615	1.73289337	3.77611047	-1.42628586
1.00000000	35.65380950	-12.94012321	-1.18523870	1.41117442	1.59871468	3.91024539	1.62362885
1.00000000	26.68105929	23.79233712	-1.60703180	1.88825667	1.81373671	4.85910491	-1.53254366

417	214
413	217
304	218
314	215
417	169
413	169
304	169
314	169

804	203
822	204
734	205
722	203
804	166
822	166
734	166
722	166

842	201
830	199
906	199
921	200
842	171
830	171
906	171
921	171

48	227
10	230
-132	231
-84	227
48	177
10	177
-132	177
-84	177

