1.00000000	3.47791879	3.81230806	-1.76975129	1.68042374	1.85571815	4.36050515	0.16841632
1.00000000	33.06485979	8.64917605	-1.88639424	1.44388556	1.66155931	4.08782488	3.00296283
1.00000000	33.65726471	-2.09323732	-1.79684500	1.39501059	1.61797922	3.63709174	-0.19304958
1.00000000	12.52943591	-5.35508708	-1.61225698	1.42943859	1.58902407	3.56792149	-0.82662278
1.00000000	42.83815685	6.29482520	-1.96821670	1.47857618	1.81423598	4.46609259	2.89904666
1.00000000	12.27876638	9.91742987	-1.71578572	1.43776667	1.58315128	3.92794170	3.07980347
1.00000000	39.28163930	-6.52197160	-1.87805686	1.40131187	1.55379537	3.49710709	-0.29819807

-88	419
191	405
-871	1240
-2882	1615
-88	185
191	184
-871	227
-2882	246

420	225
383	225
421	219
454	219
420	191
383	191
421	189
454	189

644	214
678	215
669	219
633	219
644	186
678	186
669	187
633	187

928	255
1017	263
931	284
831	272
928	182
1017	183
931	185
831	184

504	216
474	215
504	211
531	211
504	189
474	189
504	187
531	187

-53	308
-159	306
68	269
146	270
-53	204
-159	204
68	195
146	195

722	210
749	211
742	214
712	214
722	185
749	186
742	187
712	187

