0.00000000	16.80698897	10.97959217	-1.51276670	1.62696242	0.61160153	0.85945286	1.97191334
1.00000000	28.90452335	7.82574854	-1.23901556	1.49173832	1.68403465	4.51164999	-1.52923715
1.00000000	45.00683232	3.56734928	-1.06121490	1.55066681	1.64791377	4.04063997	-0.29778320
1.00000000	30.90353514	-8.61180080	-1.11177133	1.51045132	1.61593462	3.86597796	-1.44988275

107	250
114	247
157	246
152	248
107	177
114	177
157	177
152	177

474	210
468	212
349	213
362	210
474	174
468	174
349	174
362	174

552	195
576	196
553	198
527	197
552	171
576	171
553	171
527	171

849	201
866	203
777	203
763	202
849	167
866	167
777	166
763	167

