1.00000000	24.93235437	-5.33198181	-1.45315335	1.42144859	1.61693786	3.57025830	-0.13468705
1.00000000	19.70101281	-5.20820241	-1.48590050	1.52322745	1.60173664	3.86675973	-0.11111639
1.00000000	34.02368144	-3.56715855	-1.33750413	1.50446510	1.60432270	3.40416651	-0.10908490
1.00000000	20.13521947	7.71299161	-1.41999457	1.40053463	1.59767584	4.21446342	3.01111007
1.00000000	30.98807586	-5.97737839	-1.43253050	1.40291572	1.62571606	3.44519082	-0.29975078

741	215
786	216
798	222
746	222
741	177
786	177
798	177
746	177

767	225
823	225
852	237
785	236
767	174
823	174
852	174
785	174

671	204
704	205
705	208
669	208
671	174
704	174
705	174
669	174

318	239
258	238
342	226
392	226
318	182
258	182
342	180
392	180

737	208
774	209
767	213
727	212
737	177
774	177
767	178
727	178

