1.00000000	3.16545524	-2.72153804	-1.60549746	2.36734009	2.02686457	5.25814671	-0.00019204
1.00000000	9.62766911	8.11586631	-1.68341074	1.44101799	1.56312679	3.36577861	1.63027561
1.00000000	12.06953400	7.85781208	-1.64245127	1.55220234	1.71607733	4.42375258	-1.57253039
1.00000000	22.64783508	8.15214107	-1.58161173	1.46837699	1.62962142	4.07484017	1.65154791
1.00000000	19.76687406	8.18442545	-1.63090489	1.47162962	1.65429037	4.12563399	-1.62449729
1.00000000	14.55034331	8.18047273	-1.60404191	1.42747712	1.56614247	3.80565963	1.74020028
1.00000000	33.58835672	3.87014088	-1.50517748	1.44694591	1.64630931	3.97364466	-3.11713624
1.00000000	38.71862512	1.28045835	-1.37010549	1.63657737	1.74828297	3.96719010	0.05498672
1.00000000	17.35547216	8.50291252	-1.64325951	1.45855308	1.58646766	3.45130500	-1.56968832
1.00000000	34.23277453	8.49604607	-1.50832901	1.62738979	1.61263974	3.76597078	1.59208465
1.00000000	33.96219956	-10.77558492	-0.90736459	1.85568869	1.66278293	4.26645467	-1.28916097

843	373
1108	373
11624	4609
5755	4602
843	63
1108	63
11624	-2236
5755	-2232

-215	325
-93	302
157	299
83	322
-215	202
-93	198
157	197
83	202

291	274
241	290
-50	290
39	274
291	185
241	187
-50	187
39	185

270	234
290	230
420	229
410	233
270	185
290	184
420	183
410	184

395	238
372	244
217	243
251	238
395	186
372	187
217	187
251	186

70	269
113	259
310	255
291	265
70	191
113	189
310	188
291	190

542	214
504	214
514	210
547	210
542	181
504	181
514	180
547	180

570	203
601	203
605	206
570	206
570	174
601	174
605	174
570	174

338	247
312	254
159	254
199	247
338	188
312	189
159	189
199	188

385	213
395	211
473	211
467	213
385	178
395	178
473	178
467	178

870	194
892	195
811	196
792	195
870	156
892	155
811	155
792	156

