1.00000000	24.53108336	-3.40233853	-1.42340205	1.42266822	1.51271428	3.54729169	-0.03340379
1.00000000	37.36237225	-1.09565885	-1.39215181	1.57387292	1.66135211	3.74174275	-0.04815496
1.00000000	22.19766567	6.45860371	-1.70294819	1.49273491	1.61960141	3.70182426	1.50794518
1.00000000	14.99565526	7.19167810	-1.82376013	1.35819864	1.56269607	3.95686187	1.51591110
1.00000000	1.12768929	-2.81536454	-1.63157080	1.46774244	1.62498371	3.70896929	-0.02087978
1.00000000	30.53587863	-3.63355436	-1.35081265	1.46106553	1.54153971	3.72430055	-0.00037493
1.00000000	27.52384638	6.64880150	-1.67200218	1.45988894	1.63015237	3.84050168	1.50891781
1.00000000	15.62043491	-3.28219815	-1.46783016	1.57808900	1.63270815	3.57597533	-0.03331880
1.00000000	38.76795016	6.02061121	-1.63901279	1.46820724	1.54312896	3.67865939	1.22943938
1.00000000	44.44017912	-4.66238825	-0.94051931	2.58648419	2.10125509	5.60272932	-0.09274063

686	216
728	216
743	223
695	223
686	176
728	176
743	177
695	177

617	204
648	204
648	207
614	207
617	175
648	175
648	175
614	175

328	238
351	233
466	234
452	239
328	187
351	186
466	186
452	187

140	274
191	264
370	265
339	276
140	204
191	201
370	202
339	205

675	207
710	207
723	212
684	212
675	174
710	174
723	175
684	175

377	225
393	222
490	223
480	226
377	186
393	185
490	185
480	186

719	236
788	237
829	254
741	253
719	170
788	170
829	169
741	169

460	211
475	209
535	210
522	212
460	183
475	183
535	183
522	183

670	192
702	192
706	195
669	195
670	152
702	152
706	150
669	150

