1.00000000	40.97498091	0.93935916	-1.12305067	1.47454202	1.63235664	3.78808944	-1.39201736
1.00000000	35.58717778	-12.69284926	-1.17979155	1.41368198	1.53660366	3.70616568	1.60154629
1.00000000	31.28550178	-3.83154969	-1.15355120	1.41169226	1.51176280	3.27980550	0.07653645
2.00000000	29.88177350	-3.88689292	-1.17908786	1.67588699	0.59123706	1.75995764	-1.18479013

624	198
630	199
562	199
559	198
624	173
630	173
562	173
559	173

838	200
827	199
901	199
915	200
838	171
827	171
901	171
915	171

676	203
709	202
726	206
690	206
676	171
709	171
726	171
690	171

721	205
728	206
690	207
683	206
721	165
728	165
690	165
683	165

