0.00000000	11.11733662	-7.64847429	-1.39364479	1.74141359	0.61978459	0.88534112	-1.03697836
0.00000000	11.22881488	-8.95436939	-1.33388982	1.75632977	0.59599476	0.81569349	3.04437304
2.00000000	19.34968045	-5.99520081	-1.45030210	1.71636939	0.51568229	1.74459062	-0.01781229
2.00000000	28.25849182	-9.12047185	-1.31079076	1.59452736	0.53064847	1.73711338	3.10541224

1115	259
1161	263
1132	267
1086	262
1115	148
1161	146
1132	145
1086	147

1247	260
1203	260
1165	254
1206	254
1247	140
1203	140
1165	142
1206	142

820	227
839	227
860	232
839	232
820	165
839	165
860	164
839	164

860	211
846	211
833	208
847	208
860	168
846	168
833	168
847	168

