1.00000000	24.46336997	3.20549513	-1.52539931	1.56363070	1.64345785	4.20157470	3.13033199
1.00000000	10.13399802	5.56302824	-1.73645715	1.62474167	1.68932770	3.88297627	-3.12460804
1.00000000	15.93381355	5.52797568	-1.61702607	2.49767494	2.01600963	5.26037781	-0.00617882
1.00000000	30.15670023	5.51905130	-1.42796562	1.53134334	1.55547042	3.42995650	0.04293380

533	229
479	229
501	220
546	220
533	178
479	178
501	177
546	177

189	339
33	339
219	284
323	284
189	191
33	191
219	185
323	185

355	242
434	242
362	270
250	270
355	143
434	143
362	132
250	132

465	212
501	212
492	217
451	217
465	177
501	177
492	177
451	177

