1.00000000	24.10992070	-3.68330855	-1.49350915	1.62894142	1.60749743	3.88104382	-0.04655531
1.00000000	18.30353486	-3.65042435	-1.61201535	1.48225737	1.57705969	3.51903062	-0.02542243
1.00000000	19.18164680	4.94633976	-1.73693089	1.51780033	1.54340299	3.67900290	3.09262824
1.00000000	13.50441481	-3.38890678	-1.60630224	1.47557878	1.51783448	3.23285680	-0.06917042
1.00000000	47.09306516	3.56926918	-1.35958896	2.33284998	1.93510808	5.10098589	0.04405320

694	218
740	218
757	226
703	226
694	172
740	172
757	172
703	172

718	234
776	234
808	247
737	247
718	180
776	180
808	182
737	182

432	254
367	253
416	239
469	239
432	189
367	189
416	186
469	186

746	252
821	252
866	275
770	274
746	180
821	180
866	182
770	182

542	199
571	199
570	202
538	202
542	165
571	165
570	164
538	164

