1.00000000	20.53849948	3.33573693	-1.49803899	1.46264100	1.65049010	4.21971114	3.13899636
1.00000000	7.09166527	5.57253737	-1.81749437	1.59429383	1.68823082	3.85663290	-3.13923168
1.00000000	12.96074516	5.56763348	-1.60198305	2.51119494	2.03877970	5.51651403	0.01233776
1.00000000	27.06348269	5.75128605	-1.39277695	1.70619833	1.49425143	3.45623274	0.08056363

512	239
446	239
478	226
531	226
512	181
446	181
478	179
531	179

-77	450
-328	450
85	327
225	327
-77	214
-328	214
85	196
225	196

303	253
399	253
287	297
137	298
303	135
399	135
287	115
137	115

443	214
481	214
471	220
428	220
443	171
481	171
471	171
428	171

