0.00000000	27.75064770	-6.41281103	-1.33982943	1.89293742	0.71541683	0.96556897	-2.22978520
0.00000000	27.76620764	-7.38725035	-1.34118460	1.80121946	0.65587881	0.94021206	-2.14181781
2.00000000	14.53899459	-8.77197542	-1.32475791	1.70483112	0.66928456	1.52581271	-2.83686113
2.00000000	22.82649341	-9.36191584	-1.17484138	1.75431275	0.47094998	1.67936589	-0.03664741

795	211
788	212
764	211
772	211
795	162
788	161
764	162
772	162

820	211
815	212
790	211
796	210
820	164
815	164
790	164
796	164

1106	242
1080	243
1011	236
1037	235
1106	151
1080	151
1011	153
1037	153

894	211
909	211
930	214
914	214
894	156
909	156
930	155
914	155

