1.00000000	29.09819703	4.41010877	-1.58678625	1.43230116	1.58413335	3.70085961	3.11421728
1.00000000	28.20261905	-4.10591176	-1.42876814	1.47169852	1.55034222	3.66974536	-0.10105207
1.00000000	23.32502666	-3.82588537	-1.42893515	1.51604879	1.63537860	3.39635297	-0.05693816
1.00000000	33.98445531	-4.33763203	-1.28818820	1.68054485	1.58906344	4.09039039	-0.08162590

513	222
471	222
490	216
527	216
513	184
471	184
490	182
527	182

696	211
734	211
741	217
698	217
696	176
734	176
741	176
698	176

702	218
750	218
766	225
710	225
702	174
750	174
766	174
710	174

685	203
718	203
724	207
688	207
685	169
718	169
724	169
688	169

