1.00000000	14.34851571	-3.43295399	-1.56524895	1.47257745	1.56300256	3.32035548	-0.07495366
1.00000000	24.83266529	-3.77902985	-1.51064132	1.55560303	1.57117530	3.77746350	-0.03973651
1.00000000	19.11588970	-3.66777872	-1.57580326	1.48652136	1.56309118	3.44658714	-0.03496230
1.00000000	42.00473836	3.83375569	-1.62945614	1.49486446	1.60703079	3.74571336	3.10301375
1.00000000	20.08326932	4.85628530	-1.77181373	1.51102614	1.56980580	3.75249982	3.10371614
1.00000000	48.05721484	3.37919436	-1.36951755	2.36876583	1.96379298	5.11160273	0.11545777

740	246
812	246
852	266
760	265
740	178
812	178
852	180
760	180

695	217
738	218
755	225
704	225
695	175
738	175
755	176
704	176

715	231
770	231
798	243
731	242
715	178
770	178
798	180
731	180

554	209
525	209
535	206
561	206
554	182
525	182
535	181
561	181

445	251
383	251
427	237
478	238
445	190
383	190
427	187
478	187

543	199
572	199
577	202
545	202
543	165
572	165
577	164
545	164

