1.00000000	7.05483211	-4.40113168	-1.70230792	1.53971553	1.65965651	3.65787180	-0.21596536
1.00000000	16.33277943	-6.41259394	-1.55451916	1.49558389	1.63600366	4.23818450	-0.14309254
1.00000000	21.90320868	-7.49224487	-1.47544001	1.78486204	1.70215180	4.21932402	-0.21752591
1.00000000	11.75345747	-5.47171141	-1.59671567	1.47196007	1.53405149	3.38382313	-0.21862589
1.00000000	28.26618395	-8.90887160	-1.45436380	1.59250677	1.60102468	3.83938425	-0.25334162

944	309
1098	315
1345	421
1067	404
944	182
1098	182
1345	190
1067	188

845	235
913	236
974	255
885	254
845	176
913	176
974	177
885	177

827	219
881	220
905	230
839	229
827	165
881	165
905	164
839	164

890	259
980	261
1053	291
929	287
890	179
980	179
1053	181
929	181

818	210
858	211
867	216
821	216
818	172
858	172
867	172
821	172

