1.00000000	17.14917484	-8.45151826	-1.48223994	1.57029641	1.60355380	4.10231132	-0.25493547
1.00000000	22.47505690	-10.16695625	-1.30355523	1.80586052	1.70970481	4.10978167	-0.30980879
1.00000000	12.74948371	-6.94807078	-1.55399499	1.47912848	1.47750409	3.33951084	-0.36036307
1.00000000	8.20608014	-5.35571450	-1.63737951	1.50783813	1.60952775	3.61620533	-0.28206471

922	229
989	230
1041	246
955	244
922	170
989	169
1041	169
955	169

906	212
962	213
986	221
919	220
906	159
962	159
986	156
919	156

959	250
1044	253
1092	277
980	272
959	175
1044	175
1092	176
980	176

986	289
1122	294
1300	365
1077	352
986	178
1122	179
1300	182
1077	182

