1.00000000	12.09630464	-3.44656643	-1.54347966	1.54841900	1.68585369	4.13558107	-0.00386878
1.00000000	1.68321117	-3.44033241	-1.64071391	1.56286931	1.60428097	3.75980358	-0.06453735
1.00000000	12.34752755	-8.30429604	-1.33288596	2.10771298	1.86975065	4.52844877	-0.01864616
1.00000000	26.22606378	13.71930775	-1.27955757	1.41893053	1.61009211	3.87481137	1.46821404
1.00000000	29.85956292	0.11170538	-1.40883611	1.46661758	1.59455553	3.48383659	0.01624821

749	253
837	253
932	288
807	288
749	173
837	173
932	173
807	173

986	238
1081	238
1293	268
1153	268
986	132
1081	132
1293	113
1153	113

163	219
194	216
293	216
268	219
163	178
194	178
293	178
268	178

589	210
626	210
630	215
588	215
589	176
626	176
630	177
588	177

