1.00000000	5.73390722	5.67103185	-1.79578112	2.47185802	2.05579165	5.38107094	0.09292859
1.00000000	12.47970807	3.55276810	-1.73906765	1.49982440	1.69770639	4.52295699	-3.13619113
1.00000000	19.88825296	5.89355168	-1.70801721	1.57365417	1.58412049	3.75014167	-3.04979801
2.00000000	18.70040643	3.99356892	-1.66521190	1.79563785	0.79026010	1.82745033	-3.02150846

-7	338
186	334
-479	636
-1109	669
-7	116
186	117
-479	13
-1109	2

419	305
296	305
393	264
477	264
419	196
296	196
393	189
477	189

412	249
346	250
381	237
435	236
412	186
346	186
381	183
435	183

469	247
436	248
444	241
474	240
469	174
436	174
444	174
474	174

