1.00000000	25.52176275	3.21269537	-1.49155281	1.56869745	1.69143347	4.38058596	3.12649941
1.00000000	16.69537770	5.50685933	-1.59132205	2.44170523	1.95283576	5.19439955	-0.02783846
1.00000000	10.86778641	5.55819210	-1.71778820	1.59948564	1.64387540	3.87485341	-3.13790917
1.00000000	30.99876956	5.49566620	-1.32638262	1.41893792	1.51486569	3.64337626	0.08901946

536	226
484	226
505	217
550	218
536	177
484	177
505	176
550	176

369	239
443	239
372	264
271	264
369	146
443	146
372	136
271	136

221	324
83	324
245	277
340	277
221	190
83	190
245	185
340	185

468	209
502	208
497	213
459	213
468	177
502	177
497	178
459	178

