1.00000000	20.87447392	-3.20837372	-1.40908776	1.69706738	1.71767850	4.05423422	-0.00889947
1.00000000	3.91696064	-3.20785422	-1.64721666	1.79366040	1.73037115	4.27492010	-0.01500013
1.00000000	10.31416529	-3.30770141	-1.54766319	1.50254071	1.62136194	3.98187041	-0.03364082
1.00000000	34.75642957	14.22738025	-1.34428571	1.48386025	1.52182297	3.13703888	1.89839733

687	221
742	221
770	231
703	231
687	167
742	167
770	165
703	165

915	369
1133	370
2616	942
1753	929
915	146
1133	145
2616	67
1753	69

767	265
865	265
981	312
833	311
767	175
865	175
981	176
833	176

275	211
279	209
348	208
348	210
275	179
279	179
348	178
348	179

