0.00000000	19.87316232	-9.28866738	-1.17240975	1.75736523	0.56646443	0.88409625	3.06214881
0.00000000	19.82506074	-7.97764628	-1.25071071	1.81154227	0.59825331	0.85233183	-3.08115435
2.00000000	17.07677214	4.23611591	-1.53857730	1.78460503	0.63913292	1.78124685	-3.12428761
2.00000000	22.25689386	-5.81379313	-1.30881868	1.84352756	0.59574348	1.57319684	0.04554147

972	218
949	218
937	216
958	216
972	152
949	152
937	153
958	152

925	221
903	221
889	219
910	219
925	153
903	153
889	154
910	154

436	249
406	249
426	241
452	241
436	168
406	168
426	168
452	168

785	217
804	217
821	220
801	220
785	158
804	158
821	157
801	157

