1.00000000	8.99795168	-3.01111623	-1.62101529	1.54262435	1.63243727	3.82389897	-0.00183052	9.488411636632563	1.893726585489896
1.00000000	18.61303355	-2.83923400	-1.58938573	1.46968985	1.57530418	4.04990253	-0.01616845	18.82833682618254	1.7221695493836482
1.00000000	34.78582282	-2.77778726	-1.52701209	1.53910255	1.60071175	3.78227579	-0.01647018	34.896555293126724	1.6504812439822218
1.00000000	24.11654372	-2.76725167	-1.57330344	1.49635088	1.58067879	3.98926296	-0.00378921	24.274788625316376	1.6850416280195506
1.00000000	25.31080748	5.03794770	-1.40595887	1.47410488	1.58329716	4.07341876	1.35736418	25.807322455410972	1.374320799770328
1.00000000	4.99379164	5.41593401	-1.61807559	1.44476783	1.46997681	3.75258891	1.92204988	7.366837594545476	0.7448676820981004
1.00000000	32.44766436	4.87922116	-1.36707423	1.79555571	1.71699994	4.41189879	2.40974045	32.812462899749015	1.4215425554938614
1.00000000	20.02646798	5.21247763	-1.55118917	1.45976079	1.56908161	3.84041291	1.69608915	20.693702974509314	1.3161665513580918
1.00000000	10.81809872	5.65553966	-1.48146103	1.94811940	1.71390882	4.39666384	2.10236216	12.207226907102962	1.0890873173316402
1.00000000	48.28839051	-2.67496360	-1.42285870	1.42883193	1.49365507	3.75686162	-3.07457137	48.36242434274343	1.626135351443856
1.00000000	33.97683093	4.17838850	-1.41903661	1.70058131	1.63753033	4.32573526	-2.82096791	34.23279086640084	1.448433129617817
