1.00000000	13.31119161	5.72576272	-1.67818997	1.42673397	1.56137379	3.56878199	3.07465887
1.00000000	18.48677334	-0.23072895	-1.60444735	1.56645656	1.65971408	3.55795936	-0.00809000
1.00000000	39.65820513	3.04667824	-1.54479168	2.18129897	1.89310595	5.28377796	2.98808765
1.00000000	28.24831009	4.90269159	-1.56750176	1.53625619	1.60383770	3.89186709	3.05038166
2.00000000	19.76803478	6.47845017	-1.64118991	1.71416593	0.58932818	1.71129766	-2.51495218

287	289
191	287
303	260
377	260
287	197
191	196
303	191
377	191

591	234
651	234
658	248
586	248
591	178
651	178
658	179
586	179

561	210
525	210
549	205
581	205
561	167
525	167
549	168
581	168

492	223
449	223
478	217
516	217
492	181
449	181
478	180
516	180

394	242
371	244
352	239
373	238
394	177
371	177
352	177
373	177

