1.00000000	14.42851769	-5.33429698	-1.63944183	1.50889206	1.58016760	3.82755618	-0.50367033
1.00000000	25.36231342	-4.76682312	-1.55409966	1.84023261	1.80172136	4.76278631	2.48488092
1.00000000	17.14517317	0.84303304	-1.65452967	1.48155260	1.48650471	3.74944587	2.65974712
1.00000000	32.81843788	-10.05888487	-1.59007702	1.47264981	1.62133590	4.07920605	2.42959785
1.00000000	49.17259718	-21.52403436	-1.58821331	1.99908566	1.82297653	4.81144911	2.55794263

860	246
938	250
918	271
822	265
860	179
938	179
918	181
822	181

740	226
690	224
756	217
801	219
740	168
690	168
756	168
801	168

562	258
503	254
588	240
639	243
562	186
503	186
588	183
639	184

832	214
797	212
835	209
869	210
832	179
797	179
835	178
869	178

936	200
906	200
920	198
948	198
936	169
906	169
920	170
948	169

