1.00000000	30.47451220	3.35219032	-1.53902994	2.25861406	1.87131825	5.21707221	3.02108693
1.00000000	16.69357701	5.51576614	-1.62071071	1.64090931	1.66408702	4.02605753	3.06120706
1.00000000	19.97184628	-0.36785477	-1.59823964	1.60225010	1.66558890	3.53847115	-0.01573021
1.00000000	39.76113922	2.92150849	-1.55443428	1.41185331	1.70041558	4.60472766	3.02346921
2.00000000	8.76986165	6.65363011	-1.68488417	1.69379449	0.67726687	1.85957143	3.03514409

539	220
492	220
524	212
564	212
539	161
492	161
524	163
564	163

369	262
288	261
371	242
434	242
369	179
288	179
371	178
434	178

597	230
653	230
659	242
592	242
597	177
653	177
659	177
592	177

565	210
533	210
550	206
579	206
565	182
533	182
550	181
579	181

1	342
-56	341
88	308
136	309
1	180
-56	180
88	178
136	178

