1.00000000	38.98621107	-8.42327193	-1.37002800	1.93422747	1.72424724	4.76257487	2.44413972
1.00000000	19.58067919	5.46918417	-1.53870080	1.43889058	1.67256907	4.59905675	2.62487316
1.00000000	12.81644169	-0.27995110	-1.53444121	1.55395222	1.69504567	3.82894999	-0.21987967
1.00000000	44.96972937	-13.29167266	-1.34480510	1.59970760	1.53540059	4.35546605	2.49335098
1.00000000	32.81959734	-3.20981427	-1.52405117	1.51118648	1.58224592	3.92763740	2.52524996

761	204
731	203
774	201
802	201
761	166
731	166
774	167
802	167

361	246
313	243
443	230
487	232
361	185
313	184
443	182
487	182

606	251
690	253
662	282
550	278
606	174
690	174
662	175
550	175

824	200
799	199
826	197
849	197
824	172
799	172
826	172
849	172

675	214
644	213
688	209
718	210
675	178
644	178
688	177
718	178

