1.00000000	13.27951833	-2.70418368	-1.70962868	1.49678481	1.61293086	4.02469635	-0.42932260
1.00000000	15.55935835	5.03040866	-1.75951813	1.51679111	1.76218638	4.58184355	2.30640960
1.00000000	34.58236644	-10.98597050	-1.72829149	1.86432946	1.76649752	4.66178185	2.34052324
1.00000000	40.31780895	-16.52029502	-1.78757749	1.61087191	1.67788283	4.16973861	2.55465269
1.00000000	48.20571699	-23.23217596	-1.74258969	1.54194748	1.72115235	4.10132440	2.39851761
1.00000000	10.61598125	14.54353082	-1.66615115	2.06677270	1.84847697	4.97153621	2.13906384
1.00000000	46.30933561	-16.92534371	-1.81181763	1.63473690	1.61960784	4.27115434	2.69110131

746	255
826	259
788	289
685	282
746	184
826	185
788	189
685	188

275	277
246	268
450	251
490	257
275	193
246	192
450	188
490	189

835	215
799	213
848	210
882	211
835	173
799	173
848	173
882	173

917	210
884	209
901	206
932	207
917	179
884	179
901	178
932	178

964	203
936	202
956	200
983	201
964	178
936	178
956	178
983	178

-801	335
-650	309
-136	280
-177	295
-801	154
-650	157
-136	160
-177	158

886	206
858	205
866	203
892	203
886	179
858	179
866	178
892	179

