1.00000000	13.41110154	-3.64549035	-1.72900472	1.49505496	1.66272098	4.02482215	-0.50159621
1.00000000	38.31158939	-16.82909037	-1.80506222	1.53311849	1.56254533	4.08571613	2.30891609
1.00000000	32.81111717	-11.11729396	-1.62163017	1.86430931	1.78185215	4.71125622	2.44061399
1.00000000	13.80140154	5.54966927	-1.75217847	1.44892490	1.67722718	4.52753682	2.29645443
1.00000000	25.94224779	-4.48723090	-1.78106497	1.45963550	1.50088574	3.56415479	2.38000226
1.00000000	46.92402890	-23.79995796	-1.89120660	1.47564268	1.65194947	4.36307537	2.46931076
1.00000000	18.27368109	21.44619289	-1.52143405	1.43851459	1.63953822	3.63073129	0.65543187

796	255
879	260
839	288
733	280
796	185
879	185
839	189
733	188

928	211
897	210
932	208
961	209
928	181
897	180
932	180
961	180

857	215
817	213
858	209
896	210
857	170
817	170
858	170
896	170

190	291
168	280
409	259
448	267
190	200
168	197
409	192
448	194

727	231
690	228
747	223
782	225
727	187
690	186
747	185
782	185

986	206
957	205
972	203
1000	203
986	182
957	182
972	181
1000	181

-271	243
-180	240
-220	251
-330	256
-271	189
-180	188
-220	190
-330	191

