1.00000000	14.95583685	-4.80687493	-1.58555935	1.53002512	1.60286050	3.57450561	-0.42171931
1.00000000	23.18845548	-1.91224249	-1.49292753	1.78479683	1.79564953	4.72657461	2.65332413
1.00000000	31.20997830	-6.77264615	-1.48551844	1.53631020	1.65660570	4.14596765	2.63211107
1.00000000	14.53022455	2.67848467	-1.62539838	1.48683918	1.51716345	3.92214781	2.73246288
1.00000000	49.44647739	-17.13942101	-1.37862299	2.37154889	1.97793245	5.24814945	2.69000387

821	242
896	245
886	264
794	260
821	176
896	176
886	177
794	177

668	230
612	228
675	219
723	221
668	167
612	167
675	168
723	168

774	214
734	213
765	209
801	210
774	176
734	175
765	175
801	175

450	275
378	270
498	249
558	252
450	187
378	186
498	183
558	183

873	198
841	197
852	195
881	195
873	161
841	161
852	162
881	162

