1.00000000	18.44602384	4.33165902	-1.59729693	2.17424107	1.83770970	5.25545415	3.10571933
1.00000000	28.00975599	3.97239484	-1.51663778	1.53213513	1.64479049	4.48346985	3.04447174
1.00000000	38.65031443	2.47678506	-1.41658304	1.42703187	1.61120782	4.45449980	3.11254621
1.00000000	21.41528381	-0.12330507	-1.55312489	1.53606343	1.62223154	3.53083799	-0.00738879
1.00000000	32.81109960	-16.60238693	-1.40345977	2.26791620	1.91131250	5.10563286	1.46638286

449	254
365	254
433	233
496	234
449	153
365	153
433	158
496	158

516	223
470	222
501	215
540	215
516	179
470	179
501	178
540	178

576	208
544	208
553	204
582	204
576	179
544	179
553	178
582	178

590	226
641	226
646	236
586	236
590	178
641	178
646	178
586	178

927	206
914	204
1029	205
1050	207
927	155
914	156
1029	156
1050	155

