0.00000000	9.40829264	-2.13392659	-1.62506817	1.84969091	0.78832131	1.03247675	-2.48694777
0.00000000	14.66002339	1.83904547	-1.51082108	1.88983798	0.73796393	1.11374604	-2.56925559
0.00000000	9.99034706	-3.03187872	-1.62672291	1.82198811	0.81203745	1.00456610	-2.51025915
0.00000000	16.21428163	0.08559980	-1.52919493	1.84254265	0.77663613	1.09611961	-2.82405615
0.00000000	10.42171089	-3.83823796	-1.61375425	1.75488472	0.81045196	0.97335201	-2.61576796
0.00000000	30.43635770	17.49603874	-0.62996576	2.03113246	0.77820232	0.51639672	0.45031968
0.00000000	15.18022261	1.38882085	-1.51567529	1.83620608	0.69406315	1.08764352	-3.03099704
0.00000000	16.48790962	-0.48018255	-1.53625367	1.81042433	0.79767077	1.07820677	-2.97409296
0.00000000	7.17871126	-6.37335777	-1.67742501	1.79349136	0.73712531	0.97266271	-2.35548353
1.00000000	24.07988247	-16.30237604	-1.98962794	1.49707127	1.62510056	3.32695120	0.11608984
1.00000000	24.27957936	-13.77049496	-1.98603819	1.54565549	1.58797989	3.36545674	0.04585161
1.00000000	24.74281160	-19.24108392	-2.12563000	1.52344739	1.65957416	3.85743348	-3.12265754
1.00000000	36.34284170	0.58125948	-1.27197431	1.53763175	1.52001459	3.18897084	0.07837840

826	298
786	304
722	293
762	288
826	151
786	150
722	152
762	154

544	250
510	252
487	248
519	246
544	155
510	154
487	156
519	157

879	290
842	295
780	286
816	281
879	154
842	153
780	155
816	156

626	243
592	244
578	240
610	239
626	159
592	159
578	160
610	160

923	284
885	288
829	279
866	275
923	158
885	157
829	159
866	160

182	195
203	195
202	195
181	195
182	147
203	148
202	147
181	147

557	249
522	249
523	244
555	244
557	158
522	158
523	160
555	160

648	242
613	243
605	239
638	238
648	161
613	161
605	162
638	162

1336	336
1338	349
1195	332
1203	322
1336	149
1338	146
1195	150
1203	152

1031	224
1073	224
1155	231
1108	231
1031	183
1073	183
1155	183
1108	183

960	225
1003	225
1068	231
1019	231
960	182
1003	182
1068	182
1019	182

1235	233
1184	233
1097	225
1141	225
1235	185
1184	185
1097	184
1141	184

576	199
604	199
610	201
579	201
576	170
604	170
610	170
579	169

