0.00000000	7.79938510	-4.15369837	-1.66018389	1.79795587	0.69753120	0.96178980	-2.36606526
0.00000000	12.98381780	0.08212893	-1.56252454	1.84705687	0.86619352	0.99690345	-2.58780408
0.00000000	13.54443525	-0.48557834	-1.53701411	1.77727032	0.88173261	0.97975700	-2.55173302
0.00000000	18.19937857	1.55544783	-1.45741759	1.87162519	0.74001637	1.28847502	-2.65824413
0.00000000	8.46077894	-4.87766391	-1.63307903	1.71340597	0.69282196	0.93654661	-2.36926699
0.00000000	31.02096758	17.16474734	-0.63594149	2.01651859	0.70579013	0.47463308	0.52752620
0.00000000	30.49804286	17.39735854	-0.63602422	2.01381111	0.79142953	0.51408755	0.55317599
0.00000000	8.98381283	-5.54801539	-1.62496469	1.76510024	0.69142674	0.98813662	-2.58721137
1.00000000	24.76345112	-19.22166410	-2.14850197	1.56945837	1.73531457	3.98882816	-3.11253166
1.00000000	24.05447207	-16.42381768	-2.05370567	1.40438223	1.53763059	3.24633749	0.09134108
1.00000000	24.47392815	-13.77118512	-2.11296509	1.58629107	1.56665272	3.37662069	0.02807779
2.00000000	18.54459612	1.03258585	-1.41328047	1.84253669	0.70011686	1.52132684	-2.68621826
2.00000000	20.49473461	-16.27152844	-2.06711886	1.58486247	0.80898961	2.06582138	0.92435277

1062	324
1043	334
940	320
964	312
1062	152
1043	150
940	153
964	154

637	261
595	264
566	259
607	256
637	157
595	156
566	157
607	158

666	256
628	259
597	254
635	251
666	159
628	159
597	160
635	161

567	233
539	234
520	231
547	230
567	158
539	157
520	159
547	159

1086	309
1071	317
977	306
996	299
1086	158
1071	157
977	159
996	160

198	195
217	194
217	195
199	195
198	148
217	148
217	148
199	148

185	195
206	195
206	195
185	195
185	148
206	148
206	148
185	147

1119	301
1091	307
1003	295
1032	290
1119	153
1091	152
1003	155
1032	156

1237	234
1184	234
1093	226
1139	226
1237	184
1184	184
1093	184
1139	184

1038	226
1078	226
1156	233
1111	233
1038	187
1078	187
1156	188
1111	188

958	228
1000	228
1063	235
1015	235
958	184
1000	184
1063	185
1015	185

589	231
563	232
541	228
566	227
589	157
563	157
541	158
566	159

1129	238
1129	236
1221	240
1223	242
1129	184
1129	183
1221	184
1223	184

