0.00000000	10.95741799	-3.10561030	-1.54717920	1.80463886	0.75349321	0.98713731	-2.61236620
0.00000000	11.33415197	-3.90217681	-1.53794954	1.72983336	0.73987520	0.96375385	-2.65733385
0.00000000	14.57981938	1.23327657	-1.49467538	1.80885267	0.88865702	1.08323505	-2.39908910
0.00000000	13.91494776	2.68343122	-1.55239532	1.89283705	0.91358031	1.05984564	-2.46298862
0.00000000	10.57366446	-1.47951528	-1.58102224	1.78146911	0.76125170	1.04811231	-2.45754218
0.00000000	12.87423059	11.13196925	-1.28696452	1.77208161	0.67427911	1.11671631	3.06852269
0.00000000	10.97371578	-2.03636822	-1.55275701	1.75387704	0.74683985	0.98172771	-2.50619173
0.00000000	19.61459863	6.13544866	-1.36347328	1.82994223	0.83677933	1.11598882	-2.70551324
0.00000000	14.16205231	1.79029515	-1.53519915	1.90465915	0.91083999	1.05375138	-2.39220977
0.00000000	30.39459429	17.44547392	-0.70489643	2.01623940	0.78064188	0.56452535	0.39490879
0.00000000	6.94978927	-6.27991526	-1.65445135	1.72428775	0.69127640	0.92484841	-2.44577122
0.00000000	20.19841546	5.22637116	-1.37293826	1.84138858	0.86740420	1.07335801	-2.70852399
0.00000000	38.78004676	13.01649495	-0.88334511	1.74676919	0.76306901	1.05459314	0.37681067
0.00000000	35.79301332	-18.79773328	-1.95980583	1.75158906	0.73386148	0.77363755	1.63486254
1.00000000	24.76062273	-19.22370697	-2.17282633	1.53872836	1.68723699	3.95090266	-3.12435865
1.00000000	24.04939752	-16.33858806	-1.99626772	1.47608507	1.60545346	3.30715838	0.09054527
1.00000000	37.27215466	-0.78281352	-1.34754060	1.42554259	1.49478912	3.38031806	0.00513004
1.00000000	24.30686951	-13.74883526	-1.97563122	1.54411077	1.60912636	3.40329848	0.06776748

856	274
820	278
771	270
806	267
856	152
820	151
771	153
806	154

899	270
864	273
816	266
850	263
899	156
864	155
816	157
850	158

578	249
543	252
510	248
545	245
578	158
543	157
510	158
545	159

501	256
457	260
432	255
474	252
501	157
457	156
432	157
474	158

754	281
718	286
664	278
700	274
754	156
718	155
664	157
700	158

-34	257
-71	257
-9	250
24	250
-34	152
-71	152
-9	155
24	154

784	275
749	279
701	272
734	268
784	157
749	156
701	157
734	158

399	228
366	229
361	226
392	225
399	159
366	159
361	160
392	160

549	253
511	256
479	252
517	249
549	155
511	154
479	155
517	157

184	197
204	196
203	197
181	197
184	149
204	150
203	149
181	149

1352	340
1345	352
1205	334
1220	325
1352	153
1345	151
1205	154
1220	156

438	226
406	227
400	225
430	224
438	159
406	159
400	160
430	160

356	194
371	194
372	195
357	195
356	162
371	163
372	162
357	162

975	210
966	209
981	209
990	210
975	174
966	174
981	174
990	174

1236	234
1183	235
1095	226
1139	226
1236	186
1183	186
1095	185
1139	185

1034	225
1076	224
1155	231
1108	231
1034	183
1076	183
1155	184
1108	184

604	200
631	200
634	202
604	202
604	174
631	174
634	173
604	173

958	224
1000	224
1068	231
1019	231
958	182
1000	182
1068	182
1019	182

