0.00000000	12.24563498	11.09527036	-1.28641079	1.80259895	0.66902245	1.09535715	3.09426856
0.00000000	30.37632892	17.45516626	-0.69455574	2.04190588	0.78629930	0.56760264	0.40768728
0.00000000	10.57787945	-2.45224802	-1.55548070	1.77730036	0.73096046	0.99189760	-2.39909244
0.00000000	10.20537427	-1.89251398	-1.58272980	1.82750726	0.73960439	1.04208832	-2.43044257
0.00000000	14.10966170	0.82279256	-1.50419090	1.79917526	0.87273129	1.08036705	-2.40018463
0.00000000	19.23657217	5.66624591	-1.40436028	1.79084146	0.87353109	1.05254603	-2.71789432
0.00000000	13.74115567	1.39059268	-1.54149602	1.83817363	0.85098304	1.04901116	-2.42570925
0.00000000	19.66747108	4.95605469	-1.38659738	1.78500485	0.87342772	1.03644682	-2.64779663
0.00000000	11.86550542	-3.68004096	-1.56263075	1.76196134	0.73365381	0.96608008	-2.78662133
0.00000000	13.40260380	2.28406254	-1.52831219	1.89181352	0.88984551	1.05063500	-2.42644525
0.00000000	11.53019102	-2.93642596	-1.55748008	1.74174643	0.72851071	0.95866621	-2.51927614
0.00000000	31.27027562	17.23967602	-0.69362114	2.01265097	0.72013187	0.54777990	0.43902713
0.00000000	39.70689523	12.42995011	-0.92100690	1.81936002	0.71172675	1.10874819	0.57909393
1.00000000	24.78978759	-19.26124159	-2.15571729	1.53913283	1.65007773	3.88242132	-3.12696981
1.00000000	24.31205197	-13.77541517	-1.98440383	1.48311841	1.56069335	3.36487136	0.05704927
1.00000000	24.06738181	-16.32393159	-1.98322396	1.46757078	1.58752046	3.31496847	0.09260898
1.00000000	37.31264817	-0.81275639	-1.30038248	1.40563262	1.52185559	3.46610797	0.00755335

-65	261
-105	261
-40	254
-4	254
-65	149
-105	149
-40	152
-4	152

183	196
204	196
202	196
181	197
183	148
204	149
202	148
181	148

820	278
791	283
732	276
761	271
820	154
791	153
732	155
761	156

789	285
756	290
696	282
730	277
789	152
756	151
696	153
730	154

598	251
563	254
529	250
563	247
598	158
563	157
529	159
563	159

413	230
378	231
373	228
406	227
413	162
378	162
373	162
406	163

567	256
530	259
498	254
534	252
567	158
530	157
498	158
534	159

444	228
412	229
403	226
434	225
444	161
412	161
403	162
434	162

870	268
832	270
795	263
831	261
870	157
832	156
795	158
831	158

518	258
476	261
447	256
488	253
518	155
476	153
447	155
488	156

831	270
801	273
753	267
783	264
831	158
801	157
753	159
783	159

200	196
219	196
218	196
199	196
200	150
219	150
218	150
199	149

371	194
384	194
389	195
376	195
371	162
384	162
389	162
376	162

1234	234
1183	234
1097	226
1140	226
1234	186
1183	186
1097	185
1140	185

960	225
1001	224
1067	231
1020	231
960	184
1001	184
1067	184
1020	184

1033	224
1075	224
1154	230
1107	231
1033	183
1075	183
1154	184
1107	184

604	199
632	199
635	201
605	201
604	173
632	173
635	173
605	173

