0.00000000	30.31907333	17.21054378	-0.70964764	1.99175572	0.70211636	0.50644133	0.56101596
0.00000000	15.05198353	4.13306638	-1.48849175	1.77598047	0.87117114	0.94026194	-2.59228015
0.00000000	19.13682787	6.71943363	-1.30913828	1.82081628	0.77767074	1.05255207	-2.60333395
0.00000000	11.06101965	-0.60346252	-1.55406092	1.77282000	0.90623278	0.97678045	-2.47122931
0.00000000	19.86902388	11.87368192	-1.10436891	1.86677039	0.62212921	1.01377886	-2.96973372
0.00000000	19.01847061	7.60150458	-1.30686543	1.91193032	0.77650939	1.09523292	-2.84023261
0.00000000	15.51427841	3.58924364	-1.50013874	1.73611832	0.84689307	0.93487752	-2.38438797
0.00000000	31.71350078	11.64370336	-1.00559972	1.77171445	0.75208176	1.22406404	0.23431346
0.00000000	19.69994620	6.00297827	-1.33575473	1.73790407	0.77729625	1.04739854	-2.64443445
0.00000000	26.15992145	8.57117803	-1.27665089	1.79757309	0.79902560	1.08911599	0.06330208
0.00000000	31.60482959	17.37466611	-0.66416119	1.96373320	0.62307139	0.43775761	1.07337320
1.00000000	24.81778797	-19.22837998	-2.14636837	1.56833577	1.69543404	3.96563411	-3.11853099
1.00000000	24.06932931	-16.35691931	-1.97784279	1.44902408	1.60257581	3.39021683	0.08387814
1.00000000	24.46803796	-13.79069404	-2.02546404	1.63667393	1.68849010	3.61846685	0.08588126
1.00000000	37.14696232	-0.78972515	-1.34344647	1.49704170	1.54419981	3.13774504	0.02836290
1.00000000	33.33423012	11.39200863	-1.01648305	1.59590614	1.65762007	3.22550880	0.11979690
2.00000000	26.43455204	0.28928957	-1.43193148	1.78860199	0.60586592	1.89360898	-0.02011612

188	197
207	197
207	197
188	197
188	150
207	150
207	150
188	149

434	248
392	250
380	246
421	245
434	162
392	161
380	162
421	163

371	227
340	228
333	226
363	225
371	158
340	157
333	158
363	159

690	275
645	280
603	273
647	268
690	157
645	156
603	157
647	159

179	220
154	221
170	219
194	218
179	151
154	151
170	153
194	153

331	228
299	229
303	226
334	225
331	154
299	154
303	155
334	156

467	246
432	248
409	245
444	243
467	164
432	164
409	165
444	165

334	201
352	200
349	201
330	201
334	161
352	161
349	161
330	161

404	226
374	227
367	225
396	224
404	162
374	161
367	162
396	163

362	212
384	212
377	213
354	213
362	164
384	164
377	163
354	163

201	195
214	195
220	195
207	195
201	150
214	151
220	151
207	150

1235	233
1183	234
1094	226
1138	225
1235	184
1183	184
1094	184
1138	184

1033	224
1075	224
1156	230
1108	231
1033	184
1075	184
1156	184
1108	184

953	225
997	225
1070	232
1020	233
953	181
997	181
1070	181
1020	181

603	200
631	200
636	202
605	202
603	172
631	172
636	172
605	172

349	199
384	199
371	201
332	201
349	166
384	166
371	165
332	165

589	212
605	212
604	215
587	215
589	166
605	166
604	164
587	164

