0.00000000	19.97493568	8.21391658	-1.19374679	1.93369198	0.76498734	1.13853930	-2.64146733
0.00000000	20.07638028	7.43524401	-1.22736094	1.86640358	0.78145234	1.11046637	-2.99510098
0.00000000	36.60385232	-3.15078183	-1.47125004	1.82772827	0.73835740	0.94873388	0.10097753
0.00000000	15.84916617	5.01915781	-1.47119794	1.76705170	0.85199177	1.00216913	-2.52500963
0.00000000	21.03654585	11.93082207	-1.06694673	1.85436213	0.65961770	0.95615826	-2.92306519
0.00000000	16.21047321	4.57716490	-1.46593378	1.72920692	0.81766216	0.95731867	-2.47798634
0.00000000	31.54506683	17.32932141	-0.66448448	1.95943236	0.65613185	0.45215111	0.17315972
0.00000000	11.81678145	0.29809851	-1.55392621	1.73494387	0.90338384	0.91869925	3.10932994
0.00000000	30.20423337	17.26897892	-0.68784712	2.00080252	0.72563863	0.54434322	0.35684431
0.00000000	26.92540570	9.26213264	-1.26026533	1.76651216	0.76338610	0.87271450	0.05598228
1.00000000	24.11423733	-16.34859537	-1.94179974	1.46220505	1.59866198	3.41092505	0.09152719
1.00000000	24.79554979	-19.25077752	-2.11738775	1.54607153	1.66799520	3.95035963	-3.12786245
1.00000000	24.50798938	-13.76082897	-1.98319624	1.61521459	1.66299124	3.61764055	0.07943121
1.00000000	37.26943167	-0.86773069	-1.36572001	1.54666126	1.57264361	3.28916750	0.01805860
1.00000000	32.14106058	11.24830246	-1.10248015	1.49162960	1.57765589	3.40850981	0.13204847

326	221
296	222
292	220
321	219
326	151
296	150
292	152
321	152

349	222
318	223
328	220
357	220
349	154
318	154
328	155
357	155

656	203
670	203
674	203
659	203
656	167
670	167
674	167
659	167

403	244
364	246
350	243
388	241
403	163
364	162
350	163
388	164

204	217
178	217
190	215
214	215
204	152
178	152
190	153
214	153

427	242
392	244
376	241
410	239
427	164
392	164
376	164
410	165

205	195
221	195
217	195
201	195
205	151
221	151
217	150
201	150

615	272
557	272
562	265
616	265
615	161
557	161
562	162
616	162

186	196
205	196
203	196
183	197
186	149
205	149
203	149
183	149

351	211
371	211
365	212
344	212
351	165
371	165
365	164
344	164

1032	223
1074	223
1155	229
1108	229
1032	182
1074	182
1155	183
1108	183

1235	233
1183	233
1095	225
1139	225
1235	184
1183	184
1095	184
1139	184

953	224
996	224
1068	231
1018	231
953	180
996	180
1068	180
1018	180

604	200
633	200
637	202
606	202
604	172
633	172
637	171
606	171

344	202
379	201
364	204
325	204
344	170
379	170
364	169
325	169

