0.00000000	7.71452126	-5.66380526	-1.67157004	1.78528452	0.79148318	0.93968942	-2.34416676
0.00000000	30.40905752	17.48466994	-0.66037724	1.98916340	0.77062367	0.53598473	0.46629950
0.00000000	12.22196880	-0.75108127	-1.53017662	1.83456683	0.89592643	1.01534818	-2.48528814
0.00000000	7.16538994	-4.97512817	-1.66092036	1.85892045	0.78360681	0.98500981	-2.33203697
0.00000000	18.99540048	2.21761904	-1.45071624	1.87944889	0.71043600	1.07023332	-3.02294421
0.00000000	19.34198078	1.56025385	-1.44577144	1.82961726	0.73629822	1.13515744	-3.03735018
0.00000000	31.11677421	17.38942799	-0.64130209	2.03136110	0.71229605	0.48969631	0.53543419
1.00000000	37.27637592	-0.77183623	-1.32678662	1.48732066	1.52209778	3.28534277	0.01950686
1.00000000	24.41581174	-13.77363832	-2.06147883	1.54790092	1.62291935	3.43783686	0.06866904
1.00000000	24.61343063	-18.99253444	-2.14090900	1.54351890	1.71349456	3.79543148	-3.12778783
2.00000000	8.32591496	-6.42658284	-1.65229581	1.79454064	0.74556791	1.34433398	-2.40250778

1211	324
1204	336
1087	322
1102	312
1211	152
1204	150
1087	153
1102	155

182	196
203	195
202	196
181	196
182	149
203	149
202	149
181	148

691	264
650	268
611	262
650	258
691	154
650	152
611	154
650	155

1191	336
1183	350
1053	333
1070	322
1191	142
1183	139
1053	143
1070	146

535	231
507	231
507	229
534	228
535	158
507	158
507	159
534	159

561	230
533	230
533	227
559	227
561	160
533	160
533	161
559	161

194	195
213	195
213	195
195	195
194	148
213	148
213	148
195	148

603	199
631	199
635	201
604	201
603	172
631	172
635	171
604	171

957	226
999	226
1067	233
1018	234
957	184
999	184
1067	185
1018	185

1231	234
1177	234
1093	226
1138	226
1231	185
1177	185
1093	184
1138	184

1259	313
1250	322
1095	305
1111	298
1259	150
1250	148
1095	152
1111	153

