0.00000000	14.54841840	1.73978304	-1.51986013	1.88172054	0.81882179	1.07123938	0.02975829
0.00000000	9.25679270	-2.25066888	-1.62153659	1.87459278	0.80742209	1.03233198	-2.46435785
0.00000000	9.91035010	-3.18711180	-1.60969601	1.78743196	0.79628135	0.98947326	-2.48566294
0.00000000	16.32812525	0.15984836	-1.51626323	1.80575633	0.77645222	1.09333318	-2.84741783
0.00000000	15.07271089	1.25890280	-1.54626892	1.80173302	0.82756548	1.04043664	-2.89402556
0.00000000	30.43856872	17.47406909	-0.65742920	1.98123670	0.75729434	0.53170229	0.44597757
0.00000000	10.31755836	-3.97949595	-1.60110305	1.81049585	0.78970398	0.98972611	-2.62411880
0.00000000	16.57847731	-0.38643636	-1.52889083	1.81647992	0.80181752	1.07136126	-3.02032351
0.00000000	7.08561947	-6.44181277	-1.68634580	1.80810571	0.72002544	0.93814723	-2.38431835
1.00000000	24.07629615	-16.32862593	-1.98660461	1.46577013	1.61681740	3.30684405	0.12275453
1.00000000	24.76491677	-19.20612298	-2.13699911	1.53334475	1.68269559	3.87999886	-3.12281418
1.00000000	24.27349342	-13.76322571	-1.99058531	1.54849601	1.60187122	3.31563761	0.04688501
1.00000000	37.61619518	-0.50778389	-1.23714076	1.49741590	1.62608451	3.82637005	0.07162862
1.00000000	36.10460131	0.48930770	-1.24697016	1.48056376	1.58399359	3.77808809	0.04038126

501	247
541	247
538	252
495	253
501	157
541	157
538	155
495	155

839	299
800	306
732	295
772	289
839	148
800	147
732	149
772	151

892	289
857	295
793	286
828	281
892	155
857	154
793	156
828	157

622	242
588	243
575	239
607	238
622	160
588	160
575	161
607	162

569	250
529	251
522	246
560	245
569	161
529	161
522	162
560	162

183	195
204	195
203	196
182	196
183	149
204	149
203	149
182	149

937	284
899	288
841	279
878	275
937	153
899	152
841	154
878	155

643	242
607	242
602	238
635	238
643	160
607	160
602	161
635	161

1352	339
1352	352
1211	335
1221	324
1352	148
1352	145
1211	149
1221	151

1032	224
1073	224
1155	230
1109	231
1032	183
1073	183
1155	184
1109	184

1234	233
1182	233
1095	225
1139	225
1234	185
1182	185
1095	184
1139	184

960	225
1003	225
1067	231
1018	232
960	182
1003	182
1067	182
1018	182

596	198
625	197
632	199
600	199
596	170
625	171
632	170
600	169

578	199
608	199
611	201
578	201
578	171
608	171
611	170
578	170

