0.00000000	11.04691656	-1.84176094	-1.60123179	1.77676892	0.76090678	1.02058084	-2.47353101
0.00000000	7.99169415	-5.12973007	-1.66220687	1.79717338	0.77311075	0.99044583	-2.36048651
0.00000000	10.42878251	-0.77963628	-1.63658319	1.81781363	0.74725637	1.06594947	-2.44296002
0.00000000	11.39908715	-2.52959101	-1.59998677	1.72050178	0.79093834	1.02441523	-2.56201077
0.00000000	30.43318297	17.46637445	-0.65534137	2.00322795	0.76045802	0.53441870	0.45972249
0.00000000	16.31882693	2.55537535	-1.48848579	1.85605168	0.81842573	1.02239604	-2.41546106
0.00000000	14.85452526	-0.81270118	-1.55767618	1.85360098	0.86721527	1.09075653	-2.64756489
0.00000000	15.26723786	-1.61177234	-1.55427788	1.84933031	0.84143736	1.08571343	-2.96192312
0.00000000	8.24050150	-5.74005779	-1.67418597	1.70186782	0.80512409	0.90249314	-2.35537696
0.00000000	15.77043910	3.07537380	-1.50813983	1.90826464	0.78307845	1.01433263	-1.97377145
1.00000000	24.77492282	-19.25455206	-2.15446208	1.55956936	1.71472352	3.96641901	-3.12006187
1.00000000	37.27918675	-0.81564251	-1.32860158	1.47477508	1.51103155	3.31315994	0.02147761
1.00000000	24.32262270	-13.79371442	-2.01759801	1.54264235	1.55548281	3.44313728	0.03881923
2.00000000	40.96115263	1.06025746	-1.28824757	1.74385118	0.63080360	1.71783237	-3.10728741

771	278
737	282
686	275
720	271
771	159
737	158
686	159
720	160

1143	319
1130	330
1018	316
1038	307
1143	152
1130	149
1018	152
1038	154

707	287
669	293
617	284
654	279
707	158
669	157
617	159
654	160

810	274
774	278
726	271
762	267
810	162
774	161
726	163
762	163

183	195
204	195
203	196
182	196
183	148
204	149
203	148
182	148

520	241
489	243
464	240
495	238
520	159
489	158
464	159
495	160

677	250
641	252
613	247
649	245
677	158
641	157
613	159
649	159

709	248
669	249
656	244
693	243
709	158
669	157
656	159
693	159

1176	314
1165	324
1064	313
1080	304
1176	162
1165	160
1064	162
1080	163

494	244
474	247
434	245
455	242
494	157
474	156
434	157
455	158

1237	234
1184	234
1095	226
1140	226
1237	185
1184	185
1095	184
1140	184

604	199
632	199
636	201
605	201
604	172
632	172
636	172
605	172

960	225
1002	225
1068	232
1020	232
960	183
1002	183
1068	183
1020	183

591	198
579	198
579	197
590	197
591	167
579	167
579	168
590	168

