0.00000000	12.24944592	0.88509760	-1.54464243	1.76940227	0.91800235	0.89760140	2.94669080
0.00000000	30.28264548	17.20312018	-0.71997879	1.89648187	0.67314741	0.48580844	0.43003902
0.00000000	20.59114607	8.59417915	-1.24028264	1.85518289	0.76059950	1.02806578	-3.05665398
0.00000000	16.73515972	5.11576753	-1.44776867	1.73095870	0.86162679	0.94975500	-2.50055528
0.00000000	21.76681318	12.06653746	-1.08485268	1.79932189	0.67449063	0.92849841	-2.89822364
0.00000000	20.75262823	7.81672377	-1.27816461	1.83139181	0.84160598	1.03015123	0.03732798
0.00000000	30.08855519	10.59722900	-1.07985554	1.85044169	0.71291712	0.94616452	0.14108922
0.00000000	29.90104274	11.29794372	-1.07720409	1.79477811	0.76635527	1.14384435	0.16772842
0.00000000	35.13963599	-3.33684871	-1.51015149	1.79365993	0.74766827	1.08360311	0.23888786
1.00000000	24.79081154	-19.21843604	-2.14195929	1.55977941	1.67346267	3.94305775	-3.12115431
1.00000000	24.05378191	-16.32720357	-1.97843448	1.45709872	1.59221103	3.35138879	0.07338648
1.00000000	24.40357459	-13.79005658	-2.01920627	1.59788167	1.68129598	3.53433647	0.06680345
1.00000000	37.95877507	-0.83759458	-1.28624223	1.42346358	1.60678437	4.25322244	-0.00205858
1.00000000	31.67338371	11.25231040	-1.04225586	1.66634548	1.67690359	3.66129907	0.08218563

574	269
519	267
535	261
586	262
574	159
519	159
535	161
586	160

189	197
207	197
206	197
187	197
189	152
207	153
206	152
187	152

312	222
284	222
297	220
324	220
312	156
284	156
297	157
324	157

410	239
373	241
359	238
395	237
410	164
373	164
359	164
395	165

214	216
189	216
198	215
223	214
214	155
189	155
198	156
223	156

325	221
354	221
343	223
312	223
325	159
354	159
343	158
312	158

345	203
363	203
358	204
340	204
345	160
363	160
358	159
340	159

327	204
346	204
340	204
321	205
327	161
346	161
340	161
321	161

661	204
675	204
682	205
668	205
661	169
675	169
682	168
668	168

1234	233
1183	233
1094	226
1138	225
1234	184
1183	184
1094	184
1138	184

1034	224
1076	224
1155	230
1107	231
1034	183
1076	183
1155	184
1107	184

956	225
1000	225
1070	232
1019	232
956	181
1000	181
1070	182
1019	182

604	198
633	198
636	200
604	200
604	173
633	173
636	172
604	172

342	200
379	200
358	203
317	203
342	165
379	165
358	163
317	163

