0.00000000	18.64187466	12.29467392	-1.10967443	1.89496481	0.74069037	1.12771353	-3.12857533
0.00000000	8.93359812	-4.53623972	-1.62189792	1.66136956	0.72684766	0.85550805	-1.79760993
0.00000000	30.37557853	17.45848907	-0.68736361	1.96473980	0.71534436	0.55541251	0.47664723
0.00000000	22.72942945	5.46868726	-1.40442489	1.79157102	0.80296938	0.83591475	0.22324498
0.00000000	40.04795928	15.02056122	-0.76856707	1.85910439	0.71903412	1.04717746	-0.09822954
0.00000000	23.11593106	4.49411744	-1.40447126	1.80631423	0.78233912	1.11372690	0.54925144
0.00000000	39.94309024	15.65310328	-0.72846172	1.92091346	0.67057178	1.04460967	-0.32871816
1.00000000	24.77968868	-19.22296976	-2.15958146	1.54036331	1.69318318	3.86336603	-3.10756993
1.00000000	24.03877660	-16.34340349	-2.01307486	1.48100233	1.61415276	3.34544056	0.08117135
1.00000000	24.42674135	-13.77475889	-2.07337646	1.58757174	1.66660563	3.50852264	0.05045515
1.00000000	37.15154497	-0.75729772	-1.33177016	1.47890770	1.53185913	3.18524273	0.07574982
2.00000000	23.11593106	4.49411744	-1.40447126	1.80631423	0.78233912	1.11372690	0.54925144

130	224
100	224
129	222
157	222
130	149
100	149
129	150
157	151

1008	296
1029	306
949	303
934	293
1008	164
1029	162
949	163
934	164

183	196
202	196
202	196
182	196
183	150
202	150
202	150
182	150

419	220
445	220
445	221
418	222
419	165
445	165
445	164
418	164

334	192
346	192
338	192
325	192
334	159
346	159
338	159
325	159

447	219
470	219
483	220
459	221
447	164
470	164
483	163
459	163

325	192
335	192
322	192
312	192
325	158
335	158
322	157
312	157

1235	234
1183	234
1095	226
1139	226
1235	186
1183	186
1095	185
1139	185

1034	225
1076	225
1156	232
1108	232
1034	184
1076	184
1156	184
1108	184

956	227
1000	227
1068	234
1017	234
956	183
1000	183
1068	184
1017	184

601	200
629	200
636	201
606	201
601	172
629	172
636	172
606	172

447	219
470	219
483	220
459	221
447	164
470	164
483	163
459	163

