0.00000000	18.81917527	12.21316739	-1.09754954	1.93765640	0.71523793	1.11366424	-3.11073613
0.00000000	30.32427838	17.44698976	-0.70176838	1.95956230	0.71436316	0.54213381	0.45892128
0.00000000	22.87467404	5.55961258	-1.39629279	1.79851723	0.74919031	0.87167432	0.22109084
0.00000000	8.89216473	-4.64404633	-1.63699959	1.67685127	0.72307100	0.78486612	-1.92018497
0.00000000	39.86128506	15.00015510	-0.74249182	1.83875990	0.73246219	0.89074616	0.15301515
0.00000000	23.19511614	4.63612205	-1.40655563	1.82266343	0.72872435	0.99655986	3.06114030
1.00000000	24.77631067	-19.23769712	-2.11791907	1.54723179	1.69934850	3.91177598	-3.10097575
1.00000000	24.05392245	-16.34354842	-1.98300634	1.44304740	1.59181952	3.35501025	0.07663623
1.00000000	37.15967379	-0.77885327	-1.32463429	1.46539724	1.53747170	3.11073755	0.05612779
1.00000000	24.32493662	-13.78129407	-1.97509120	1.49930274	1.59770815	3.42165075	0.04461433

138	223
109	223
137	221
164	221
138	147
109	147
137	149
164	149

183	197
202	196
201	197
182	197
183	150
202	151
201	150
182	150

418	220
442	219
442	221
417	221
418	164
442	164
442	164
417	164

1021	298
1034	308
958	304
951	295
1021	163
1034	162
958	162
951	164

330	192
343	192
340	192
326	192
330	159
343	159
340	159
326	159

468	221
445	220
454	219
476	219
468	163
445	163
454	164
476	164

1236	233
1185	233
1094	225
1138	225
1236	184
1185	184
1094	184
1138	184

1034	224
1076	224
1155	231
1108	231
1034	184
1076	184
1155	185
1108	185

602	199
630	199
636	201
605	201
602	172
630	172
636	172
605	172

959	224
1002	224
1068	231
1019	231
959	183
1002	183
1068	183
1019	183

