0.00000000	6.42315777	-5.99503141	-1.66077123	1.85656750	0.84067042	0.97096664	-2.33705568
0.00000000	11.29573395	-1.60639161	-1.54630945	1.80281460	0.86479877	1.05106948	-2.67536139
0.00000000	12.02998538	-2.05679944	-1.52981303	1.74724817	0.78477358	1.02121046	-2.94196248
0.00000000	15.03518255	12.43872893	-1.20155893	1.83743620	0.66932361	1.01846127	3.12227249
0.00000000	30.49451426	17.47421465	-0.66593001	1.98451364	0.74796355	0.53200996	0.44549775
0.00000000	20.26679641	2.17904543	-1.49332116	1.82271695	0.75224105	1.06074049	-2.51108003
0.00000000	31.30868109	17.48041856	-0.64044998	1.98677135	0.70705359	0.49830573	0.36763874
0.00000000	19.93813640	2.99176166	-1.48012577	1.89197946	0.75945972	1.05196873	-2.75876927
0.00000000	43.35643367	16.00305909	-0.61156748	1.85850132	0.62520626	0.68561694	2.78109598
0.00000000	43.25408434	16.74949746	-0.58626745	1.86811066	0.60431714	0.75875772	0.72337174
1.00000000	24.05816630	-16.34447888	-1.98464976	1.47953999	1.58441051	3.30969817	0.06657236
1.00000000	24.74875701	-19.22035970	-2.13386683	1.53585505	1.65486100	3.86035505	-3.11312962
1.00000000	37.15023493	-0.75518959	-1.33923481	1.51182461	1.51811760	3.14296170	0.02846963
1.00000000	24.32864089	-13.76429984	-1.95300029	1.55742383	1.57764617	3.44733784	0.04836392

1381	353
1392	372
1225	351
1230	336
1381	137
1392	132
1225	138
1230	141

753	273
706	276
668	268
713	265
753	154
706	153
668	155
713	156

765	266
719	268
697	260
740	259
765	157
719	157
697	159
740	159

1	241
-31	241
12	237
42	237
1	149
-31	149
12	151
42	151

184	196
204	195
203	196
183	196
184	149
204	150
203	149
183	149

549	228
525	230
506	227
529	226
549	163
525	163
506	164
529	164

196	195
214	194
213	195
194	195
196	149
214	150
213	149
194	149

515	230
487	230
479	228
505	227
515	160
487	160
479	161
505	161

340	189
332	189
340	189
348	189
340	158
332	158
340	158
348	158

320	188
330	188
335	188
324	189
320	158
330	158
335	158
324	157

1035	224
1077	224
1154	231
1106	231
1035	183
1077	183
1154	183
1106	183

1234	233
1184	233
1096	225
1139	225
1234	185
1184	185
1096	184
1139	184

603	200
631	200
635	201
604	202
603	172
631	172
635	171
604	171

959	224
1001	223
1067	230
1019	230
959	181
1001	181
1067	181
1019	181

