0.00000000	15.97299325	-0.11049321	-1.50454305	1.81760657	0.85715910	1.09702427	-2.69570565
0.00000000	10.23200186	-2.86635600	-1.61212872	1.81109929	0.77180564	0.95958718	-2.50324082
0.00000000	7.36027642	-6.06693845	-1.68695710	1.79286218	0.74938520	0.95505950	-2.40071440
0.00000000	9.56402327	-1.91241816	-1.64755629	1.87321234	0.75114691	1.00858392	-2.54652119
0.00000000	14.84161553	2.11500118	-1.51585029	1.83627772	0.69594768	1.09734033	0.13099752
0.00000000	15.33378676	1.59396623	-1.50859986	1.80362046	0.71271289	1.06304406	-2.98228955
0.00000000	30.40424648	17.47886758	-0.64179895	2.01308990	0.76556127	0.52490485	0.44540200
0.00000000	10.55417814	-3.54853178	-1.58297108	1.74533272	0.77671754	0.95382341	-2.60782743
0.00000000	7.47706890	-6.68106205	-1.66535483	1.70593572	0.73471759	1.01303199	-2.38823462
1.00000000	24.77465931	-19.29965458	-2.17298112	1.54012656	1.69799689	3.91287647	-3.12838793
1.00000000	24.05491126	-16.31080100	-1.97630457	1.47548449	1.59899075	3.30644720	0.08808383
1.00000000	24.29848219	-13.78509120	-1.95830588	1.54177690	1.59988513	3.37559644	0.04879941
1.00000000	37.28886153	-0.53469507	-1.26649712	1.48157740	1.51154964	2.84156862	0.01048944

639	243
603	244
582	240
616	239
639	159
603	158
582	160
616	160

857	286
823	291
766	282
800	278
857	155
823	153
766	155
800	156

1286	333
1279	345
1149	329
1164	319
1286	151
1279	149
1149	152
1164	154

803	298
762	304
705	293
746	288
803	152
762	150
705	153
746	154

486	246
519	246
520	251
484	251
486	160
519	160
520	158
484	158

549	247
514	248
512	243
545	243
549	160
514	160
512	161
545	161

183	195
203	195
202	195
181	195
183	148
203	148
202	148
181	147

897	280
860	284
807	276
844	273
897	157
860	156
807	158
844	159

1340	328
1339	340
1197	323
1207	314
1340	157
1339	155
1197	158
1207	159

1237	234
1184	234
1097	226
1142	226
1237	186
1184	186
1097	185
1142	185

1033	224
1075	224
1154	230
1107	231
1033	183
1075	183
1154	183
1107	183

960	224
1003	224
1068	230
1019	231
960	181
1003	181
1068	182
1019	182

599	198
627	198
629	200
599	200
599	171
627	171
629	170
599	170

