1.00000000	6.45580856	-2.84387438	-1.72571359	1.61537671	1.65726213	3.85942930	-0.01976213
1.00000000	16.33373060	-2.90818214	-1.49712275	1.41665626	1.58296118	3.71635682	-0.00104179
1.00000000	24.51220563	-0.62380339	-1.25856421	1.56019545	1.68699120	3.66064906	-0.02278606
1.00000000	11.35108596	-2.97982316	-1.61090503	1.46678472	1.58887004	3.35565241	-0.01082235
1.00000000	21.08535265	-3.14270070	-1.43920539	1.33934963	1.44596304	3.63209906	-0.09846235
1.00000000	28.36720567	-3.35838669	-1.28180097	1.47582591	1.62876766	3.90476804	0.01670197
1.00000000	22.86575217	13.78656187	-1.01610754	1.53181505	1.53729006	3.51493327	3.07052493
1.00000000	42.33560562	-3.19116743	-1.02945922	1.57685208	1.64995382	3.94049067	-0.02292660

798	322
947	323
1243	461
957	459
798	179
947	179
1243	185
957	185

698	235
761	235
801	252
720	252
698	178
761	178
801	180
720	180

606	212
653	212
657	219
603	218
606	169
653	169
657	168
603	168

738	264
828	264
904	297
781	297
738	181
828	181
904	184
781	184

694	222
741	222
752	231
697	231
694	179
741	179
752	180
697	180

671	208
710	208
727	213
682	213
671	172
710	172
727	172
682	172

155	218
105	218
184	212
228	212
155	165
105	165
184	166
228	166

650	195
677	195
682	197
652	197
650	169
677	169
682	168
652	168

