1.00000000	6.08937301	-2.82417849	-1.72229765	1.56151116	1.64869396	4.01203946	-0.01607051
1.00000000	12.31719318	4.06832193	-1.72616361	1.48695278	1.70417114	4.13552523	3.12837529
1.00000000	41.62808719	11.12757482	-1.70153330	1.54762506	1.64180210	3.80143147	2.13174248
1.00000000	26.42584851	-0.77526193	-1.62894760	1.48881733	1.61411401	3.73692575	-0.19354039
1.00000000	17.47485964	-0.02796524	-1.65771888	1.58067214	1.62015244	3.70944864	-0.01400669
1.00000000	11.85573402	-2.53116959	-1.69970534	1.51833820	1.63089398	4.12031883	0.00214324
1.00000000	32.79957771	2.04439665	-1.63607929	1.47124350	1.51206020	3.86680584	3.09793568
1.00000000	36.53780034	13.92655624	-1.70347963	1.48168302	1.68342512	3.49790579	-1.42204642
1.00000000	35.64839112	19.46821213	-1.90754626	1.39207280	1.68408908	3.55057685	-1.43388367
1.00000000	20.03061897	-2.66570794	-1.61868523	1.42102861	1.46257799	3.56552601	-0.12954783
1.00000000	24.12211268	-2.87949161	-1.57887850	1.42847562	1.48162403	3.63300662	-0.16040052

804	327
957	328
1314	493
996	491
804	183
957	183
1314	195
996	195

380	304
257	304
363	266
450	266
380	197
257	197
363	189
450	190

387	212
379	211
444	209
453	210
387	184
379	183
444	183
453	183

620	219
661	220
648	227
600	226
620	181
661	181
648	182
600	182

583	239
645	239
651	255
575	255
583	179
645	179
651	181
575	181

704	263
790	263
869	303
746	303
704	183
790	183
869	188
746	188

579	218
543	218
554	213
586	213
579	183
543	183
554	182
586	182

373	214
367	216
292	217
301	215
373	185
367	186
292	186
301	186

258	220
246	222
167	223
182	221
258	193
246	193
167	194
182	193

684	230
734	230
740	242
680	241
684	182
734	183
740	185
680	184

680	221
722	221
721	229
672	229
680	181
722	181
721	182
672	182

