1.00000000	5.11400856	-2.79226052	-1.79248879	1.48279071	1.56653210	4.21804817	0.03033547
1.00000000	23.76530045	-3.16284079	-1.77041350	1.56719565	1.63173754	3.82197907	0.03053440
1.00000000	24.45950006	13.93434876	-1.26280067	1.45475423	1.64468524	3.75179523	3.11194396
1.00000000	32.99980916	-3.22799934	-1.79131816	1.53825867	1.56580916	3.58844964	-0.03482221
1.00000000	10.86630821	-2.82808103	-1.79246203	1.58598828	1.62054457	4.01876161	0.01573547
1.00000000	19.04326615	14.01057494	-1.18010936	1.39577472	1.50248706	3.47140557	-3.13372540
1.00000000	31.27807065	14.04114271	-1.16902171	1.70784736	1.74306866	4.29544637	-3.06874919

820	354
981	353
1587	631
1185	639
820	199
981	199
1587	240
1185	241

676	227
723	227
747	236
692	236
676	182
723	182
747	184
692	184

185	224
133	224
204	216
249	216
185	177
133	177
204	176
249	176

663	215
696	215
703	220
667	220
663	183
696	183
703	184
667	184

728	276
820	275
924	324
789	324
728	185
820	185
924	190
789	190

51	234
-12	234
91	223
145	223
51	175
-12	175
91	174
145	174

286	211
241	212
282	207
321	206
286	169
241	169
282	169
321	169

