1.00000000	42.50466196	5.15706163	-1.79157684	1.70402217	1.75850187	4.83166983	0.62512195
1.00000000	45.58009599	2.87638463	-1.72484432	1.96129537	1.81427676	4.38139407	-3.06018949
1.00000000	47.14481454	9.00432436	-1.63938354	1.52002370	1.58488719	3.75513623	-2.38053966
1.00000000	16.24745319	16.15279097	-1.58836077	1.38014209	1.63596351	3.55813064	-3.13467097

490	209
516	208
557	212
530	213
490	181
516	181
557	181
530	182

581	208
550	209
550	205
578	205
581	176
550	176
550	175
578	175

499	206
477	207
446	205
466	204
499	182
477	182
446	182
466	182

-165	267
-249	267
-78	248
-11	248
-165	196
-249	196
-78	192
-11	192

