1.00000000	4.53601103	4.39544477	-1.86806111	1.41604638	1.58811572	3.72241986	-3.10640240
1.00000000	25.61779022	4.09670378	-1.88614545	1.57403672	1.61483131	3.92370820	3.12303090
1.00000000	18.77003343	4.13792761	-1.90690778	1.47774529	1.59798986	4.10034531	3.10977316
1.00000000	44.12229438	2.51418666	-1.72880862	1.48799503	1.57573035	3.57640950	-2.95892620

-423	736
-933	749
-4	396
187	394
-423	313
-933	316
-4	228
187	228

509	238
459	238
483	228
525	228
509	189
459	189
483	187
525	187

463	263
393	263
441	245
497	245
463	198
393	198
441	193
497	193

586	209
560	209
553	206
578	206
586	184
560	184
553	183
578	183

