1.00000000	4.02638598	-2.83675947	-1.70611928	1.51792371	1.62337799	4.05393274	0.00519608
1.00000000	9.47179167	-2.65610344	-1.64191435	1.61734545	1.68421629	4.22359548	0.05274697
1.00000000	18.32730268	14.10858757	-1.17468534	1.41822970	1.58500703	3.88248688	-3.12598014
1.00000000	18.72901917	-2.86020731	-1.53040979	1.46387732	1.60280843	3.67543258	0.01876080
1.00000000	20.38265404	-0.28994209	-1.44605968	1.55862176	1.70022485	3.87204415	-0.02493902
1.00000000	24.72173791	-2.93403927	-1.49617742	1.44801497	1.56013448	3.63196103	0.03529968
1.00000000	30.44944813	-3.02704510	-1.48439584	1.37126160	1.48054753	3.76666910	0.07334206
1.00000000	39.75938245	13.98262978	-1.14513681	1.46054506	1.61269809	3.76129307	3.04874420

871	378
1073	378
2180	863
1501	866
871	188
1073	188
2180	225
1501	225

723	277
829	277
982	338
815	340
723	174
829	174
982	174
815	174

18	237
-53	237
72	224
130	224
18	173
-53	173
72	173
130	173

684	230
741	230
773	243
703	243
684	178
741	178
773	179
703	179

595	224
651	224
656	235
588	235
595	173
651	173
656	173
588	173

669	218
711	218
732	225
682	225
669	178
711	178
732	179
682	179

659	211
692	210
710	216
673	216
659	180
692	180
710	181
673	181

354	204
324	204
356	201
383	201
354	176
324	176
356	175
383	175

