1.00000000	13.53278286	-0.36355822	-1.51918314	1.49716926	1.62082754	3.56239802	-0.02547284
1.00000000	16.53299583	-7.43966981	-1.22511170	1.62477732	1.68975105	4.08179791	-1.10284781
1.00000000	17.79392644	3.25774394	-1.57419131	1.51747739	1.64085627	3.98330030	3.12381864
1.00000000	24.32893452	-7.09121855	-1.19201587	1.74507546	1.65542897	4.10538190	3.10752726
1.00000000	41.03295929	-4.89969881	-1.04230783	1.48851573	1.68874703	4.08732138	0.05640883
1.00000000	37.95454879	1.92012536	-1.32368563	1.47599244	1.64819250	4.29752030	3.04746151
1.00000000	29.85521618	13.03600512	-1.65494237	1.45521522	1.45105327	3.54278213	2.37029076

593	248
671	248
685	272
583	272
593	176
671	176
685	178
583	178

969	222
1036	227
910	234
847	228
969	157
1036	156
910	153
847	155

498	252
422	252
462	236
523	236
498	182
422	182
462	180
523	180

869	215
814	215
786	208
832	208
869	158
814	158
786	160
832	160

677	195
705	195
720	197
688	197
677	170
705	170
720	170
688	170

584	206
551	206
565	202
594	203
584	176
551	176
565	176
594	176

254	225
241	223
327	219
343	221
254	187
241	187
327	186
343	186

