1.00000000	23.49859037	2.69355272	-1.51442097	1.52702665	1.65104850	3.92504178	3.10690260
1.00000000	12.77435328	-0.57177795	-1.54004608	1.45818949	1.58834567	3.36942108	-0.04810130
1.00000000	4.24671142	3.41373494	-1.72459291	2.13967681	1.89380363	4.84065539	-3.09837818
1.00000000	17.80711350	-6.45812938	-1.33043824	1.69662774	1.73965206	4.19281596	-0.97642702
1.00000000	43.26183419	0.59115761	-1.32939146	1.42686820	1.64268095	4.13956328	-0.08129334
1.00000000	26.55531482	-7.64489676	-1.13761054	1.61705256	1.57088512	3.60153317	-0.24433132

546	231
490	230
513	221
560	222
546	179
490	179
513	178
560	178

606	253
687	254
700	279
594	278
606	179
687	179
700	181
594	181

-433	961
-1399	1004
109	369
328	367
-433	-14
-1399	-24
109	126
328	126

898	223
961	227
853	236
791	230
898	160
961	159
853	157
791	159

590	200
617	200
612	203
583	202
590	177
617	177
612	177
583	177

798	205
840	205
848	210
799	209
798	163
840	163
848	162
799	162

