1.00000000	5.08095842	-2.70576477	-1.71012304	1.49404359	1.48868843	3.31406938	-0.12765841
1.00000000	16.34352835	2.20372049	-1.49402199	1.50180101	1.59553478	3.82420138	3.10321975
1.00000000	34.09720973	0.14372625	-1.29220961	2.08955312	1.86571667	4.97844062	2.90927076
1.00000000	9.57685584	-2.94927296	-1.62865589	1.44273543	1.60660461	4.26465994	-0.16662690
1.00000000	22.32733526	-2.93543966	-1.43395303	1.45785761	1.62285237	4.02453103	-0.39885640
1.00000000	14.09329490	-1.00775518	-1.51842103	1.52956128	1.63523272	3.60697727	-0.12046169

858	356
1034	361
1391	564
1017	541
858	191
1034	191
1391	211
1017	209

537	255
457	254
495	237
559	237
537	178
457	178
495	177
559	177

615	209
574	208
601	204
637	204
615	160
574	161
601	162
637	162

771	274
876	276
963	338
794	332
771	184
876	184
963	191
794	190

700	219
748	220
717	229
661	227
700	175
748	175
717	176
661	176

632	245
707	246
711	268
612	266
632	175
707	175
711	175
612	175

