1.00000000	17.58889650	-2.81377090	-1.45747946	1.53070152	1.56792590	3.66741199	0.01764991
1.00000000	10.24994599	-2.70761189	-1.58430431	1.33001351	1.51572118	3.55095393	-0.02299889
1.00000000	5.56308721	-2.47824067	-1.69854091	1.39158642	1.53305358	3.84449237	0.00046982
1.00000000	22.75810493	0.06023457	-1.36309789	1.56101525	1.63938889	4.11604204	-0.01224376
1.00000000	31.48834329	-2.39038969	-1.32276414	1.54026186	1.55350597	3.63587612	-0.00561393
1.00000000	22.39899133	-2.90536128	-1.40980695	1.45841575	1.49624410	3.57385842	0.06078254
1.00000000	38.26891749	14.50507766	-1.17346356	1.39440393	1.52594541	3.60739074	-3.05107808
1.00000000	44.02033153	14.16390570	-1.11468516	1.45202017	1.56252572	3.67110152	-3.09551525

687	230
746	230
782	244
709	244
687	173
746	173
782	173
709	173

736	270
830	270
918	313
784	312
736	188
830	188
918	195
784	195

788	338
942	338
1324	528
994	528
788	199
942	199
1324	229
994	229

586	217
634	217
638	226
580	226
586	171
634	171
638	171
580	171

646	206
680	206
689	210
650	210
646	173
680	173
689	173
650	173

673	219
718	219
745	227
692	227
673	175
718	175
745	175
692	175

340	205
309	205
330	202
359	202
340	177
309	177
330	177
359	177

382	201
354	201
372	198
397	198
382	176
354	176
372	175
397	175

