1.00000000	7.06139740	-2.70815899	-1.67104397	1.49072576	1.54979072	3.41875898	-0.09839074
1.00000000	21.25447675	1.89394449	-1.52478323	1.52552712	1.56099608	3.73394928	3.03300524
1.00000000	2.89514567	2.67714450	-1.70663331	1.49201715	1.54695511	3.44257731	3.12976336
1.00000000	11.40748702	-2.92487395	-1.62811468	1.43973458	1.53171389	3.86978168	-0.13057877
1.00000000	38.30823396	-0.28797451	-1.25584386	2.03126717	1.78738832	4.87636516	2.92002869
1.00000000	22.98528019	-2.49650102	-1.48787151	1.49849856	1.60802838	3.69145713	-0.22648329
1.00000000	14.83677061	-0.84302802	-1.51941417	1.46311760	1.59802625	3.65942089	-0.08457068
1.00000000	23.81661315	13.95541994	-1.88174019	1.54075837	1.66421689	4.13565322	-1.35804701

793	311
929	313
1098	409
868	402
793	185
929	185
1098	194
868	193

562	236
504	236
534	226
582	226
562	179
504	179
534	178
582	178

-909	1561
-2124	1533
51	453
307	455
-909	335
-2124	331
51	205
307	205

746	262
833	264
887	302
763	300
746	183
833	184
887	188
763	188

623	204
588	204
610	200
641	201
623	163
588	163
610	164
641	164

674	220
721	221
712	229
656	228
674	176
721	176
712	177
656	177

621	242
692	243
698	263
607	262
621	178
692	178
698	180
607	180

259	236
245	241
100	244
124	239
259	192
245	193
100	194
124	192

