1.00000000	13.51397539	3.55039145	-1.61398564	1.48883867	1.69188161	4.03614013	3.12638855
1.00000000	22.93202752	-6.77500775	-1.09910796	1.66383994	1.66355152	3.92183003	-3.13408375
1.00000000	14.25512088	-0.29852767	-1.46227525	1.45714808	1.59675573	3.44697112	-0.02517054
1.00000000	15.49416090	-8.35018032	-1.05598174	1.56928635	1.64404747	3.85393312	-1.18341613
1.00000000	33.93173469	2.54371292	-1.24777601	1.47339010	1.74327571	4.49796695	2.89928532
1.00000000	39.45066552	-4.49413124	-0.91277359	1.51927161	1.63352191	3.97983162	0.00997672

438	283
329	283
406	254
486	254
438	187
329	187
406	183
486	183

877	214
819	214
785	207
834	207
877	156
819	156
785	159
834	159

592	243
665	243
676	263
582	262
592	176
665	176
676	177
582	177

1037	218
1109	222
974	228
909	222
1037	150
1109	148
974	145
909	148

559	208
521	208
554	203
587	204
559	174
521	174
554	174
587	174

675	193
703	193
714	196
682	196
675	167
703	167
714	166
682	166

