1.00000000	2.46064459	3.43451500	-1.79976163	1.46129978	1.69672590	4.29742807	-3.07168460
1.00000000	19.25539217	-5.96686037	-1.20350788	1.69453990	1.60513693	4.01589902	-3.09201050
1.00000000	22.30390248	3.90856392	-1.56997536	1.47926545	1.69491188	4.24363801	3.10934782
1.00000000	17.06919294	0.04814299	-1.50446842	1.55299854	1.58264527	3.55755655	0.00027358
1.00000000	36.43186218	3.66727176	-1.46520350	1.48343289	1.56877809	4.10892085	-3.01909828
1.00000000	8.28703454	-9.25350691	-1.24180947	1.43558788	1.58352946	3.68382805	-2.27496505
1.00000000	35.89646189	-3.20123371	-1.19905696	1.54070604	1.69693843	4.03382778	0.04121762
1.00000000	12.62720635	-10.79286902	-1.08652733	1.56207395	1.59232554	3.76721777	-1.37862122

-18634	14729
98161	-42807
-128	475
170	467
-18634	2819
98161	-7642
-128	227
170	226

904	226
837	226
786	216
841	216
904	154
837	154
786	158
841	158

498	237
437	236
471	225
522	225
498	183
437	183
471	181
522	181

579	235
641	235
649	250
572	250
579	174
641	174
649	175
572	175

555	211
522	211
522	207
551	206
555	179
522	179
522	179
551	178

1703	285
1797	307
1231	269
1230	257
1703	145
1797	140
1231	149
1230	152

654	200
687	200
699	204
663	204
654	171
687	171
699	171
663	171

1281	227
1388	235
1199	239
1110	231
1281	144
1388	140
1199	138
1110	142

