1.00000000	4.57464676	-4.78066896	-1.61765061	1.55652964	1.67336778	3.91389477	-1.32976246
1.00000000	7.11279041	-6.76116943	-1.49192904	1.58158469	1.63772687	3.71207124	-1.40864825
1.00000000	9.63588953	-7.16161602	-1.45480631	1.43070626	1.50983255	3.84832244	-1.34417069
1.00000000	19.04092337	-7.77916281	-1.04936049	1.48185134	1.63495854	3.25586074	-0.51905417
1.00000000	16.83239937	-9.42341277	-1.22643922	1.48852122	1.66525480	3.71183471	-0.42340344
1.00000000	25.43283764	-13.86817004	-0.79017303	1.48025858	1.56619172	3.73139036	-0.62354368
1.00000000	47.53082677	-22.12462770	-0.46878241	1.80464792	1.86598913	4.88955316	-0.37294108
1.00000000	25.23224228	9.61824216	-1.05712531	1.41899705	1.66146096	3.79864103	2.72512341

1459	372
1882	454
1366	542
1038	412
1459	170
1882	169
1366	168
1038	170

1385	301
1614	334
1257	351
1088	312
1385	158
1614	154
1257	152
1088	156

1222	269
1349	284
1097	296
997	277
1222	171
1349	170
1097	170
997	170

888	211
951	212
939	219
867	217
888	159
951	158
939	156
867	156

978	220
1053	222
1081	233
988	231
978	162
1053	162
1081	159
988	160

992	195
1040	195
1029	198
975	197
992	155
1040	155
1029	152
975	153

931	182
960	182
968	183
934	183
931	156
960	156
968	154
934	154

308	215
270	214
354	208
390	209
308	170
270	170
354	170
390	170

