1.00000000	14.34459310	2.85414897	-1.66198907	2.03049397	1.88719803	4.70500714	3.07120490
1.00000000	33.58992024	0.47385818	-1.46239207	1.47871137	1.65556199	4.27883550	2.97232151
1.00000000	19.59337435	-5.30205275	-1.38770650	1.56367493	1.69573364	4.11701579	-0.82707161
1.00000000	12.23330121	-1.01628053	-1.58593843	1.48070097	1.60228328	3.51357084	-0.08859944
1.00000000	29.31859619	-9.14315174	-1.19726358	1.74350047	1.71056484	3.96343438	-0.37261853
1.00000000	33.51643713	13.30322215	-1.73193501	1.55999851	1.73678084	4.19817598	-0.51242673

485	282
371	281
453	250
535	250
485	156
371	156
453	161
535	161

611	213
573	212
592	208
625	208
611	178
573	178
592	178
625	178

823	222
877	225
794	233
737	229
823	169
877	169
794	168
737	168

633	258
717	259
733	288
619	287
633	180
717	180
733	183
619	183

821	203
863	204
859	208
811	207
821	163
863	163
859	161
811	162

346	216
371	217
295	222
269	221
346	184
371	185
295	186
269	186

