1.00000000	10.59809358	-2.76617000	-1.73160623	1.52742362	1.65717617	4.10106747	0.03949931
1.00000000	16.35545680	-2.81188864	-1.73440001	1.60982585	1.64006039	3.87770722	0.01578513
1.00000000	29.19995910	-3.00161462	-1.67463027	1.48142958	1.54120546	3.63466677	0.02380347
1.00000000	29.91481078	14.01249986	-1.16390989	1.46676230	1.55389231	4.07094924	3.13616276
1.00000000	36.79015762	14.16480165	-1.19774364	1.54040098	1.70128957	4.06570215	-0.12234808
1.00000000	38.51777629	-3.02998141	-1.60850690	1.42238772	1.52692920	3.60738604	0.00427295

722	274
818	274
936	324
793	325
722	185
818	185
936	191
793	191

691	245
756	244
800	264
716	264
691	180
756	180
800	182
716	182

662	216
698	216
713	222
672	222
662	182
698	182
713	183
672	183

265	213
224	213
274	208
309	208
265	175
224	175
274	174
309	174

335	203
365	203
326	207
292	207
335	175
365	175
326	175
292	175

651	207
679	207
686	210
656	210
651	181
679	181
686	182
656	182

