1.00000000	6.54369969	-2.90355682	-1.69487069	1.50005507	1.57859749	3.68314605	-0.00262608
1.00000000	20.54055114	-2.58464562	-1.56546078	1.46491075	1.52420480	3.85307419	-0.04648696
1.00000000	42.99738533	13.70372270	-1.04601477	1.46587789	1.78741640	3.98209032	-3.09979796
1.00000000	22.05413768	-0.06612978	-1.54406724	1.59449983	1.65000072	4.26870020	-0.07220820
1.00000000	11.12770030	-2.96931518	-1.61396621	1.47987533	1.50394753	3.25399857	0.02141245
1.00000000	32.94466169	13.84189003	-1.29449652	1.56248224	1.64225180	3.70469438	-3.14058208
1.00000000	27.31947146	14.13279333	-1.36240933	1.42476475	1.64796177	3.83547607	-3.13896418

805	320
945	320
1225	443
966	443
805	186
945	186
1225	198
966	198

674	227
724	227
741	239
680	238
674	179
724	179
741	181
680	181

385	200
353	200
373	198
402	198
385	174
353	174
373	174
402	174

593	224
643	224
639	235
579	235
593	175
643	175
639	176
579	176

740	266
827	266
909	299
792	300
740	181
827	181
909	184
792	184

306	212
268	212
304	208
338	208
306	176
268	176
304	175
338	175

229	222
182	222
238	215
279	215
229	181
182	181
238	180
279	180

