1.00000000	24.16720390	-1.40350743	-0.83442257	1.49691153	1.60783231	3.76849018	-0.02434466
1.00000000	15.44385458	-3.75306983	-1.40959213	1.38492846	1.55536407	3.33986722	-0.02401260
1.00000000	10.53933093	-3.27389366	-1.51490579	1.42983997	1.63102981	3.92959494	-0.03289286
1.00000000	20.30976446	-3.70129535	-1.29123328	1.47070134	1.48284373	3.65403044	0.00066807
1.00000000	32.32661297	-4.85978377	-0.86525748	1.40060210	1.54147117	3.72762053	-0.05531421

629	200
674	200
682	205
630	205
629	158
674	158
682	156
630	156

741	235
808	235
854	250
770	250
741	175
808	175
854	176
770	176

762	262
859	262
967	305
823	304
762	177
859	177
967	180
823	180

709	218
758	218
788	227
729	227
709	170
758	170
788	169
729	169

700	195
733	195
743	198
706	198
700	165
733	165
743	165
706	165

