1.00000000	4.43803699	-2.69869754	-1.68437217	1.49409437	1.47854937	3.32648378	-0.09939205
1.00000000	14.62166435	2.25441330	-1.50138305	1.46439338	1.63314829	3.66100230	3.09040928
1.00000000	22.08444194	-3.08318389	-1.37289165	1.42401481	1.57191424	3.90142955	-0.39570379
1.00000000	8.92952241	-2.94973474	-1.60074172	1.52380681	1.60345921	4.18234060	-0.16500904
1.00000000	32.54445478	0.38583404	-1.19712160	1.98280764	1.83199064	4.74248497	2.95259690
1.00000000	13.85030495	-1.03018158	-1.48804543	1.48054886	1.60034064	3.50105982	-0.11517193
1.00000000	21.17215960	13.93999050	-1.81685583	1.49437690	1.64179990	3.90330333	-1.32764077
1.00000000	20.08967023	19.53510987	-2.00535748	1.40077710	1.61112453	3.62208674	-1.39255416
1.00000000	35.66897794	-10.80658310	-1.04879520	1.65975714	1.59628925	3.54781590	-0.00406036

880	372
1072	377
1606	657
1135	629
880	189
1072	189
1606	212
1135	210

525	265
432	264
480	244
552	244
525	180
432	180
480	178
552	179

705	217
753	219
724	227
669	226
705	175
753	175
724	175
669	175

781	278
893	281
998	350
812	343
781	177
893	177
998	179
812	179

613	208
569	207
593	203
631	203
613	160
569	160
593	162
631	162

633	245
709	246
714	267
616	266
633	175
709	175
714	176
616	176

213	241
196	246
37	250
66	244
213	192
196	194
37	195
66	193

-4	253
-44	260
-204	263
-151	256
-4	205
-44	208
-204	209
-151	206

805	196
836	196
860	199
825	199
805	164
836	164
860	163
825	163

