1.00000000	9.02592320	-2.76571073	-1.71878646	1.54852605	1.59508492	4.02628717	0.02680574
1.00000000	27.67205489	-3.09176696	-1.65208767	1.52843857	1.57208976	3.84891598	0.02336814
1.00000000	28.33337784	13.89375988	-1.25130675	1.49267566	1.52910320	3.89012914	3.14092040
1.00000000	35.24054979	14.06899502	-1.10349153	1.61040235	1.71241133	4.16380826	-3.05985761
1.00000000	14.81434421	-2.82052944	-1.72793720	1.51886761	1.61126789	4.01331312	0.01450382
1.00000000	23.08372949	14.11033681	-1.17337201	1.34594989	1.51625825	3.43412600	3.12331057

743	287
849	287
1004	355
835	356
743	183
849	183
1004	189
835	190

667	218
705	217
722	224
678	224
667	180
705	180
722	181
678	181

248	217
206	217
258	211
295	211
248	176
206	176
258	175
295	175

325	206
286	206
316	203
350	202
325	171
286	171
316	171
350	171

699	250
769	250
824	275
732	275
699	184
769	184
824	187
732	187

153	223
102	223
175	216
219	216
153	177
102	177
175	177
219	177

