1.00000000	44.90900040	4.99863876	-1.83339653	1.71208549	1.69519547	4.81949574	0.66116804
1.00000000	13.55356668	-22.91690299	-2.50191624	1.55220985	1.56180937	3.95911054	0.88788557
1.00000000	47.89249019	2.82121458	-1.80628953	1.84834456	1.74207154	4.35533743	-2.62859511
1.00000000	18.79230926	16.07047382	-1.56231795	1.36729336	1.60609374	3.54006479	-3.09444165

498	208
521	207
563	210
539	211
498	181
521	181
563	182
539	182

1698	293
1658	283
2041	305
2131	320
1698	213
1658	209
2041	217
2131	221

595	208
570	208
542	206
565	205
595	179
570	179
542	178
565	178

-40	252
-112	252
7	238
67	238
-40	193
-112	193
7	190
67	190

