0.00000000	32.78167373	-9.45200042	-1.26483105	1.75447536	0.60674403	0.78688170	-0.27763328
0.00000000	18.31006376	-6.33231841	-1.34008072	1.79535174	0.51148028	1.25091280	-0.38630062
1.00000000	12.11179432	5.08308662	-1.74872951	1.40016341	1.53349669	3.51508448	-0.12502025
2.00000000	18.33537127	-6.81905119	-1.33061002	1.79707265	0.49357928	1.45948592	-0.15729900

803	200
816	200
816	200
803	200
803	162
816	162
816	161
803	161

844	222
865	222
863	225
841	224
844	154
865	153
863	152
841	152

314	268
390	269
284	300
184	298
314	195
390	195
284	201
184	200

856	221
876	221
889	224
868	224
856	153
876	153
889	151
868	151

