0.00000000	12.89473709	-5.35483988	-1.71182130	1.92513371	0.58520264	1.07633268	-2.81501889
0.00000000	13.01228624	-5.96324645	-1.69556640	1.87517667	0.59872246	1.01479112	-2.76721644
0.00000000	14.72566128	-6.80568846	-1.68336008	1.78800678	0.62848569	1.24372409	3.03398609
0.00000000	14.73039075	-6.11580548	-1.67559848	1.83488178	0.63402614	1.02134425	-2.72820115
1.00000000	33.48849447	0.89336696	-2.07011269	1.44508982	1.60090453	4.10394888	2.74926186

943	268
916	269
872	262
898	261
943	156
916	156
872	158
898	158

974	265
948	267
903	261
928	259
974	158
948	157
903	159
928	159

968	255
934	254
913	248
944	249
968	163
934	163
913	164
944	164

937	253
914	255
874	250
897	249
937	161
914	161
874	162
897	162

582	222
550	221
587	217
617	218
582	189
550	189
587	188
617	188

