0.00000000	25.12165873	-8.75300483	-1.29527591	1.80918062	0.60091168	0.97808148	-0.60933280
0.00000000	25.04625069	-8.05724169	-1.29747937	1.83234358	0.57585894	1.00134580	-0.54384083
1.00000000	24.64184259	5.37894901	-1.53589437	1.42972517	1.66254420	3.84422792	3.08349967
1.00000000	36.38471302	4.75816476	-1.41813181	1.50909615	1.57543327	3.43980319	0.01135068
1.00000000	34.13446577	-5.03509672	-1.22530959	1.43826318	1.65197269	4.02782967	-1.55908751
1.00000000	36.63365213	-4.88632227	-1.14148090	1.47171152	1.53549439	3.68041145	1.43577528

849	208
866	208
858	209
841	208
849	157
866	157
858	156
841	156

829	208
846	208
839	209
822	209
829	157
846	156
839	156
822	156

457	225
405	225
440	218
484	218
457	179
405	179
440	180
484	180

499	203
529	203
522	205
490	205
499	175
529	175
522	174
490	174

747	199
755	200
669	200
665	199
747	169
755	169
669	169
665	169

662	196
663	196
734	196
736	197
662	167
663	168
734	168
736	167

