0.00000000	6.71232060	-4.04015591	-1.52573834	1.83816743	0.54442157	0.92551034	0.00539875
0.00000000	18.99782356	-6.31508200	-1.16203449	1.75356197	0.58327521	0.74610961	-0.39045858
0.00000000	31.07388396	-9.34259264	-1.03729556	1.74446678	0.56398570	0.80339564	-0.82363480
0.00000000	6.29088251	-5.10771777	-1.51945374	1.80333018	0.53761747	0.90020291	0.26676682
1.00000000	45.58183770	2.58892210	-1.07895456	1.47119641	1.58577436	3.55742982	-0.03098477
1.00000000	6.59036699	5.15232337	-1.70377098	1.59725523	1.57304924	4.15356881	2.80661058
1.00000000	33.84321614	3.69825614	-1.31573461	1.56183434	1.60251683	4.27551144	3.01577282

996	322
1052	322
1123	344
1058	344
996	132
1052	132
1123	125
1058	125

833	214
856	214
854	216
831	215
833	149
856	149
854	148
831	148

817	196
829	196
819	196
808	196
817	156
829	156
819	155
808	156

1136	332
1181	328
1300	351
1251	356
1136	130
1181	132
1300	124
1251	123

553	192
577	192
573	193
547	193
553	170
577	170
573	169
547	169

-277	473
-407	439
173	319
277	329
-277	193
-407	192
173	186
277	187

532	205
497	205
520	202
551	202
532	170
497	170
520	171
551	171

