0.00000000	10.63401825	-3.85731145	-1.56947861	1.86078572	0.67729056	1.07181190	0.01696811
0.00000000	10.96076965	-4.56018197	-1.55582676	1.81338573	0.67923281	0.95893521	-0.00028104
0.00000000	10.88774832	-5.35787783	-1.54863546	1.83875728	0.64621242	0.97830672	2.76606488
1.00000000	3.06926056	3.11066979	-1.79956697	1.97371197	1.78994646	4.65632865	-3.10009456
1.00000000	21.53361722	5.37720479	-1.57336281	1.42842460	1.50518935	3.43267761	-0.12848426
1.00000000	13.55701748	6.01406599	-1.66067324	1.35287356	1.52631794	3.67949605	-3.13232541

835	271
879	271
910	281
862	281
835	150
879	150
910	147
862	147

874	268
917	268
947	276
900	276
874	152
917	152
947	150
900	150

994	276
943	274
938	266
984	268
994	146
943	147
938	150
984	149

-2585	2903
-6504	3431
36	427
291	424
-2585	-147
-6504	-210
36	150
291	151

423	225
468	225
428	233
376	233
423	181
468	181
428	181
376	181

281	280
186	280
286	255
358	255
281	196
186	196
286	192
358	192

