0.00000000	16.75533621	-4.75422332	-1.41189645	1.80058050	0.58848556	0.80144805	-0.33864382
0.00000000	16.10042170	-6.01165295	-1.35860584	1.76823330	0.58213755	0.78306379	-0.07146935
0.00000000	24.65385136	-7.32812756	-1.07855807	1.66821361	0.68055180	0.57628900	-0.43178621
0.00000000	16.75396217	-5.36454979	-1.38806222	1.73856246	0.57943487	0.71033741	-0.10189183
1.00000000	14.82913996	4.66596453	-1.60134469	1.67043555	1.69213947	4.19462919	2.73657084
1.00000000	21.81305132	15.92588425	-1.45521615	1.48471117	1.52487676	3.56668265	0.23666544
1.00000000	22.40163151	13.29159486	-1.41992734	1.49557686	1.55782903	3.89643092	0.29527935

797	230
823	231
822	233
795	233
797	155
823	155
822	153
795	154

856	230
882	230
893	232
866	232
856	152
882	152
893	151
866	151

808	203
828	203
826	203
805	203
808	155
828	155
826	154
805	154

820	229
845	229
852	231
826	231
820	156
845	156
852	155
826	155

333	268
262	263
410	244
471	247
333	171
262	172
410	174
471	173

80	226
132	225
80	233
17	234
80	180
132	180
80	180
17	180

169	222
220	221
190	229
127	230
169	177
220	178
190	177
127	177

