0.00000000	13.39931112	-6.03302278	-1.40580652	1.80983973	0.58455044	0.85675701	-0.07419316
0.00000000	27.73018134	-9.10823847	-1.27660249	1.74412727	0.63958215	0.84773929	1.95757473
0.00000000	29.24185803	-10.25310943	-1.22811172	1.78903079	0.61990152	0.81266604	2.36141872
0.00000000	27.83627259	-8.49025751	-1.28741501	1.71378291	0.63583184	0.89153993	2.47168064
1.00000000	8.03054257	5.32766141	-1.67000280	1.40941930	1.54358635	3.51293150	-0.09265030

907	242
938	243
958	247
924	247
907	148
938	148
958	146
924	146

836	205
824	204
842	204
853	205
836	159
824	160
842	160
853	159

857	202
842	202
852	201
866	201
857	157
842	158
852	158
866	158

826	205
810	205
818	204
834	205
826	161
810	161
818	161
834	161

167	301
276	303
42	376
-124	372
167	197
276	197
42	207
-124	206

