0.00000000	21.26133818	-6.28959631	-1.39625130	1.81028247	0.63704205	0.87563584	0.05623407
0.00000000	21.29126097	-7.12343643	-1.39882443	1.82418060	0.61526420	0.86806526	0.09674121
1.00000000	6.46208964	5.83721211	-1.83611618	1.46745181	1.55990312	3.80897083	3.12469649
1.00000000	14.44860509	5.15787727	-1.76476501	1.38826644	1.47523331	3.44601148	-0.10645281

801	218
822	218
833	219
811	219
801	158
822	158
833	157
811	157

828	217
848	217
861	219
841	219
828	157
848	157
861	156
841	156

-240	484
-494	482
30	339
165	340
-240	238
-494	238
30	211
165	211

352	255
415	256
342	277
262	276
352	194
415	194
342	197
262	197

