0.00000000	9.37278459	-8.68800439	-1.30896852	1.79278851	0.58020996	0.88573702	3.09228778
0.00000000	10.04446745	-5.14976978	-1.51690743	1.80852199	0.62361226	1.08988285	-0.12717339
0.00000000	9.89414391	-7.82962724	-1.34431396	1.86044943	0.59873340	0.85787514	-2.96324182
0.00000000	31.17979702	-5.75644343	-1.36265371	1.86475933	0.64717304	0.70320368	3.07582927
0.00000000	9.90812151	-7.04277189	-1.38948534	1.81646228	0.60392508	0.89719735	-2.79591656
0.00000000	9.78252888	-6.33627239	-1.44733713	1.85478854	0.64844599	0.98284993	-2.99092937
1.00000000	20.43152106	5.84903014	-1.63389538	1.50985610	1.54248617	3.63807333	-3.12866712
1.00000000	33.83277090	3.04835470	-1.47575078	1.86005473	1.76686801	4.39208087	3.06124783
1.00000000	12.35356582	5.90499075	-1.71341179	1.41663444	1.53646846	3.36920995	-0.00289910
1.00000000	36.64712655	5.36731419	-1.49531792	1.40213048	1.43688807	3.40273412	-0.00004337
2.00000000	21.67536585	3.92627967	-1.56101261	1.78195834	0.58921874	1.74218746	3.12733364

1342	269
1292	269
1232	261
1277	261
1342	122
1292	122
1232	128
1277	127

943	272
988	272
1023	283
972	282
943	148
988	147
1023	144
972	144

1236	267
1197	268
1136	260
1172	259
1236	124
1197	123
1136	128
1172	129

744	205
729	205
727	204
742	204
744	161
729	161
727	162
742	162

1176	270
1145	272
1077	264
1107	263
1176	132
1145	131
1077	135
1107	136

1133	278
1089	279
1030	269
1072	269
1133	133
1089	132
1030	137
1072	137

409	240
349	240
390	230
440	230
409	181
349	181
390	181
440	181

551	209
511	209
529	205
564	205
551	167
511	167
529	168
564	168

262	266
341	266
255	294
150	294
262	193
341	193
255	197
150	197

490	204
517	204
509	207
479	207
490	178
517	178
509	178
479	178

479	230
458	230
470	226
489	226
479	168
458	168
470	169
489	169

