0.00000000	11.72824157	-5.06328533	-1.45760797	1.83600152	0.57167329	1.10051679	-0.21722707
0.00000000	11.54664818	-6.07335442	-1.39043258	1.79025280	0.60966721	0.98874192	-0.09758779
0.00000000	11.71430036	-6.97937890	-1.34319041	1.79977226	0.62501956	0.87922325	-2.92749715
0.00000000	11.21147934	-8.51159723	-1.30995820	1.76328325	0.59960159	0.91730709	2.92933226
0.00000000	11.70228782	-7.76404331	-1.30874513	1.75214410	0.61322655	0.84473953	3.06962729
0.00000000	35.57995244	-4.81784595	-1.04009912	1.79644632	0.52269293	0.60759065	-2.84273553
0.00000000	35.57638620	-5.45558428	-1.03665433	1.83109295	0.52965660	0.62321197	-3.12340331
0.00000000	35.34216630	-3.98039065	-1.07715891	1.78738260	0.51789566	0.75055322	-2.74700713
1.00000000	23.45518815	6.02562051	-1.57783518	1.56313014	1.54990836	3.71239311	-3.12085676
1.00000000	15.33166986	5.95648163	-1.63827465	1.43120897	1.57022664	3.41125005	0.00201334
1.00000000	40.36903381	3.02300704	-1.18922852	1.56414628	1.66981424	4.25045522	-3.05450416
2.00000000	19.45573405	-9.47729286	-1.12148378	1.88627529	0.64465278	1.61152560	0.18393968
2.00000000	28.84011520	4.06107150	-1.38209603	1.74887514	0.62095821	1.73703730	-3.05958819

894	255
931	255
947	263
908	262
894	147
931	146
947	143
908	143

956	252
994	252
1024	259
982	258
956	144
994	144
1024	140
982	141

1078	252
1045	253
1001	248
1033	247
1078	137
1045	137
1001	140
1033	140

1199	253
1152	253
1121	247
1163	248
1199	134
1152	134
1121	138
1163	137

1125	250
1084	250
1053	245
1091	245
1125	137
1084	137
1053	140
1091	140

707	195
698	195
693	195
702	194
707	158
698	158
693	159
702	159

719	195
709	195
707	194
717	194
719	157
709	157
707	158
717	158

692	196
683	196
676	196
685	196
692	159
683	159
676	160
685	160

431	229
379	229
411	222
455	222
431	177
379	177
411	177
455	177

320	247
386	247
331	264
247	264
320	186
386	186
331	188
247	188

566	198
535	198
536	196
564	196
566	169
535	169
536	170
564	170

925	210
945	210
986	212
964	212
925	143
945	143
986	140
964	139

510	211
494	211
497	209
512	209
510	167
494	166
497	167
512	167

