0.00000000	12.36076229	-5.87143271	-1.72093127	1.89287233	0.59177146	1.08375361	-2.77851486
0.00000000	37.02234469	-10.05143743	-1.81780861	1.69470763	0.62222481	0.70413092	2.94225621
0.00000000	37.34646847	-9.37923758	-1.85436068	1.72629356	0.61128794	0.71749601	-2.70220065
1.00000000	32.92547778	1.08311804	-2.09645412	1.47551870	1.61615108	4.01703245	2.61048603

991	272
964	274
913	266
938	265
991	157
964	157
913	159
938	159

804	208
791	208
791	207
803	207
804	175
791	175
791	175
803	175

792	208
782	209
774	208
783	208
792	175
782	175
774	175
783	175

571	224
541	222
588	218
617	219
571	189
541	189
588	188
617	188

