0.00000000	7.96230969	-5.42882744	-1.66096137	1.85092545	0.62309445	1.00600586	-2.93062639
0.00000000	9.71429724	-5.40607227	-1.63929282	1.93157244	0.58707622	1.01311724	-0.86889929
0.00000000	7.84249557	-4.76669638	-1.67442177	1.85341167	0.55616141	1.03078649	-2.63959002
0.00000000	9.73600400	-6.20122332	-1.64740131	1.80612850	0.56948999	0.98815976	2.35408044
1.00000000	28.84810347	2.55679331	-1.74397228	1.64675665	1.65106686	4.28702172	2.61949730

1179	326
1129	328
1047	310
1092	308
1179	144
1129	144
1047	148
1092	149

1005	283
1052	288
1023	296
974	291
1005	146
1052	145
1023	142
974	144

1124	328
1094	334
993	316
1023	312
1124	146
1094	145
993	149
1023	150

1089	296
1037	291
1057	283
1105	287
1089	152
1037	153
1057	155
1105	154

526	222
491	221
553	216
586	217
526	178
491	178
553	178
586	178

