0.00000000	24.15394783	-8.04029891	-1.31630300	1.79282904	0.59130188	0.86422970	-0.47859427
0.00000000	24.30104958	-8.66129398	-1.26666592	1.84076011	0.62011869	0.87106228	-0.47755229
0.00000000	12.11908742	-5.86998463	-1.42266880	1.79335928	0.48938786	0.81865709	-0.35563529
1.00000000	23.32410561	5.61040577	-1.56127761	1.52447438	1.69810229	3.83036168	3.06429410
1.00000000	32.95739826	-4.76145744	-1.20434092	1.49189353	1.66031781	4.05445099	-1.56158292
1.00000000	35.17697736	4.96036379	-1.52334331	1.47249937	1.55804879	3.57421197	-0.01137508
1.00000000	18.30780883	21.16126010	-1.26658891	1.55038929	1.63016853	3.70669334	-3.00609660
1.00000000	23.93737592	23.27156067	-0.86183248	1.51131916	1.71412590	4.04160870	-1.49822247

836	210
854	210
850	211
831	211
836	158
854	157
850	157
831	157

852	208
871	208
867	209
848	209
852	155
871	154
867	154
848	154

939	250
970	251
977	256
944	255
939	147
970	147
977	144
944	145

439	229
384	228
426	221
473	221
439	177
384	177
426	178
473	178

747	199
755	200
665	200
661	199
747	168
755	167
665	167
661	168

493	206
523	206
514	209
480	209
493	177
523	177
514	177
480	177

-270	240
-354	241
-193	230
-126	229
-270	173
-354	172
-193	174
-126	174

-8	208
-50	210
-185	210
-133	208
-8	165
-50	163
-185	163
-133	164

