0.00000000	25.30414431	-8.17938478	-1.31848667	1.83765316	0.57866452	0.92946111	-0.58269989
0.00000000	13.20312400	-5.94008722	-1.39401184	1.73361838	0.50352051	0.78283415	-0.11579151
0.00000000	25.37047236	-8.80560498	-1.30557940	1.80992365	0.61137296	0.87841781	-0.59959054
1.00000000	34.60361581	-5.07069889	-1.21835516	1.42530239	1.67606959	3.96968597	-1.58881795
1.00000000	25.02648203	5.34944283	-1.51550768	1.43998718	1.65745036	3.81894676	3.12396789
1.00000000	36.97191540	4.65404109	-1.42132316	1.55118299	1.62025157	3.55468518	-0.00080602

831	208
847	209
840	209
823	209
831	157
847	157
840	156
823	157

910	243
938	243
954	247
924	247
910	151
938	151
954	149
924	149

847	208
865	208
858	209
840	208
847	158
865	157
858	157
840	157

746	198
753	199
668	199
666	198
746	170
753	169
668	169
666	170

463	223
412	223
441	217
485	217
463	178
412	178
441	179
485	179

503	203
533	203
526	205
493	205
503	174
533	174
526	173
493	173

