1.00000000	9.80059097	-0.11280210	-1.65188966	1.52392530	1.61507051	3.31984413	-0.02370328
1.00000000	21.93258185	-0.55368323	-1.52165816	1.58340716	1.66828554	3.75388076	-0.09434995
1.00000000	16.52383553	2.66483959	-1.57506321	1.63644028	1.68245843	4.05506617	-0.03613811
1.00000000	28.40121922	-20.68302725	-0.71038149	1.96170557	1.87738867	4.78797963	0.19000813

572	280
676	281
697	327
549	326
572	182
676	182
697	186
549	186

608	223
660	224
656	233
595	233
608	175
660	175
656	176
595	175

477	239
543	240
516	259
432	258
477	175
543	175
516	176
432	176

1071	189
1109	189
1224	192
1181	192
1071	143
1109	143
1224	138
1181	137

