0.00000000	9.64692957	-3.72045668	-1.56564425	1.69111395	0.70997265	0.91461296	-1.63841701	10.339489737714187	-0.36808548436341054
0.00000000	17.64758512	12.36876187	-1.12143884	1.86150837	0.66313383	1.03555204	-3.09689903	21.550487947246374	0.6113133759919148
0.00000000	30.43094183	17.47036482	-0.64927099	1.99798465	0.75840205	0.55467851	0.47099373	35.0892557288515	0.521156681832197
0.00000000	21.81836931	4.82813183	-1.41224967	1.81077003	0.72576364	1.17467995	0.31422979	22.346187511864503	0.21777800961961066
0.00000000	40.89932944	15.95269755	-0.57696579	1.90454113	0.67378471	0.78319986	1.14317167	43.90038391362229	0.37189764922529644
0.00000000	40.93955943	15.20199776	-0.59364865	1.88167262	0.66122303	0.78366752	0.68771720	43.67090864886541	0.3555473531412769
0.00000000	10.31206658	-4.16757684	-1.57545696	1.60889411	0.65234347	0.89911528	-0.89386648	11.122383461635248	-0.3840750956382089
0.00000000	22.39626332	3.78600422	-1.39186595	1.84333050	0.72257558	1.06707270	0.27608132	22.714014146615195	0.16746304578510823
0.00000000	41.07439643	14.66861273	-0.65192459	1.84858024	0.64039301	1.05111544	1.00735044	43.61506897290792	0.343006352202602
1.00000000	24.79455095	-19.21183059	-2.15106712	1.55468452	1.68877071	3.96111451	-3.11051869	31.36660949849387	-0.6592106221047553
1.00000000	24.31263673	-13.77669761	-1.93976347	1.55366755	1.59703430	3.33654128	0.09373708	27.944618476592677	-0.515534586168278
1.00000000	24.04658418	-16.30491708	-1.99312673	1.34365380	1.56576649	3.30725281	0.12380648	29.053201746305035	-0.5958457469840621
1.00000000	37.27262648	-0.79468175	-1.31570075	1.42092168	1.53499544	3.30834859	0.03368976	37.28109713784427	-0.02131755777517173
2.00000000	21.81836931	4.82813183	-1.41224967	1.81077003	0.72576364	1.17467995	0.31422979	22.346187511864503	0.21777800961961066
