0.00000000	9.36210155	-4.04867624	-1.60239981	1.71731138	0.74678652	0.93391444	-1.87685990	10.200035525862297	-0.40816709135557405
0.00000000	30.45177711	17.47121811	-0.66835306	1.97849965	0.74293064	0.55151711	0.50071049	35.107751158459465	0.5208822827775198
0.00000000	18.06669863	12.36778560	-1.12273477	1.87197638	0.72463288	1.10995142	-3.10760164	21.89446779519455	0.6002899605904795
0.00000000	22.18305186	5.13184196	-1.42044328	1.82446384	0.81732665	1.00675915	0.50095636	22.76891722778811	0.22734132118468398
0.00000000	40.64403082	15.88669325	-0.59638522	1.86949015	0.69760861	0.89987211	1.19999015	43.6385639511282	0.3726144287552165
1.00000000	24.73957413	-19.17714445	-2.13233243	1.56251264	1.69102565	3.80135022	-3.10592151	31.301907248439846	-0.6594104297585179
1.00000000	24.40954761	-13.77538505	-2.03953926	1.58729160	1.63834503	3.43826288	0.07427713	28.028329379408618	-0.5137892428730123
1.00000000	24.04848651	-16.36876621	-2.03022562	1.45098996	1.60799262	3.36786446	0.08393026	29.090655040051775	-0.5976256552499883
1.00000000	37.15838131	-0.78018590	-1.35727714	1.46946692	1.53401055	3.21203815	0.06558620	37.1665708886079	-0.020993144929007324
2.00000000	20.20163913	-15.52990236	-2.01022987	1.57251453	0.91319288	2.28705579	0.16411112	25.48105356632415	-0.6553901598495809
2.00000000	22.71982996	4.09301708	-1.42437063	1.78184962	0.77374617	1.25804402	3.06651258	23.08556826739349	0.17823991993948532
