0.00000000	6.42315777	-5.99503141	-1.66077123	1.85656750	0.84067042	0.97096664	-2.33705568	8.786202669253536	-0.7509360647573874
0.00000000	11.29573395	-1.60639161	-1.54630945	1.80281460	0.86479877	1.05106948	-2.67536139	11.40938646351595	-0.14126499130549286
0.00000000	12.02998538	-2.05679944	-1.52981303	1.74724817	0.78477358	1.02121046	-2.94196248	12.204547192722803	-0.1693354124780793
0.00000000	15.03518255	12.43872893	-1.20155893	1.83743620	0.66932361	1.01846127	3.12227249	19.513551488794743	0.6911718722534367
0.00000000	30.49451426	17.47421465	-0.66593001	1.98451364	0.74796355	0.53200996	0.44549775	35.14631670015534	0.5203511086082334
0.00000000	20.26679641	2.17904543	-1.49332116	1.82271695	0.75224105	1.06074049	-2.51108003	20.383603109126533	0.10710654380336394
0.00000000	31.30868109	17.48041856	-0.64044998	1.98677135	0.70705359	0.49830573	0.36763874	35.85803319520071	0.5092122699192738
0.00000000	19.93813640	2.99176166	-1.48012577	1.89197946	0.75945972	1.05196873	-2.75876927	20.161347200404315	0.14894101961975623
0.00000000	43.35643367	16.00305909	-0.61156748	1.85850132	0.62520626	0.68561694	2.78109598	46.215562755625314	0.3535921091038389
0.00000000	43.25408434	16.74949746	-0.58626745	1.86811066	0.60431714	0.75875772	0.72337174	46.38384931476019	0.36945390718160837
1.00000000	24.05816630	-16.34447888	-1.98464976	1.47953999	1.58441051	3.30969817	0.06657236	29.085002244751877	-0.5967480777865145
1.00000000	24.74875701	-19.22035970	-2.13386683	1.53585505	1.65486100	3.86035505	-3.11312962	31.335653823359234	-0.6603208760725913
1.00000000	37.15023493	-0.75518959	-1.33923481	1.51182461	1.51811760	3.14296170	0.02846963	37.15790988028036	-0.020325190287191576
1.00000000	24.32864089	-13.76429984	-1.95300029	1.55742383	1.57764617	3.44733784	0.04836392	27.952436703085546	-0.5148664341939065
