0.00000000	10.33781516	-1.51087108	-1.58249436	1.76545966	0.93457111	0.97559981	-2.40413189	10.447638666354527	1.7159188258924594
0.00000000	14.33550308	3.22217439	-1.51308916	1.83887243	0.91595705	0.95585640	-2.52577591	14.69316359251	1.3497019172904285
0.00000000	18.05773409	6.86616647	-1.30094216	1.80309963	0.79473994	1.06664974	-2.52203989	19.319058011686295	1.207444761720738
0.00000000	30.28684164	17.18513087	-0.71842120	1.94127321	0.68571066	0.49334408	0.44337708	34.82271528105562	1.054682991414264
0.00000000	18.85136178	5.17697334	-1.36782632	1.79023886	0.75902319	1.04156246	-2.76187110	19.5492939494887	1.3027828231055996
0.00000000	18.73131175	11.77948902	-1.11836086	1.82666135	0.66659207	1.07168759	-3.01081085	22.1273225096935	1.0094216455005276
0.00000000	18.21018269	5.97493523	-1.35540329	1.79160261	0.80105223	1.04057695	-2.56859732	19.165349060371188	1.2537545029506425
0.00000000	24.70732237	8.82691835	-1.23066257	1.88321447	0.81947493	1.06751754	-0.03387024	26.236735053216307	1.2276692037555437
1.00000000	24.06674686	-16.33616686	-1.98081432	1.47544992	1.60463986	3.33146986	0.08346398	29.087431170543095	2.1671422609256066
1.00000000	24.77571839	-19.23472442	-2.17417214	1.54553330	1.66652814	3.89912505	-3.12218308	31.36575912127632	2.23095166823383
1.00000000	24.42302704	-13.77679925	-2.00694011	1.62719750	1.68366213	3.54711696	0.07597136	28.040764029736632	2.084393232885536
1.00000000	37.15463688	-0.83041944	-1.36556135	1.50733972	1.57965531	3.23545556	0.04181388	37.16391580728524	1.5931429644061093
2.00000000	23.18736879	-1.83415162	-1.47312663	1.84877872	0.64814389	1.97525934	0.59762597	23.25979758227949	1.6497332899847548
