0.00000000	8.67819912	-4.06826295	-1.64566360	1.75394082	0.70222804	0.98051805	-2.41771221	9.584461560083147	-0.4383702968292318
0.00000000	13.84544122	-1.50762608	-1.51763163	1.82613325	0.75112966	1.15872865	-2.63536549	13.927281822867348	-0.10846237876644906
0.00000000	11.85474772	-0.76388058	-1.56535266	1.78978491	0.78558428	1.04644408	-2.51410437	11.879333190265621	-0.06434771886556892
0.00000000	8.97067597	-4.69885249	-1.64502845	1.72932518	0.68773792	0.94462116	-2.48083615	10.126808089497631	-0.48250690784392697
0.00000000	12.21498565	-1.36651491	-1.53589592	1.79249251	0.77808084	1.03303014	-2.60428643	12.291185354918305	-0.11140877088443914
0.00000000	30.40085843	17.47496254	-0.67030285	1.98033905	0.77377370	0.54530243	0.47129902	35.06546034284029	0.5216975381786053
0.00000000	14.18235804	-2.37905854	-1.55490134	1.84273386	0.72444309	1.08317898	-3.00558186	14.380514563516133	-0.16620034991493973
0.00000000	17.35380449	3.42662460	-1.51855681	1.79181337	0.82748124	1.02525306	-2.50156069	17.68887465121706	0.19494886694548996
0.00000000	11.31238686	0.36171110	-1.60212765	1.83989596	0.78189263	1.06463934	-2.55702233	11.31816819941124	0.031963891484833404
0.00000000	16.85623244	3.97454312	-1.51964090	1.84112358	0.85699103	1.02648955	-2.73942041	17.318474675445515	0.23156116258090448
0.00000000	42.61436964	13.32576902	-0.82970117	1.72987425	0.76021097	1.17611807	0.11509711	44.64930704713059	0.303072528839357
1.00000000	24.78881635	-19.22822877	-2.13867358	1.56107271	1.68339171	3.94823896	-3.11116934	31.372124532225786	-0.6597357625240394
1.00000000	24.07914212	-16.34330185	-1.96833013	1.46559501	1.60017374	3.34674434	0.06694793	29.101694118991965	-0.5963095782265411
1.00000000	24.31577381	-13.78577885	-1.96220044	1.51373959	1.59567438	3.42628736	0.06286506	27.951825601920696	-0.5157619188823279
1.00000000	37.35971200	-0.83785559	-1.30827568	1.39515972	1.54457281	3.47398927	0.03290306	37.369105992954104	-0.02242295561018873
