0.00000000	12.70848324	1.45238826	-1.55468033	1.82588243	0.89074334	0.98955082	0.62140471	12.791207054814908	1.457005082756083
0.00000000	30.28966000	17.17596054	-0.68591903	1.92606759	0.69899457	0.51061688	0.42181557	34.82064220239536	1.0549519901422848
0.00000000	21.31132076	8.86833542	-1.17982862	1.89273405	0.78864403	1.01263829	-2.92140102	23.082889023197108	1.1764603519781571
0.00000000	16.89436185	6.02707863	-1.38504134	1.75818384	0.79779680	1.04690382	-2.61444688	17.937255618709848	1.22812005628099
0.00000000	22.52619643	12.12438031	-1.06372760	1.81098032	0.64716433	0.92451188	-2.76558280	25.58183190282628	1.0770308355737876
0.00000000	21.36464872	8.12396250	-1.20910023	1.85790706	0.81091829	1.06221845	3.13739562	22.85709915169473	1.207428637947375
1.00000000	24.78313446	-19.25824630	-2.14525608	1.53007293	1.66450802	3.92815220	-3.14149761	31.386044736696327	2.231398747023874
1.00000000	24.05482342	-16.34108518	-1.96136270	1.45013440	1.59524663	3.37674022	0.08874479	29.0803300295474	2.1675124720670302
1.00000000	24.40599391	-13.78680530	-2.01331822	1.54155564	1.64865067	3.52134861	0.05951859	28.03084977511501	2.085002693629244
1.00000000	37.15349248	-0.78089112	-1.35039268	1.54826164	1.55462356	3.20391216	0.12941861	37.16169794832727	1.5918112061717151
1.00000000	30.64995314	11.08627319	-1.11553357	1.57966006	1.65097933	3.22653494	0.07747307	32.59332877641541	1.223731263157168
