0.00000000	10.97727575	-3.18629867	-1.60031472	1.78949451	0.81743159	0.97407495	-2.64460826	11.430357916792538	1.8532964703168417
0.00000000	10.61039849	-2.37163995	-1.59879277	1.79738832	0.81751464	0.99376769	-2.54653001	10.872222963544772	1.790701968421276
0.00000000	9.94170779	-1.38710424	-1.63276241	1.83658457	0.78170707	1.02517597	-2.49247885	10.03800836592462	1.7094251317481817
0.00000000	15.22797911	2.51606640	-1.51223753	1.89667583	0.79870804	1.10185986	-0.30101150	15.434439993203684	1.4070491736703774
0.00000000	7.85962971	-6.30490403	-1.67918931	1.75739264	0.78776887	0.96755240	-2.40171671	10.075990968923351	2.246870254739556
0.00000000	15.43615994	-0.47196087	-1.53396426	1.80966914	0.87522276	1.07361721	-2.63685679	15.443373360638276	1.601361822764734
0.00000000	30.43641040	17.46837716	-0.66480182	1.99764585	0.75542715	0.52151256	0.45153067	35.093008971036355	1.0497663510327437
0.00000000	15.83273913	-1.06887566	-1.53459356	1.79004431	0.86363891	1.03279784	-3.14097667	15.868778262209526	1.6382045130148555
0.00000000	7.62855003	-5.61228551	-1.67934607	1.77803659	0.75600837	0.97927804	-2.39138436	9.470613718549025	2.205079147413567
1.00000000	24.04350733	-16.33263513	-1.99656210	1.49206066	1.60652932	3.29232435	0.07438890	29.066221202926844	2.1674907658796427
1.00000000	24.31878542	-13.77683313	-1.99378906	1.55153418	1.61441376	3.44914668	0.06416140	27.950034980226235	2.086226677030681
1.00000000	37.13756611	-0.78856820	-1.33402966	1.44705439	1.52051417	3.39606561	0.09091196	37.14593727960935	1.5920268435098905
1.00000000	24.69972560	-19.31937117	-2.16155593	1.54992604	1.68423245	3.98726212	-3.06703353	31.35784665948098	2.234570036749736
2.00000000	38.32043598	1.14412810	-1.25346349	1.75331581	0.61722421	1.51622358	3.02638149	38.33751221462457	1.540948328422427
