0.00000000	10.40962244	-1.38099570	-1.58862827	1.79891181	0.93272015	1.00006602	-2.38525558	10.50082798958111	1.70269143863097
0.00000000	30.29096503	17.18687258	-0.74390290	1.97123611	0.71473922	0.54690991	0.44449526	34.827161117866595	1.0546979241777028
0.00000000	18.34461438	6.06660592	-1.36303709	1.77634358	0.78340039	1.04324912	-2.60142946	19.321712764128385	1.251415580659383
0.00000000	14.83092684	2.73524586	-1.49625443	1.80582249	0.88322249	0.97073528	-2.50277805	15.081046410911927	1.3884171871263393
0.00000000	18.87798811	11.77888418	-1.14460323	1.84603238	0.67108023	1.08436158	-2.87765193	22.25130440237506	1.0129538156945044
0.00000000	14.40316752	3.34335879	-1.49735711	1.85447598	0.84953261	0.96520876	-2.57249379	14.786117901865019	1.342709092501009
0.00000000	18.96854827	5.23961218	-1.37162278	1.76431775	0.76864103	1.03072814	-2.64438534	19.678906455088512	1.301290378893168
0.00000000	18.13127116	6.93225359	-1.32839797	1.77868783	0.76125335	1.05982368	-2.53364182	19.41131457973714	1.2056088923832347
0.00000000	31.53596175	17.37017882	-0.72215841	1.91903186	0.66410044	0.47818591	0.34212366	36.00333311981322	1.0673349575270024
1.00000000	24.08633232	-16.32772057	-1.96068488	1.45885670	1.59262701	3.34691562	0.07674534	29.098897979845866	2.1665240915465307
1.00000000	24.76240961	-19.21965072	-2.13191656	1.52197814	1.66419870	3.84212795	-3.13026738	31.346002990687936	2.230832188896148
1.00000000	24.45828036	-13.78386021	-1.99262057	1.60013223	1.66216932	3.56574215	0.05198059	28.07494043550552	2.083995353207514
1.00000000	37.15324904	-0.86794903	-1.35037396	1.52116048	1.58049825	3.21446783	0.05275462	37.16338587571023	1.5941534007873523
2.00000000	23.53957829	-1.49315282	-1.49835871	1.81402361	0.65101440	1.96141381	0.50022817	23.586887276936594	1.6341430453532637
