0.00000000	12.92701395	1.89848448	-1.55121265	1.87057042	0.84161500	1.06516175	-2.36613655	13.065677670304568	0.14581939506682123
0.00000000	13.70817611	0.37853341	-1.50064049	1.82999015	0.80831804	1.08148448	-2.39421678	13.71340146736983	0.02760668073830005
0.00000000	10.23052366	-2.93447344	-1.57258759	1.78732133	0.74117050	1.01693775	-2.40278697	10.643061060046833	-0.2793355911800505
0.00000000	12.37815305	-3.40199471	-1.56976460	1.78056192	0.72205725	1.03684327	-2.83895946	12.837143020785128	-0.2682161866079515
0.00000000	12.03579275	-2.60663534	-1.55893109	1.82673264	0.73280013	1.08485167	-2.47078800	12.314822569435968	-0.2132797766174191
0.00000000	11.57931905	11.08174073	-1.31005476	1.82364249	0.67362997	1.17706821	3.13414264	16.027651333512154	0.7634442749891652
0.00000000	30.39773891	17.39525042	-0.66613529	2.04908371	0.80826620	0.53917970	0.46569842	35.023096208288585	0.5197687026300851
0.00000000	31.27096829	17.14626111	-0.67933128	2.02932692	0.72800745	0.52094903	0.42317426	35.66325458853249	0.5015466608214749
0.00000000	9.83493579	-2.34808169	-1.60935340	1.79140282	0.72111260	1.02156244	-2.35828781	10.111352511723453	-0.23436183671260322
0.00000000	18.72431228	5.29342451	-1.39530085	1.83073926	0.90401682	1.09558223	-2.79257751	19.458165725525813	0.27551369098730955
1.00000000	24.08673136	-16.34577074	-1.96436737	1.42752063	1.58543226	3.33309613	0.06746222	29.10936015602967	-0.5962333392103794
1.00000000	24.76957221	-19.22235112	-2.13387726	1.52485502	1.65399909	3.86235588	-3.12180567	31.3533170501459	-0.6599638289560366
1.00000000	24.32611114	-13.77989367	-1.97083966	1.48995304	1.61821560	3.42422410	0.05695772	27.957917532465434	-0.5153964421650554
1.00000000	37.28559645	-0.70102089	-1.32384060	1.40020537	1.51007803	3.37061725	0.02576636	37.292185949880555	-0.018799171059779945
