0.00000000	7.41181876	-6.02897845	-1.65953944	1.74250507	0.77146205	0.94137576	-2.35973597	9.554247143634727	-0.6828750848194607
0.00000000	19.34966539	2.47348735	-1.46304439	1.83894968	0.75277153	1.07834080	-3.06880903	19.507118966561254	0.12714147650403843
0.00000000	30.42805571	17.48738038	-0.62919567	2.01722741	0.76745725	0.53852079	0.46919894	35.09522826319374	0.521618100470404
0.00000000	6.88172265	-5.34355891	-1.66299496	1.84843755	0.77264160	0.96324039	-2.37642431	8.712733695928243	-0.6602375718365739
0.00000000	12.53600121	-1.57103037	-1.48936818	1.82981372	0.81796591	1.03038204	-2.62318420	12.634059631036408	-0.12467152756049661
0.00000000	19.65605711	1.77953369	-1.45347045	1.83844197	0.78655748	1.12240534	-2.92054749	19.73644652072471	0.09028746543176107
0.00000000	14.33541022	12.42921980	-1.21765063	1.86936498	0.68974362	1.06045910	3.10455561	18.973389022849673	0.7142977136400547
0.00000000	11.85389067	-1.04411527	-1.53219340	1.81710947	0.88236873	1.02369754	-2.50024033	11.899785742329994	-0.08785533461253894
0.00000000	44.13145969	16.27295896	-0.54032777	1.80021358	0.64807856	0.58849905	0.85847116	47.03610238618777	0.35326968228714845
1.00000000	24.08421667	-16.33649939	-2.00306616	1.51578546	1.61546469	3.45657311	0.06763859	29.102073893916497	-0.596018249165732
1.00000000	37.15329672	-0.80797798	-1.38688372	1.49479628	1.51953462	3.15856463	0.03940011	37.16208128698563	-0.021743713557538638
1.00000000	24.41584186	-13.74671710	-2.01927881	1.60092998	1.66410725	3.57878741	0.08483741	28.01973527283869	-0.5127878025278249
