0.00000000	30.28971521	17.20697503	-0.71080397	1.91747594	0.68837240	0.50012293	0.42973578	34.83599915584379	0.5166180060577749
0.00000000	16.99820569	6.18905268	-1.38341783	1.68282151	0.78167696	1.08782861	-2.72457981	18.089869257553065	0.349180742698707
0.00000000	12.75996033	1.55797256	-1.55810307	1.79252553	0.88342813	1.04109394	0.58945954	12.854721549721981	0.12149716219704836
0.00000000	21.47057935	8.90492138	-1.17737768	1.79700685	0.74831412	1.03758189	3.12361813	23.24399712632549	0.39315681714727274
0.00000000	22.63707111	12.20064414	-1.06141494	1.80260980	0.65909350	0.96214492	-2.85032701	25.715612103741822	0.4943334715318165
0.00000000	21.86009758	7.64531838	-1.24405954	1.78874969	0.78207858	1.03507081	0.27466339	23.158470574256146	0.33644186444522367
1.00000000	24.77905374	-19.21667363	-2.12694518	1.53599274	1.66942211	3.91722353	-3.12101936	31.357328483972374	-0.6596354108645387
1.00000000	24.06190320	-16.33344261	-1.96263729	1.41789103	1.58704896	3.34002815	0.08649120	29.08189356112036	-0.5963619676110452
1.00000000	37.15824830	-0.77127156	-1.35832379	1.55243230	1.56824526	3.18948658	0.07036409	37.1662518495438	-0.020753422511704422
1.00000000	24.32120223	-13.78785184	-1.93771408	1.53823960	1.57918397	3.39819726	0.06109166	27.95757028560151	-0.5157306588289028
