0.00000000	15.60041277	3.71659931	-1.48595522	1.71137524	0.85363357	0.94524904	-2.39795303	16.037019331081183	1.3369187647017748
0.00000000	30.33018363	17.16089249	-0.68920420	2.00705671	0.72215882	0.51005279	0.52859688	34.84847586456054	1.055901713706911
0.00000000	19.29625461	6.76044916	-1.33536075	1.79479241	0.77288237	1.08557822	-2.61558676	20.446249407137998	1.23380944398984
0.00000000	19.13644264	7.67161721	-1.31267713	1.86478901	0.74789799	1.16149156	-2.62833834	20.616914112708	1.1895225512608052
0.00000000	20.03135807	11.90131338	-1.13609968	1.87128472	0.63057707	1.03286026	-2.96703362	23.300140907246057	1.034701134555177
0.00000000	11.14589290	-0.46364885	-1.56175576	1.75364041	0.88908837	0.97502133	-2.44366765	11.155532205788155	1.6123705369101928
0.00000000	19.80543764	6.13013820	-1.35429535	1.71548176	0.74860540	1.11148138	-2.73550868	20.73243725332427	1.2706305150562458
0.00000000	26.25938968	8.51089076	-1.28249071	1.86985040	0.81044624	1.04022716	0.13095410	27.604180985762717	1.2573709922157932
0.00000000	25.97202753	9.02062466	-1.24662910	1.81968474	0.74618420	1.06913565	0.06706694	27.493960850988312	1.2365103383017952
1.00000000	24.78894184	-19.26245564	-2.17360042	1.55841732	1.68470740	3.92676027	-3.11557293	31.393213196961383	2.231391115593771
1.00000000	24.06627253	-16.37340031	-1.99885235	1.46639788	1.61371890	3.39036458	0.05769247	29.107966455933344	2.1682097731176815
1.00000000	24.44357621	-13.77771654	-2.03653977	1.60239935	1.69119035	3.58233922	0.08093199	28.059114223201476	2.084061891849426
1.00000000	37.14478894	-0.73310952	-1.36243759	1.52864456	1.54641773	3.21781322	0.05795312	37.1520227573878	1.5905303022340525
2.00000000	26.94816589	0.52870951	-1.40748892	1.77821660	0.62770640	1.92321131	0.11932750	26.953351898807018	1.5511793446955737
