0.00000000	30.38734135	17.46692657	-0.65436647	2.00561643	0.77853477	0.55498030	0.43939224	35.049736634148786	0.5216909558447576
0.00000000	17.66278116	4.51566546	-1.49022124	1.80292320	0.88249563	0.99585943	-2.49492168	18.23088239369362	0.25029852455941654
0.00000000	11.92923972	1.02325239	-1.58098505	1.88633966	0.84495466	1.07279851	-2.46718836	11.97304496570803	0.08556738334877996
0.00000000	13.07490374	-2.06738020	-1.53811787	1.83246720	0.79248540	1.03329553	-2.64087057	13.237339940547647	-0.15681989371710964
0.00000000	9.15563797	-3.38188222	-1.65943299	1.78019047	0.71443319	0.99333360	-2.40093899	9.760268130930516	-0.3538318395339684
0.00000000	12.43975163	-0.08390577	-1.55951069	1.82976866	0.81997482	1.04101159	-2.46310759	12.440034597794611	-0.006744869199111971
0.00000000	31.28126546	17.22304194	-0.64523170	1.98597598	0.70283821	0.50788028	0.47053379	35.70925289677716	0.5032933744316556
0.00000000	9.49200831	-4.05420128	-1.65665410	1.69080508	0.71742260	0.93679514	-2.50189543	10.321568183946793	-0.4036626802668802
0.00000000	13.45989704	-2.88824784	-1.56590937	1.77148068	0.75128439	1.04502785	-2.70245790	13.766292308122235	-0.2113763251255832
1.00000000	24.77958077	-19.22567393	-2.12610100	1.53755212	1.65778618	3.88137165	-3.10883284	31.363261329135327	-0.6598518806800525
1.00000000	24.06117791	-16.32596945	-1.96742497	1.46412873	1.58894438	3.33494983	0.07624926	29.077096844406686	-0.5961633292629734
1.00000000	24.39102123	-13.79405950	-2.01387505	1.55434585	1.65591256	3.47638946	0.05348022	28.021384586273587	-0.5146945773444996
1.00000000	37.33886167	-0.81730642	-1.31092499	1.53585243	1.55832422	3.29521455	0.01600681	37.347805565997696	-0.02188540010768471
