0.00000000	15.87756433	4.05669212	-1.47967265	1.70957685	0.84118106	0.94718227	-2.48195553	16.38761117459645	0.25014688581186806
0.00000000	19.56611683	7.06720101	-1.31291626	1.83104348	0.77718904	1.09674429	-2.79086852	20.803323242235944	0.34661386259214505
0.00000000	20.49015698	11.92998384	-1.11318133	1.83417940	0.65287732	1.00295708	-2.93939543	23.710146509199472	0.5272508312542321
0.00000000	30.30183441	17.12626909	-0.69907139	1.95110881	0.66041633	0.50351898	0.45623636	34.80675597573192	0.5144299357116267
0.00000000	11.43016062	-0.14467741	-1.54665683	1.77286887	0.88104268	0.95569970	-2.96167874	11.431076211449344	-0.012656837394401464
0.00000000	20.14437349	6.35425668	-1.32588337	1.79029596	0.72949686	1.13263122	-2.93464851	21.12279245885684	0.3055572413197656
0.00000000	26.43843450	9.05701487	-1.27692018	1.83335793	0.85356824	0.82685195	0.11248589	27.946741083106478	0.33004040512572935
0.00000000	19.47876905	7.88829954	-1.27126692	1.88346028	0.78762362	1.15361567	-2.65771580	21.015416087624867	0.384782729058981
0.00000000	31.60277668	17.40259371	-0.64626787	1.96104455	0.63306583	0.46024703	0.45209962	36.077496611063296	0.5033548549309984
0.00000000	37.68628522	-3.12840311	-1.39102779	1.78252864	0.57801436	1.74341641	0.14321414	37.81590934648866	-0.08282182159094097
1.00000000	24.79325345	-19.22562373	-2.14323555	1.55180085	1.67600748	3.95527357	-3.12108159	31.374034239215653	-0.6595834736033525
1.00000000	24.07136465	-16.33565991	-1.96087811	1.44456959	1.58772139	3.34304352	0.07802223	29.090967340541475	-0.5962423657776025
1.00000000	24.46087787	-13.76363980	-1.99596588	1.61410213	1.64658255	3.57300671	0.08273058	28.067282139801137	-0.5125259695893992
1.00000000	32.81214614	11.26713753	-1.12484835	1.57998371	1.64980402	3.34933839	0.09450561	34.69272722679282	0.33076794173146734
1.00000000	37.31363196	-0.82188405	-1.35766528	1.54023385	1.57550197	3.39124956	0.02013546	37.322682425543555	-0.022022813918052202
2.00000000	37.68628522	-3.12840311	-1.39102779	1.78252864	0.57801436	1.74341641	0.14321414	37.81590934648866	-0.08282182159094097
2.00000000	28.54486767	1.06520653	-1.43967853	1.79518688	0.69232881	1.92120765	0.05553788	28.56473586871347	0.03729961207138719
