0.00000000	15.73268363	4.40421104	-1.45579968	1.80596972	0.72572271	1.01508741	-2.58633137	16.337515389021913	0.2729532755252308
0.00000000	12.66424656	-0.11089225	-1.53492067	1.74030066	0.89107203	1.07831869	-2.42478633	12.664732054946205	-0.008756100526777166
0.00000000	15.37154474	11.44956790	-1.18956981	1.76038289	0.62700620	1.00499525	3.13904738	19.167080966869527	0.640199998988072
0.00000000	12.20924603	0.48696618	-1.58313129	1.87104535	0.91167798	1.02921983	-2.43832588	12.218953501897555	0.03986390318376343
0.00000000	30.23257757	17.27321524	-0.72047375	1.98665440	0.75984958	0.54343327	0.47258911	34.81914288510611	0.5190826932482089
0.00000000	21.65039715	7.50079908	-1.29023216	1.79791451	0.88768946	1.10053279	-2.76149249	22.912915213722957	0.33350952490607283
0.00000000	8.94215295	-4.33701214	-1.62884150	1.77527809	0.66637742	0.97086822	-2.43629909	9.938398949715245	-0.4515819134416909
0.00000000	8.25167769	-4.21506229	-1.64729808	1.77974534	0.65132693	0.96769247	-2.34931350	9.265901726665557	-0.47226035542088773
0.00000000	9.17887437	-4.99433091	-1.64261423	1.69654894	0.64819310	0.90030244	-2.45198202	10.449644775724405	-0.4983110352111246
0.00000000	16.38479609	2.92145077	-1.48087738	1.75921464	0.75752578	1.02851532	-2.42488861	16.643209351336445	0.1764482652449933
0.00000000	22.17805009	6.77491740	-1.34727214	1.83907390	0.88521399	1.07228646	-2.80241156	23.189769545456283	0.2964753288302735
0.00000000	15.74393825	3.67881373	-1.48176811	1.74378014	0.75568541	0.98008137	-2.49963331	16.168032102882822	0.22954683719424265
0.00000000	31.48421237	17.37946962	-0.73186729	1.91425490	0.68450907	0.49297210	0.37559256	35.9625025941155	0.5043819115281767
1.00000000	24.78276303	-19.22697644	-2.17092762	1.54642510	1.66892143	3.94005336	-3.10966325	31.366574030732938	-0.6598224980070149
1.00000000	24.04366543	-16.37571360	-1.96038518	1.49744678	1.61050621	3.41682403	0.09214880	29.09057997391943	-0.5979163320857378
1.00000000	24.29238119	-13.85103527	-1.98122327	1.55761576	1.54296034	3.53753441	0.03820576	27.963743703786335	-0.5182045438533026
1.00000000	37.34179045	-0.58027820	-1.27651999	1.44035411	1.54220681	3.40861521	0.20924717	37.34629883671348	-0.01553839521706442
