0.00000000	14.63456405	4.12933450	-1.49654434	1.85387349	0.65118972	0.99243279	0.54723346	15.205981334542097	1.2957828761161432
0.00000000	5.55991625	-2.49881242	-1.71777258	1.75545144	0.69594273	0.96465020	-3.01390457	6.095632224581821	1.9931790212802873
0.00000000	31.38673682	16.38787671	-0.75864492	1.94441247	0.61620670	0.52949908	0.45345744	35.407481571980014	1.0896038670841919
0.00000000	7.81703309	-5.31778461	-1.66267751	1.86835337	0.96969048	1.00687664	-2.19375634	9.45435558293149	2.168165592635659
0.00000000	15.87262154	2.82498410	-1.52852700	1.86117804	0.72097120	1.00716784	1.18716478	16.12205476101991	1.3946622130365898
0.00000000	15.10634548	3.51517828	-1.53412519	1.80319023	0.65278878	0.93960433	0.57132548	15.50993720494381	1.3421693997428357
0.00000000	42.80001992	15.21113044	-0.78611444	1.79455698	0.65473726	0.88501612	-0.02763342	45.42268369895257	1.229318870543285
1.00000000	24.74981358	-19.21464142	-2.06793944	1.55170965	1.69531436	3.91319520	-3.11527777	31.33298129996461	2.2309523816459045
1.00000000	24.30896257	-13.78396687	-1.96199570	1.52968979	1.63165237	3.42985737	0.06221509	27.94500677943948	2.0866220501351536
1.00000000	24.04534189	-16.31587493	-1.95775793	1.41572583	1.57685499	3.28576000	0.09128416	29.058324819892686	2.1669781810305193
1.00000000	37.35321446	-0.82946075	-1.32647369	1.40989280	1.59256223	3.51475007	0.03730224	37.36242277517002	1.5929985513259939
2.00000000	9.43766205	4.39989943	-1.56057189	1.73617339	0.62730826	1.76137168	-3.09012580	10.412904492221395	1.1345471044346362
2.00000000	8.37883196	5.29767840	-1.52273736	1.71745443	0.55902432	1.80163776	-3.12330723	9.913133785223721	1.0069867040033018
2.00000000	29.30849226	9.92906721	-1.17896436	1.66455698	0.72782181	1.72870253	0.06481415	30.94469412056253	1.2441537609321918
