0.00000000	31.31973618	16.40755754	-0.72199057	1.94113076	0.61493720	0.51779006	1.21050119	35.357231492485546	1.0882333891102036
0.00000000	11.75529329	-1.40885805	-1.55391930	1.81967664	0.79766277	1.06316428	-2.40299249	11.839417271933987	1.6900762179514204
0.00000000	7.84512256	-2.11884850	-1.66689299	1.77915335	0.78994467	1.07096653	-2.47265458	8.12622095117855	1.8345872146094946
0.00000000	11.78568664	-4.12433524	-1.61505244	1.79767370	0.76259688	1.10608151	0.25606164	12.486494734239082	1.9074216281606793
0.00000000	10.55962914	0.04397944	-1.58932708	1.90329623	0.86328481	1.13933439	-2.46091342	10.559720723839236	1.566631484911829
0.00000000	10.83746207	-0.70930782	-1.59037481	1.74018610	0.79832046	1.00465260	-2.45145035	10.860649230234898	1.636152735980419
1.00000000	24.09601964	-16.35892015	-1.93217526	1.41582048	1.57547279	3.32273559	0.08800526	29.124430139752807	2.1672241735200095
1.00000000	24.79160459	-19.19811023	-2.04770265	1.53247392	1.65004197	3.86877876	-3.11759758	31.355878149880283	2.2297186141299603
1.00000000	37.35964424	-0.69591372	-1.34041474	1.42865396	1.55501036	3.24651160	0.03524001	37.366125215829506	1.589421591070349
1.00000000	24.31248866	-13.77916211	-1.91170273	1.47452331	1.58420723	3.35313929	0.08231096	27.945704737871402	2.0864102520149514
2.00000000	29.07596387	5.40307697	-1.34141372	1.84465551	0.82775503	1.81011573	-3.00061011	29.573720018173056	1.3870657833994455
2.00000000	29.34928191	4.32492055	-1.36346791	1.81631494	0.84575744	1.79439265	-2.93884587	29.66623141547415	1.4244889351102321
