0.00000000	11.25835870	0.86296232	-1.60119043	1.88176358	0.86004616	1.04830814	-2.43276811	11.291383643451562	1.494295105944041
0.00000000	11.72025957	0.19053660	-1.58362220	1.81377935	0.86452130	1.03941379	-2.40896320	11.721808247199581	1.5545407297391314
0.00000000	10.95225058	-4.03976189	-1.61837504	1.82596350	0.74600695	1.09399228	-2.81390214	11.673537120128017	1.9241662950691356
0.00000000	7.10443007	-2.88716868	-1.69643543	1.82059228	0.74554815	1.04562679	-2.43709421	7.668681086490242	1.9567990787044993
0.00000000	12.73751510	-0.54382525	-1.55681394	1.89730239	0.85715134	1.06263074	-2.42040682	12.749119060753396	1.613465181010967
0.00000000	31.36564807	16.40317315	-0.70051001	1.95810986	0.61904388	0.51176423	0.94844329	35.395875017295104	1.088945031048448
0.00000000	24.19164306	8.69299487	-1.26429031	1.85399604	0.81588571	1.10333295	0.15835817	25.70610343385968	1.2258262503602217
1.00000000	24.79497257	-19.22494738	-2.07280503	1.54952657	1.66797826	3.89575017	-3.13707161	31.37497835076259	2.2303291887427323
1.00000000	24.07350540	-16.31378751	-1.95925079	1.45981419	1.58384662	3.32195633	0.07782244	29.080462946199138	2.1663750008549374
1.00000000	24.31299059	-13.77825361	-1.94315527	1.51699877	1.60148756	3.43143469	0.05905819	27.94569347808185	2.0863731131181433
1.00000000	37.31751944	-0.51861813	-1.28133498	1.41163564	1.53063677	3.46554549	0.34386674	37.32112299917491	1.584692876008186
2.00000000	24.33045287	5.41685757	-1.45616911	1.74654269	0.70436252	1.74404696	-3.05716991	24.926156598901436	1.3517322142258235
2.00000000	25.04130414	4.30438142	-1.41984640	1.80163550	0.73640347	1.79795842	-2.96144557	25.408553922662	1.4005686042538235
