0.00000000	19.99229506	8.86286685	-1.21109770	1.92294574	0.70474814	1.24292162	-3.05504942	21.86875100610296	1.1535162656014408
0.00000000	20.50911251	7.50103248	-1.28122328	1.88371491	0.73360322	1.22547950	-3.09832692	21.837792567332748	1.2201673475507242
0.00000000	15.57724601	10.86555280	-1.23732303	1.79463053	0.60762245	0.98494636	3.07080054	18.992388762492432	0.9617318881193787
0.00000000	20.08696104	8.15904517	-1.22519742	1.92304635	0.72520712	1.21846160	-3.03425360	21.68077539915439	1.1849684721945726
0.00000000	31.36140171	16.41431608	-0.74646316	1.95720148	0.58676212	0.45005601	1.13612247	35.39727799690447	1.0886104847082414
0.00000000	37.97963042	11.91554320	-0.93487022	1.83783984	0.64696501	0.64564308	-0.52342653	39.80493055628732	1.2667866375046313
0.00000000	37.57182422	12.78076172	-0.88215325	1.90496397	0.62729881	0.68877332	-1.14185882	39.68614172934925	1.2429065343234094
0.00000000	35.33349539	3.04131257	-1.34011958	1.73180139	0.59497956	1.00072356	0.54341352	35.46414356252794	1.4849334676226633
0.00000000	36.02956973	2.48112177	-1.33988569	1.70145559	0.58830553	0.97420718	0.58053339	36.11489803621907	1.50204138647694
0.00000000	35.57844413	13.38161418	-0.84078024	1.86733031	0.72703981	1.00207839	-0.28946152	38.011751929816505	1.211047799560192
1.00000000	24.80165331	-19.21211230	-2.06137369	1.54467928	1.68109270	3.93817393	-3.12717533	31.372396560308317	2.229875385433683
1.00000000	2.53779731	2.72436644	-1.60583017	1.45903230	1.68446522	3.85228270	-0.00736367	3.723249613716694	0.7499581766354501
1.00000000	24.29435379	-13.77918344	-1.93380497	1.49939752	1.58709005	3.40081673	0.05052824	27.929939533533858	2.0867310654621614
1.00000000	24.04776121	-16.35658239	-1.94610755	1.42737746	1.57889018	3.36630878	0.09360240	29.08320145193852	2.1680896962749303
1.00000000	37.16232902	-0.79478716	-1.34196804	1.49787331	1.54327844	3.16275013	0.10648730	37.17082706667199	1.5921799708167497
