0.00000000	12.96512453	2.40728730	-1.56238375	1.89830112	0.86529741	0.98632362	-2.46155405	13.18671627901158	1.3872128862364685
0.00000000	14.39664489	1.09333490	-1.53196309	1.72943854	0.83069982	1.03990577	-2.42912149	14.43810116643879	1.4949980950533712
0.00000000	31.29973412	16.35986127	-0.74433659	1.93880057	0.65396130	0.64470850	0.54888552	35.31739538465907	1.0891668608588565
0.00000000	13.50392668	1.78440997	-1.56258057	1.79349780	0.81066348	1.00601072	-2.36678576	13.621312518250626	1.4394173864186939
0.00000000	9.39899118	-4.56275062	-1.61518262	1.86262536	0.89646272	1.00412581	-2.54969501	10.44795331258846	2.0227372206662992
0.00000000	5.90178402	-4.29620241	-1.71714519	1.86846888	0.72443438	0.99243914	-2.48418450	7.299891079079	2.2000353031289883
0.00000000	26.81903839	9.23355253	-1.18660758	1.85381413	0.79644181	1.12457220	3.09670448	28.364049648958154	1.2392165356426064
1.00000000	24.16456122	-16.38999299	-1.96942912	1.46999681	1.60414420	3.29505174	0.06874011	29.198593958740155	2.1667860998979624
1.00000000	24.29890884	-13.78333569	-1.94615195	1.51563096	1.64401265	3.37218674	0.07479507	27.93595019965954	2.0867799105635054
1.00000000	37.39738213	-0.84638345	-1.36067889	1.46252573	1.52134409	3.36034549	0.07204126	37.40695864570758	1.5934246215102337
1.00000000	24.64363951	-19.02916682	-2.08681051	1.52695596	1.63723324	3.64360496	-3.13748002	31.13548069585922	2.22833814104531
2.00000000	16.06176150	5.80645360	-1.45303104	1.77539241	0.74847160	1.80213091	-2.73971152	17.079083286050082	1.2239064947539091
2.00000000	17.38507246	4.83499326	-1.45311115	1.75216639	0.74774897	1.81881111	-2.88397360	18.04488582019005	1.2995394366091861
