0.00000000	13.92353585	0.55745275	-1.53633771	1.80148745	0.88086834	1.07966065	-2.39855671	13.934690672372954	1.5307809752454247
0.00000000	31.34512650	16.37433705	-0.73236750	1.95381439	0.65033377	0.60358577	0.71998674	35.36433046344869	1.0893986707313523
0.00000000	12.99474365	1.25689005	-1.55013547	1.74374533	0.83388718	0.99563222	-2.37383699	13.05538720708828	1.4743733115925057
0.00000000	12.34649232	1.94898405	-1.57268904	1.81316781	0.89353731	0.98388870	0.09905196	12.499376441845945	1.4142309677133647
0.00000000	6.26149052	-3.86009718	-1.70996235	1.88798213	0.72354392	1.04325171	-2.46003628	7.35571979965889	2.123246990107664
0.00000000	9.83907110	-4.31067316	-1.61692856	1.77489233	0.83208845	0.98739423	-2.45927906	10.741937590732856	1.9837252808080867
0.00000000	25.93271356	9.08838322	-1.26846323	1.84410262	0.77895859	1.46816200	3.05086994	27.47916196208657	1.2337116146506568
1.00000000	24.15478857	-16.39239725	-1.97971581	1.45477772	1.60258491	3.31816830	0.06909423	29.19185671489928	2.1670421786152168
1.00000000	24.78077286	-19.19887568	-2.09271429	1.57585633	1.69353971	3.95418374	-3.13082314	31.347783508806614	2.2299494787913123
1.00000000	24.29477792	-13.76280910	-1.99630467	1.51968849	1.61007376	3.40496835	0.04091453	27.92223394546293	2.08621347906413
1.00000000	37.25412268	-0.83694960	-1.33815299	1.47786415	1.52362601	3.35232553	0.05750196	37.263522931808666	1.593258507466872
1.00000000	34.30771577	3.12817724	-1.33282338	1.44095910	1.55459909	3.41598517	-0.06305706	34.45003416834243	1.4798677658460389
2.00000000	19.91438866	4.80061832	-1.42775045	1.81176531	0.79015870	1.84240263	-2.85389376	20.484843469156804	1.334246670534727
2.00000000	18.60737926	5.61288031	-1.42161403	1.78167009	0.86743839	1.61202221	-2.83930707	19.435508439448242	1.277828214941439
2.00000000	26.00164162	9.11089245	-1.25891564	1.86870527	0.79316364	1.62556187	3.07295680	27.551655633924856	1.2337680397101936
2.00000000	32.86589070	3.83968604	-1.32522963	1.81989646	0.60144581	1.79064446	-0.36128613	33.089423693834824	1.4544946426323402
