0.00000000	8.99111534	6.35835497	-1.34770606	1.79158497	0.57832097	0.79867675	2.98550415	11.01221290121595	0.9552664709405577
0.00000000	7.96731083	6.17194929	-1.39079450	1.75040317	0.58107447	0.79174716	2.73400974	10.078243889694612	0.911699315829903
0.00000000	6.96009711	18.52123361	-1.17008112	1.74821579	0.61384522	0.66922213	-1.69493699	19.785829429589853	0.3594632222985437
0.00000000	22.76605305	-2.37694540	-1.34251926	1.79318762	0.58494618	0.86698940	0.52203649	22.889802116007807	1.6748268537263629
0.00000000	7.73526869	18.23835373	-1.16122339	1.80856180	0.57427777	0.72953630	2.73106146	19.810904282417276	0.40112588486167794
0.00000000	21.89045454	-3.17154182	-1.36001418	1.78280282	0.60213020	0.91386979	-0.37228101	22.119011675113686	1.7146775784590067
0.00000000	20.32201290	1.16454175	-1.37061284	1.73467875	0.59722274	0.94371344	0.63106573	20.35535226409161	1.5135544800333895
0.00000000	20.91656484	-2.53965478	-1.37751887	1.84036624	0.60126381	0.94315112	-2.46421289	21.070181088626196	1.6916232325384035
0.00000000	20.87360558	1.68189501	-1.33400009	1.79035294	0.65582477	0.95373133	0.63563734	20.941255471773175	1.4903948220203533
2.00000000	21.43617680	-0.11603205	-1.32588933	1.75968289	0.58775944	1.65911536	0.38509890	21.436490833097785	1.5762091817957071
