0.00000000	21.68968853	18.54941218	-1.64599536	1.78513455	0.68598131	0.97241292	2.75737095
0.00000000	21.74196996	19.19504467	-1.65265153	1.77365804	0.68276642	0.96557791	2.81896806
1.00000000	39.90166062	7.65395164	-1.22380875	1.47061515	1.52990363	3.49054713	3.11820412
1.00000000	14.24663192	8.26235821	-1.55383251	1.50883448	1.61301996	4.16139835	-3.13674212
1.00000000	37.23191713	11.28876837	-1.39786194	1.43671942	1.67715251	4.09271905	-3.14058948
1.00000000	23.08794072	15.81646016	-1.60850690	2.32292366	1.92397174	5.77662054	3.07574129
1.00000000	49.16507821	11.73350686	-1.34223149	1.47858417	1.52657173	3.73468274	3.12142420
1.00000000	30.24606203	-5.16156774	-1.33833764	1.47065115	1.59215849	3.77499900	0.01165783

-25	241
-39	241
-1	238
12	239
-25	180
-39	179
-1	179
12	179

-44	242
-60	241
-22	238
-7	239
-44	180
-60	180
-22	180
-7	180

478	204
449	204
464	201
491	201
478	176
449	176
464	175
491	175

162	276
63	277
204	249
277	249
162	185
63	185
204	182
277	182

395	210
360	210
386	206
417	206
395	180
360	180
386	180
417	180

65	243
0	242
147	227
198	227
65	158
0	159
147	162
198	162

441	202
418	202
433	199
455	199
441	179
418	179
433	178
455	178

709	207
745	207
765	212
724	212
709	174
745	174
765	174
724	174

