1.00000000	30.18159113	11.74258935	-1.54832111	1.53231549	1.65286488	4.05037842	3.11235523
1.00000000	12.65971284	11.50064719	-1.55160580	1.62185585	1.55236047	4.00811967	3.13886547
1.00000000	35.58047194	-5.12959832	-1.44553993	1.46355367	1.59709485	3.74715673	-0.10395608
1.00000000	13.17746765	8.52996425	-1.53675185	1.42814946	1.43565896	3.33671193	-3.13685942
1.00000000	45.74284303	0.29901454	-1.30433295	1.71345890	1.67751689	3.75667967	0.01195395
1.00000000	45.48550656	8.89776882	-1.25837205	2.15092158	1.82368473	5.26546303	3.12971354

327	222
285	222
328	216
365	216
327	182
285	182
328	181
365	181

-131	293
-239	293
-2	259
75	259
-131	180
-239	180
-2	178
75	178

698	205
730	205
735	209
700	209
698	177
730	177
735	177
700	177

112	281
20	281
154	256
225	256
112	189
20	189
154	185
225	185

593	198
618	198
620	201
592	201
593	172
618	172
620	172
592	172

475	202
444	202
463	199
490	199
475	166
444	166
463	166
490	166

