1.00000000	36.91871794	0.17213570	-1.34766851	1.72058082	1.67933044	3.95565221	0.01207511
1.00000000	39.89598375	8.10021099	-1.31729649	1.46368706	1.66020880	3.99864881	3.07316256
1.00000000	37.57378930	-7.72338541	-1.40696071	1.47800899	1.67173163	3.66122534	-0.40843630
1.00000000	26.22579273	8.57721128	-1.50891040	2.03188014	1.81031509	4.84462631	3.12761784
1.00000000	33.60551533	17.49593333	-1.58170746	1.44625330	1.61837747	3.77946527	0.28762680

591	203
623	203
625	207
590	207
591	171
623	171
625	171
590	171

468	206
437	206
458	203
487	203
468	178
437	178
458	177
487	177

752	203
783	203
770	206
736	205
752	175
783	175
770	176
736	176

375	228
320	227
371	218
417	218
375	165
320	165
371	166
417	166

222	215
259	214
243	219
202	219
222	185
259	185
243	186
202	186

