1.00000000	25.04384141	8.10642744	-1.34726916	1.45670271	1.63005998	4.06537903	3.08743024
1.00000000	25.14112623	0.07817369	-1.29017387	1.65245819	1.66923561	3.76545159	0.07436225
1.00000000	12.48491187	8.43555551	-1.56527374	1.53277767	1.60490369	3.93183827	-3.13462615
1.00000000	29.87418426	11.53000279	-1.32092784	1.52827907	1.56199509	3.79813847	3.12165666
1.00000000	37.11971986	-19.99596891	-0.85746620	1.48804009	1.58264998	3.58465502	-1.26260138
1.00000000	21.60437735	-15.17901609	-1.29997013	2.45153856	1.91150935	4.97118423	1.57621694
1.00000000	21.75803185	17.26539511	-1.58910177	1.45630932	1.64131852	3.84691013	-2.64750600

376	224
325	224
374	216
417	216
376	178
325	177
374	177
417	177

583	212
628	212
639	219
587	219
583	168
628	168
639	167
587	167

78	293
-35	293
142	259
224	259
78	185
-35	185
142	181
224	181

330	216
290	216
330	211
365	211
330	176
290	176
330	176
365	176

1017	190
1043	191
987	192
962	191
1017	162
1043	162
987	162
962	162

1062	218
1023	214
1183	214
1237	218
1062	131
1023	135
1183	135
1237	131

53	241
-22	244
13	233
77	231
53	189
-22	190
13	187
77	187

