1.00000000	6.80463816	3.20973145	-1.59629272	1.49240673	1.69225853	4.53222833	-0.01776653
1.00000000	12.06622626	0.15543386	-1.52199696	1.73321891	1.77225204	3.83661389	0.00886245
1.00000000	32.33626014	3.36096412	-1.34269593	1.41999173	1.63273043	4.19802823	2.49210572
1.00000000	45.68625500	-12.46706687	-1.01058231	1.40283537	1.50879982	4.12374735	1.70410764

286	306
424	306
213	449
-70	447
286	183
424	183
213	195
-70	195

557	255
651	255
669	287
540	288
557	164
651	164
669	161
540	161

515	212
487	211
553	207
579	208
515	178
487	178
553	177
579	177

781	193
773	192
834	192
845	193
781	170
773	170
834	170
845	170

