1.00000000	21.19808699	0.12540566	-1.40198265	1.67515039	1.68823098	3.88987504	0.03848007
1.00000000	12.87312759	8.41330227	-1.55528389	1.47823691	1.63011065	4.43707265	3.10871625
1.00000000	17.19781098	17.01959058	-1.65340243	1.47022712	1.63412424	3.66137906	-2.53306365
1.00000000	1.99271817	3.05274411	-1.65670870	1.63643861	1.72921607	4.48864698	-0.02266879
1.00000000	20.35315162	11.81548771	-1.50028275	1.42088974	1.49000930	3.82045131	3.14152575
1.00000000	49.74577050	-14.04615327	-0.95168899	1.75969744	1.72523088	3.93122278	1.86725903
1.00000000	17.60982714	-15.29380209	-1.41142843	2.46638608	1.90441844	5.06513966	-1.22249126

578	221
632	221
642	231
578	231
578	168
632	168
642	168
578	168

79	291
-30	291
167	255
245	256
79	188
-30	188
167	183
245	183

-82	260
-190	266
-140	250
-52	246
-82	194
-190	195
-140	191
-52	190

172	242
113	242
199	230
248	230
172	186
113	186
199	184
248	184

797	191
783	190
833	190
847	191
797	165
783	165
833	165
847	165

1268	224
1363	229
1226	235
1136	229
1268	130
1363	126
1226	121
1136	126

