1.00000000	26.82108628	8.04229787	-1.26775859	1.44120443	1.61500401	4.10131969	3.11651802
1.00000000	25.83208837	0.07141264	-1.28504727	1.77271688	1.68255285	3.88189868	0.03498750
1.00000000	14.10490839	8.44038913	-1.53353820	1.57454467	1.62897377	3.86344069	-3.14037681
1.00000000	22.21754476	-15.25845590	-1.23655079	2.43621016	1.87151636	4.98528951	1.56261587
1.00000000	22.46442343	17.27992610	-1.58675192	1.49149871	1.69345313	4.07984633	-2.57465982
1.00000000	31.27777702	11.38015044	-1.26761983	1.51964188	1.59110819	3.76289079	3.08639097
1.00000000	37.40856020	-19.11437260	-0.88351415	1.51211202	1.62945107	3.74484909	-1.18193185

396	218
349	218
389	212
430	212
396	176
349	176
389	175
430	175

585	211
629	211
637	218
586	218
585	165
629	165
637	163
586	163

151	275
52	275
189	250
263	250
151	180
52	180
189	178
263	178

1050	215
1014	211
1172	211
1222	215
1050	131
1014	134
1172	134
1222	131

78	239
2	242
24	232
88	229
78	187
2	188
24	186
88	185

346	213
307	213
346	208
380	208
346	175
307	175
346	175
380	175

994	191
1022	192
968	193
942	192
994	163
1022	162
968	162
942	162

