1.00000000	6.98054401	3.18209498	-1.66555450	1.47882199	1.72376146	4.45761116	-0.01355159
1.00000000	8.68695033	0.15793349	-1.61014281	1.57120764	1.71771755	3.73018917	0.02022967
1.00000000	8.32741135	19.52303334	-1.94285236	1.84785235	1.73817277	4.23974332	-2.43371010
1.00000000	37.52396232	15.18673144	-1.46838556	1.49330080	1.72945151	4.19723611	2.17280030
1.00000000	11.77231011	8.27174438	-1.61472056	1.54989171	1.61675372	4.04594917	3.11071396

291	309
430	310
241	447
-34	446
291	190
430	190
241	208
-34	207

540	287
661	287
699	351
509	352
540	176
661	176
699	178
509	179

-1185	395
-1694	438
-1096	344
-814	325
-1185	205
-1694	211
-1096	197
-814	194

275	212
269	211
353	208
363	210
275	182
269	181
353	181
363	181

40	306
-79	305
132	266
217	266
40	188
-79	188
132	183
217	183

