1.00000000	12.28833700	3.42670491	-1.77497921	1.68336535	1.76587026	4.25956971	0.07513333
1.00000000	14.94110760	-1.22313248	-1.66756151	1.45483768	1.54814783	3.23853681	-0.33106184
1.00000000	20.31967640	9.68937623	-1.85557012	1.56726575	1.71175583	4.10924272	3.12446499
1.00000000	48.14395403	-8.32035542	-1.75594101	1.43392706	1.55751940	3.84502097	-0.43595362

384	268
475	267
442	308
310	309
384	182
475	182
442	185
310	186

657	249
725	251
694	270
611	266
657	185
725	185
694	188
611	187

256	256
188	256
269	241
324	241
256	194
188	194
269	190
324	190

732	203
754	203
740	205
716	205
732	182
754	182
740	183
716	183

