1.00000000	5.84617853	3.19042457	-1.67564652	1.41216922	1.63084080	3.69620009	3.14136863
1.00000000	37.66124625	1.55570382	-1.57304011	1.50133824	1.65102309	3.60767779	0.06911232
1.00000000	21.63551481	8.50106791	-1.75888072	1.60622537	1.77535415	4.22824496	1.58867157
1.00000000	10.11431343	7.76024116	-1.71153901	1.51798558	1.65095612	3.96407529	1.58273399

162	502
-154	502
226	337
385	337
162	227
-154	227
226	200
385	200

564	208
595	207
598	211
565	211
564	180
595	180
598	181
565	181

237	243
266	237
404	237
388	243
237	186
266	185
404	185
388	186

-166	319
-47	296
223	296
154	318
-166	197
-47	193
223	193
154	197

