0.00000000	16.63660376	11.26542844	-1.50968001	1.70139968	0.60495754	0.86835882	2.34378767
1.00000000	29.15391922	5.50299444	-1.17837582	1.54648304	1.65747812	4.45593909	-1.49258685
1.00000000	27.58040930	17.50738746	-1.54091189	1.69481134	1.72132065	4.01829167	-1.50249028
1.00000000	46.47648962	3.32772355	-0.85066221	1.58338428	1.61414962	3.95878083	-0.20185004

95	251
90	249
135	246
141	248
95	174
90	173
135	173
141	173

530	208
529	210
413	210
421	208
530	170
529	170
413	170
421	170

214	222
192	225
78	226
107	222
214	179
192	179
78	179
107	179

555	192
578	192
562	194
537	193
555	168
578	168
562	168
537	168

