1.00000000	7.07191354	7.09937497	-1.72283099	1.51492047	1.69610162	4.32955842	1.50639451
1.00000000	9.74833714	-2.94832430	-1.56741283	1.38879406	1.56215508	3.90415129	0.00562985
1.00000000	12.29583464	7.20228647	-1.69709001	1.42721915	1.58086952	3.54243203	1.56560433
1.00000000	23.54243680	6.93780247	-1.53475903	1.46996570	1.56062449	3.82766692	1.58637381
1.00000000	15.64071806	-2.97532584	-1.51620040	1.46590996	1.58580557	3.88444474	0.01173908
1.00000000	38.40598809	-0.30527868	-1.29566596	1.54252803	1.61186943	3.56029147	-0.01576094
1.00000000	9.88669458	7.15070524	-1.69627653	1.37926817	1.58272197	3.69391128	1.52729940
1.00000000	19.56729136	6.95302110	-1.59750543	1.39868855	1.56446429	3.85028563	1.57060421
1.00000000	30.89193796	7.18995395	-1.46462987	1.42239845	1.52232804	3.66408354	1.69440150
1.00000000	38.44833374	7.08281617	-1.36888526	1.48693764	1.58211573	4.04806263	-1.64102399
1.00000000	28.64095788	7.33496264	-1.47694967	1.38569951	1.56435433	3.52572987	1.57537651
1.00000000	17.12532796	7.21716128	-1.64867948	1.43261731	1.61614920	3.57923163	1.55594230
1.00000000	29.45393763	-3.40495361	-1.28998564	2.45698571	2.04631765	5.67253765	-0.01623618

-486	386
-237	339
146	345
-2	396
-486	206
-237	198
146	199
-2	207

750	271
849	271
976	322
826	323
750	183
849	183
976	189
826	189

37	290
108	275
307	275
264	290
37	198
108	195
307	195
264	198

327	230
345	226
460	226
451	229
327	182
345	182
460	182
451	182

702	238
768	238
817	257
732	257
702	177
768	177
817	178
732	178

602	202
631	202
632	204
600	204
602	174
631	174
632	174
600	174

-117	318
-2	296
246	298
174	321
-117	206
-2	201
246	202
174	207

266	243
293	237
431	237
416	243
266	188
293	187
431	187
416	188

394	216
400	214
486	213
484	215
394	181
400	181
486	181
484	181

517	205
511	207
434	206
444	205
517	178
511	178
434	178
444	178

373	219
386	216
473	216
465	219
373	183
386	182
473	182
465	183

207	255
245	247
391	247
367	255
207	190
245	189
391	189
367	190

666	206
712	206
731	213
675	213
666	150
712	150
731	146
675	146

