1.00000000	9.90518645	-2.88589628	-1.58662746	1.47702360	1.57452822	3.43613938	-0.01052700
1.00000000	23.74524317	7.03479616	-1.80130969	1.42914200	1.60948822	4.03386135	1.53368676
1.00000000	31.01254513	6.37142282	-1.75523977	1.49338603	1.68999653	4.02933892	1.51536536
1.00000000	24.30878940	-3.53062278	-1.47247146	1.59785891	1.67770919	3.66028736	-0.08290149
1.00000000	4.62434104	-3.02152132	-1.66135595	1.50473166	1.61772653	3.44001870	0.00654675
1.00000000	36.87604603	-1.01116833	-1.48624883	1.60091591	1.69643838	3.76382345	-0.03297414
1.00000000	36.25346736	6.30387256	-1.77674160	1.49718308	1.61367639	3.64036874	1.43676615
1.00000000	33.19977961	-3.70962996	-1.45446525	1.37065911	1.54910558	3.57608827	-0.06219129

749	273
849	273
950	317
806	317
749	179
849	179
950	182
806	182

323	237
344	233
463	233
450	238
323	192
344	191
463	191
450	192

408	222
421	220
512	220
504	223
408	186
421	186
512	186
504	186

690	217
738	218
749	225
694	225
690	173
738	173
749	173
694	173

881	363
1073	363
1687	613
1244	615
881	184
1073	184
1687	199
1244	199

615	206
647	206
648	209
613	209
615	176
647	176
648	176
613	176

443	216
455	214
524	215
516	217
443	186
455	185
524	185
516	186

674	207
706	207
712	212
676	211
674	179
706	179
712	180
676	180

