1.00000000	30.29074920	-1.12078817	-1.16707490	1.56468606	1.67374674	4.46049100	1.20715380
1.00000000	28.26638473	11.14574734	-1.38778279	1.66934383	1.72634015	4.01926699	-1.51581240
1.00000000	35.63858082	-12.71484149	-1.10998152	1.48019004	1.65308996	4.06266765	1.53325176
1.00000000	49.97513420	2.80289650	-1.07744692	1.66069674	1.65266802	4.11818498	-0.05729987

581	206
596	204
695	206
685	208
581	168
596	169
695	168
685	168

382	215
370	218
261	218
280	216
382	174
370	174
261	174
280	174

833	199
824	198
906	198
919	199
833	168
824	168
906	168
919	168

561	194
584	194
579	196
554	196
561	171
584	171
579	171
554	171

