0.00000000	22.99070358	8.38363296	-1.49677489	1.78280735	0.73387066	0.60117817	1.08188128
1.00000000	2.46498412	3.49664186	-1.71406577	1.57265711	1.69638207	3.81961590	0.01670278
1.00000000	34.99485819	0.24534276	-1.26809524	1.46312106	1.66676515	4.68186485	1.32564998
1.00000000	35.81021961	15.91899270	-1.55348883	1.61704791	1.76047118	3.91448893	-1.21859956
1.00000000	41.38749524	-10.26171509	-1.14578627	1.43290138	1.67490024	4.10842174	1.60358858
1.00000000	30.18527533	22.81767695	-1.59490560	1.52198410	1.62653986	4.00305955	-1.37683260

329	228
348	227
361	228
343	229
329	171
348	171
361	171
343	171

-152	474
151	472
-5877	4516
-11413	4999
-152	195
151	195
-5877	500
-11413	537

554	205
564	204
657	205
650	206
554	174
564	174
657	174
650	174

330	212
330	214
241	215
245	213
330	180
330	181
241	181
245	181

758	197
751	196
821	196
831	197
758	172
751	172
821	172
831	172

123	221
105	223
-7	225
17	222
123	185
105	186
-7	186
17	186

