1.00000000	15.35725594	-2.85190783	-1.45605252	2.45612526	2.04858027	5.45925780	0.01970034
1.00000000	9.43976766	7.37546118	-1.71635793	1.50974905	1.61655106	4.02442531	1.61991024
1.00000000	38.75783117	0.39931598	-1.44360779	1.48225582	1.55845002	3.30221433	-0.01311539
1.00000000	1.68162145	-2.75533074	-1.65764735	1.45609784	1.60098829	3.57878553	0.01359532
1.00000000	24.14459429	7.61948385	-1.55912540	1.55702651	1.63704078	4.22779949	-1.62280607
1.00000000	14.41708991	7.79972076	-1.68577288	1.50355434	1.60316464	3.75241386	-1.62766600
1.00000000	16.83723174	7.60346965	-1.67298708	1.53450990	1.57283105	3.99407023	1.73808479
1.00000000	21.62946400	7.99824313	-1.61846838	1.40491295	1.52094772	3.44345538	1.62205172
1.00000000	31.88252198	7.93668596	-1.48802636	1.42169356	1.52971462	4.02242667	-1.86447108

684	234
767	234
843	261
724	261
684	134
767	134
843	117
724	117

-201	331
-74	305
227	303
161	328
-201	199
-74	195
227	194
161	199

590	204
618	204
618	207
587	207
590	178
618	178
618	178
587	178

451	226
437	230
307	229
329	225
451	180
437	181
307	180
329	180

327	262
287	273
91	271
151	261
327	189
287	191
91	191
151	189

172	259
200	251
377	248
366	255
172	187
200	186
377	185
366	187

271	238
292	233
406	233
394	237
271	188
292	187
406	187
394	188

479	214
462	216
380	214
399	212
479	182
462	182
380	182
399	181

