1.00000000	25.25419687	-2.06058402	-1.56063269	1.48267555	1.63494035	3.51602592	0.01348192
1.00000000	24.74516567	7.93424657	-1.76521800	1.50069022	1.61565166	4.19857345	3.06760645
1.00000000	18.79790080	11.42349243	-1.87243221	1.94869554	1.90219299	4.48183355	3.07401371
1.00000000	38.70347676	0.34758417	-1.55186818	1.39733219	1.63691640	3.53463418	-0.04532285
2.00000000	26.69304045	2.80863109	-1.56196485	1.68243623	0.60391877	1.78537981	3.11272216

644	219
688	219
702	226
651	226
644	179
688	179
702	180
651	180

376	238
325	238
379	227
421	228
376	190
325	189
379	187
421	187

140	266
60	266
188	246
252	246
140	180
60	180
188	178
252	178

591	206
620	206
618	209
586	209
591	181
620	181
618	182
586	182

540	223
523	223
530	220
546	220
540	176
523	176
530	175
546	175

