1.00000000	23.84645562	-1.71433499	-1.49417959	1.46392679	1.60787121	3.60497299	-0.01409180
1.00000000	29.62520248	12.38208068	-1.88574634	2.32903576	1.93588796	5.45617781	3.08193278
1.00000000	14.72837298	9.91411962	-1.77156959	1.59999478	1.63476749	4.00600057	3.02838707
1.00000000	27.52981186	1.98856906	-1.53182266	1.43915606	1.52712245	3.14658441	-0.02742103
2.00000000	15.68391574	5.05783683	-1.59361957	1.67650247	0.59068964	1.71596251	-0.02139635

638	219
684	219
694	227
641	227
638	178
684	178
694	179
641	179

297	234
246	233
315	223
357	223
297	170
246	170
315	171
357	171

69	286
-15	285
154	258
221	259
69	193
-15	193
154	188
221	188

543	217
581	217
576	222
533	222
543	181
581	181
576	182
533	182

376	249
402	249
376	259
346	258
376	175
402	175
376	175
346	175

