1.00000000	40.76209570	12.22428021	-1.73099623	2.22871304	1.92143337	5.20949803	3.12190390
1.00000000	25.71216633	9.67311106	-1.66062997	1.59544373	1.56403027	4.15154225	3.09837341
1.00000000	25.26016737	2.61365740	-1.56362591	1.49770510	1.52827125	3.15674857	-0.01050448
1.00000000	23.75273955	-1.33043088	-1.49885498	1.42712581	1.56503006	3.46401114	-0.03814030
2.00000000	13.38485668	5.72773030	-1.58008097	1.75089502	0.58271336	1.74855025	-0.01547097

395	214
359	214
391	209
423	209
395	172
359	172
391	172
423	172

334	233
286	233
340	224
380	224
334	184
286	183
340	182
380	182

520	221
561	221
554	227
507	227
520	180
561	180
554	181
507	181

629	220
674	220
680	227
628	227
629	179
674	179
680	180
628	180

303	260
333	260
292	273
258	273
303	170
333	170
292	170
258	170

