1.00000000	34.57853920	0.47551958	-1.40267084	1.33686125	1.55362957	3.40150783	-0.04142039
1.00000000	38.51791683	10.13883290	-1.69200621	1.82609749	1.85200337	4.57620433	3.05264783
1.00000000	24.33036001	-2.24626441	-1.47280965	1.41427875	1.59960122	3.50487766	-0.02061062
1.00000000	44.47868749	6.53814768	-1.48588524	1.68504000	1.63903958	4.21829098	2.79913902
2.00000000	22.56879305	3.34871192	-1.54021643	1.67660761	0.51587220	1.67515780	3.12243414

587	206
618	206
616	210
582	210
587	179
618	180
616	180
582	180

421	215
385	215
418	210
450	210
421	178
385	178
418	178
450	178

653	218
698	218
709	225
657	225
653	178
698	178
709	179
657	179

499	206
474	205
508	203
531	203
499	177
474	177
508	176
531	176

507	231
490	231
499	227
516	227
507	174
490	174
499	174
516	174

