0.00000000	26.22128286	10.13263401	-1.20222483	1.84201026	0.71021115	0.95026462	-3.05386877
0.00000000	26.03516830	10.88514328	-1.14080999	1.90364563	0.67289707	0.99087420	-2.95578623
0.00000000	31.45597859	16.43230288	-0.73859141	1.92939353	0.63230187	0.49486294	0.66965932
0.00000000	18.38449052	6.01798108	-1.40942071	1.72449756	0.71876527	0.82769284	0.37873426
0.00000000	14.34985587	3.11574183	-1.53839217	1.68202472	0.64822231	1.30452404	0.90293020
1.00000000	24.80298845	-19.25974645	-2.03161870	1.53605461	1.67331570	3.97024751	-3.12252998
1.00000000	24.11285200	-16.38078439	-1.91970561	1.45223188	1.58218898	3.36415328	0.09399188
1.00000000	24.43430549	-13.77436362	-1.98356412	1.57422018	1.65596495	3.53844981	0.06642003
1.00000000	37.27301798	-0.87601511	-1.33536993	1.42025447	1.56186898	3.45332811	0.05919183
2.00000000	12.68846612	3.38681372	-1.57583640	1.73328972	0.72653105	1.74816831	0.81332457
2.00000000	17.35801697	8.74950509	-1.29963956	1.76628780	0.62280591	1.40347559	2.70786595
2.00000000	14.34985587	3.11574183	-1.53839217	1.68202472	0.64822231	1.30452404	0.90293020

333	211
313	212
321	210
341	210
333	160
313	160
321	161
341	161

311	210
291	210
298	209
317	209
311	157
291	157
298	158
317	158

221	196
237	196
239	196
223	197
221	153
237	153
239	153
223	152

353	231
382	231
385	233
355	234
353	165
382	165
385	164
355	164

414	252
440	249
483	253
457	256
414	168
440	168
483	168
457	167

1236	230
1184	230
1095	223
1139	222
1236	182
1184	182
1095	181
1139	181

1034	222
1075	222
1156	228
1109	229
1034	182
1075	182
1156	182
1109	182

955	224
999	224
1068	231
1018	231
955	181
999	181
1068	181
1018	181

603	200
632	199
639	201
607	201
603	174
632	174
639	173
607	173

368	263
404	260
459	268
421	272
368	167
404	167
459	166
421	165

224	235
206	234
257	230
275	231
224	158
206	158
257	160
275	160

414	252
440	249
483	253
457	256
414	168
440	168
483	168
457	167

