0.00000000	31.28278883	16.19990499	-0.75178276	1.88358486	0.59087520	0.47099375	1.31297004
0.00000000	13.01412582	0.70085526	-1.52855108	1.68696260	0.74775227	1.02948499	0.79486716
0.00000000	38.23989316	12.28078541	-0.80428575	1.79237115	0.82847131	1.06552918	0.06646104
0.00000000	29.57824406	10.16763135	-1.12169145	1.69458604	0.78000567	1.05805993	0.18400773
1.00000000	24.05239155	-16.35206750	-1.93715201	1.43611133	1.57293317	3.34955109	0.07458729
1.00000000	24.75659722	-19.25518450	-2.04183541	1.50880969	1.66776619	3.89718539	-3.11735678
1.00000000	24.31255893	-13.78811786	-1.94390116	1.48800421	1.59320674	3.44918935	0.04398178
1.00000000	37.29215923	-0.80410305	-1.30344127	1.47598386	1.51527038	3.27380268	0.04615291
2.00000000	13.08343160	2.74697103	-1.52072785	1.73178709	0.68772655	1.81998203	0.66118616
2.00000000	10.13824061	-0.51717758	-1.56219445	1.75254250	0.70451953	1.76020547	0.41851479

224	197
234	197
243	197
233	197
224	154
234	154
243	154
233	153

532	258
563	255
602	259
571	262
532	165
563	165
602	164
571	164

369	193
385	193
380	193
364	193
369	160
385	160
380	159
364	159

350	205
370	205
366	205
346	206
350	164
370	164
366	164
346	164

1035	223
1076	223
1155	229
1108	229
1035	183
1076	183
1155	183
1108	183

1236	230
1185	230
1096	223
1140	223
1236	183
1185	183
1096	183
1140	183

960	223
1002	223
1069	230
1019	230
960	182
1002	182
1069	183
1019	183

603	199
631	199
636	201
606	201
603	172
631	172
636	171
606	171

415	256
449	254
495	262
459	265
415	164
449	164
495	162
459	162

595	277
638	275
699	291
651	295
595	159
638	160
699	156
651	155

