0.00000000	31.37176162	16.42698991	-0.71197722	1.96969724	0.63160168	0.49628192	0.68025535
0.00000000	19.70851798	6.30928090	-1.36702095	1.82339454	0.71503042	1.24478858	3.13953829
1.00000000	24.12885114	-16.35946663	-1.91082517	1.44127715	1.58148345	3.31046613	0.06098381
1.00000000	24.78212557	-19.24787572	-2.03689746	1.52731788	1.66059121	3.94801027	-3.13186264
1.00000000	37.15990970	-0.83670114	-1.34753964	1.51903129	1.56674307	3.20567677	0.04129411
1.00000000	24.39315194	-13.78840271	-1.96785782	1.55849123	1.63292006	3.53751214	0.07514562
2.00000000	19.80472615	6.20974992	-1.39194606	1.74791837	0.72605618	1.50515108	-3.13156962

220	196
236	196
238	196
222	196
220	151
236	151
238	151
222	151

380	228
353	228
369	225
394	225
380	160
353	160
369	161
394	161

1034	222
1076	222
1153	228
1105	228
1034	182
1076	182
1153	182
1105	182

1235	230
1183	230
1096	223
1140	223
1235	182
1183	182
1096	182
1140	182

603	200
632	200
637	202
606	202
603	172
632	172
637	171
606	171

956	224
999	224
1070	231
1020	231
956	181
999	181
1070	181
1020	181

384	229
357	229
374	226
400	226
384	163
357	163
374	165
400	165

