0.00000000	31.42000500	16.26291275	-0.74153719	1.90971792	0.57322559	0.41490797	1.32003808
0.00000000	39.98060477	12.60138311	-0.76513622	1.91779172	0.69465496	0.82324304	-0.23944871
0.00000000	14.27311646	2.07486153	-1.53941629	1.85587561	0.77800500	0.96839855	0.62186605
0.00000000	31.21759013	10.61491715	-1.01259754	1.77451801	0.80025706	1.08014055	0.15720801
0.00000000	23.78903188	-4.54155269	-1.60658536	1.78798008	0.68124823	1.21819518	0.31223425
1.00000000	24.78366400	-19.25166532	-2.07141093	1.52611291	1.68299769	3.93753209	-3.12065911
1.00000000	24.07897146	-16.33615619	-1.94974766	1.43637872	1.57242590	3.32725017	0.08045094
1.00000000	37.16053712	-0.80557622	-1.33663438	1.57898390	1.58869624	3.15865027	0.04004058
1.00000000	24.40909586	-13.79146576	-2.00664828	1.58513165	1.67714718	3.48936915	0.05873714
2.00000000	17.79676864	6.83578190	-1.39127682	1.82358181	0.74999285	1.63615064	0.32958308
2.00000000	14.02757921	3.98953337	-1.52458833	1.78883660	0.70907481	1.86102704	0.58278054

225	197
234	196
242	196
233	197
225	153
234	153
242	153
233	153

377	192
388	192
380	192
369	192
377	158
388	158
380	157
369	157

471	252
506	249
530	253
494	256
471	159
506	159
530	158
494	157

353	201
372	201
368	201
349	202
353	161
372	161
368	160
349	160

723	220
741	220
760	222
741	222
723	167
741	168
760	167
741	167

1236	231
1184	231
1095	224
1140	224
1236	183
1184	183
1095	183
1140	183

1034	223
1075	223
1154	229
1107	230
1034	183
1075	183
1154	184
1107	184

603	200
632	200
637	201
605	201
603	171
632	171
637	170
605	170

956	225
1001	225
1069	232
1018	232
956	181
1001	181
1069	182
1018	182

314	232
345	231
343	236
309	236
314	161
345	161
343	159
309	159

368	251
403	249
434	258
396	260
368	163
403	163
434	161
396	161

