0.00000000	25.73303925	9.15144368	-1.23155163	1.77190208	0.90199842	1.06364873	3.06391239
0.00000000	31.46484024	16.48355032	-0.65331076	1.89698696	0.55353661	0.36101753	1.47290957
0.00000000	34.11255134	11.43746878	-0.83389328	1.77379155	0.78129180	0.83862755	-0.01915673
0.00000000	34.07589009	12.26492430	-0.77633999	1.79897237	0.77037419	0.70093172	0.00428728
0.00000000	10.40673632	-2.91900384	-1.55089758	1.66412675	0.80469141	0.87204685	-0.90296352
0.00000000	42.90646001	11.11527995	-0.77475999	1.78655291	0.66148945	1.05474928	-0.07296511
0.00000000	32.80712429	14.11568742	-0.70026110	1.87435031	0.71608212	0.66195272	3.04927969
1.00000000	24.79366252	-19.25793886	-2.04448603	1.53718495	1.69355446	3.93256514	-3.12009788
1.00000000	24.08521803	-16.37654932	-1.93524096	1.44905663	1.58628116	3.32550218	0.07879711
1.00000000	24.42895488	-13.77238474	-2.00407205	1.58086205	1.65223464	3.53417240	0.05720573
1.00000000	37.16091859	-0.83795347	-1.31772588	1.47344971	1.55627241	3.24282866	0.05964012

355	213
330	213
344	211
367	211
355	162
330	162
344	163
367	163

221	195
229	194
237	194
229	195
221	151
229	152
237	152
229	151

359	195
375	195
369	196
353	196
359	159
375	159
369	158
353	158

341	194
357	194
352	195
336	195
341	157
357	157
352	157
336	157

806	273
854	278
817	284
769	277
806	162
854	161
817	160
769	161

416	190
427	190
421	191
410	191
416	161
427	161
421	161
410	161

300	194
285	194
292	194
307	194
300	153
285	153
292	154
307	154

1236	230
1184	230
1095	223
1140	223
1236	182
1184	182
1095	182
1140	182

1035	223
1076	223
1155	229
1108	229
1035	182
1076	182
1155	183
1108	183

956	225
999	225
1068	232
1018	232
956	182
999	182
1068	182
1018	182

603	199
631	199
638	201
607	201
603	172
631	172
638	172
607	171

