0.00000000	31.52108694	16.46886876	-0.78226076	1.81543159	0.56443387	0.37677229	1.10752070
0.00000000	26.24806354	12.54159275	-0.98279820	1.84435594	0.72182433	1.03085668	-3.09978008
0.00000000	8.90736329	-4.88248373	-1.61198721	1.71601272	0.71002645	0.79651514	0.02401627
0.00000000	40.87127133	10.58812643	-0.87351559	1.80159163	0.70631567	0.99492183	-0.09981199
0.00000000	31.98288867	10.90890232	-0.83690308	1.82041490	0.73625877	0.86289566	0.08833008
0.00000000	27.87563173	12.32265924	-0.99774406	1.72514462	0.63731035	0.85198150	0.15454988
0.00000000	23.65280202	8.44673107	-1.22593902	1.84503436	0.85745399	1.09806649	0.22832803
0.00000000	32.14395925	12.96078782	-0.80258010	1.88474166	0.70261673	0.68029597	3.13191819
0.00000000	31.88437161	11.78233247	-0.81416104	1.87840855	0.73484614	0.77429853	0.14677475
1.00000000	24.06404646	-16.31505364	-1.95073627	1.46064138	1.57730877	3.33434281	0.09334131
1.00000000	24.76851313	-19.27066038	-2.05761353	1.52504838	1.68865056	3.95275888	-3.11797690
1.00000000	37.16163133	-0.82764626	-1.31553863	1.48392153	1.54114664	3.18078618	0.04019242
1.00000000	24.39838209	-13.84160644	-2.03075419	1.54893422	1.66294810	3.46623502	0.09554330

221	197
233	197
239	197
227	198
221	156
233	156
239	156
227	156

265	206
245	206
258	205
277	205
265	155
245	155
258	156
277	156

963	293
1018	293
1059	304
999	304
963	158
1018	158
1059	156
999	156

416	193
428	193
421	193
409	193
416	162
428	162
421	161
409	161

354	196
371	196
366	197
349	197
354	156
371	156
366	156
349	156

282	204
299	204
293	205
275	205
282	160
299	160
293	160
275	160

337	214
363	214
360	215
332	216
337	159
363	159
360	158
332	158

320	197
304	197
311	196
326	196
320	154
304	154
311	155
326	155

333	196
350	196
346	197
329	197
333	155
350	155
346	154
329	154

1033	223
1074	223
1154	229
1108	230
1033	183
1074	183
1154	183
1108	183

1237	231
1185	231
1096	223
1140	223
1237	183
1185	183
1096	182
1140	182

603	199
632	199
637	201
606	201
603	172
632	172
637	171
606	171

957	226
1000	225
1071	232
1022	233
957	183
1000	183
1071	184
1022	184

