0.00000000	26.50976934	10.89006976	-1.19696186	1.88309228	0.65149139	0.96447758	-3.06345797
0.00000000	31.37052436	16.49347105	-0.68642376	1.98647559	0.64315176	0.46380350	0.46835890
0.00000000	18.40909657	9.62711384	-1.26140688	1.67963696	0.65463864	1.05961702	3.02969599
0.00000000	26.62757070	10.14763431	-1.25623737	1.88152623	0.70201919	0.93964589	-3.05304098
0.00000000	18.91798848	6.39602009	-1.37608955	1.68479252	0.61283755	0.99535224	0.44017786
1.00000000	24.05213808	-16.36475011	-1.93306480	1.46697080	1.58347048	3.32617603	0.08028281
1.00000000	24.75323426	-19.24732924	-2.02865378	1.51285887	1.66615248	3.88658172	-3.11542559
1.00000000	37.16325509	-0.78389519	-1.31286524	1.48021114	1.57350286	3.25780354	0.06855676
1.00000000	24.41292060	-13.78180730	-1.99959598	1.58344245	1.67676305	3.57040292	0.05628561
2.00000000	15.07916200	4.16987319	-1.53807638	1.64924002	0.55935261	1.70804450	1.09622955

314	211
296	211
305	210
323	210
314	159
296	159
305	160
323	160

219	195
236	195
236	195
219	195
219	150
236	150
236	150
219	150

227	230
202	229
229	227
253	227
227	162
202	162
229	163
253	163

337	212
317	212
325	211
344	211
337	161
317	161
325	162
344	162

347	229
371	228
376	230
351	231
347	166
371	166
376	165
351	165

1035	223
1077	223
1156	229
1108	229
1035	182
1077	182
1156	182
1108	182

1236	230
1185	230
1096	223
1140	223
1236	182
1185	182
1096	182
1140	182

601	199
630	199
637	201
606	201
601	172
630	172
637	171
606	171

956	225
1000	224
1069	232
1018	232
956	181
1000	181
1069	182
1018	182

365	249
385	247
446	250
428	253
365	171
385	171
446	170
428	170

