0.00000000	9.93592865	-3.47383399	-1.56048868	1.66624689	0.72414224	0.90690365	0.32916495
0.00000000	25.14835910	8.90633432	-1.23202501	1.82059264	0.87555059	1.02890016	3.04270816
0.00000000	42.24633669	10.94134732	-0.79389856	1.74047983	0.68035832	0.89745239	0.05231502
0.00000000	31.51475505	16.50246068	-0.70499251	1.93974328	0.56666732	0.33492250	1.48012340
0.00000000	30.86500921	13.72923851	-0.75867818	1.80658793	0.67761815	0.70277539	2.80741882
0.00000000	32.31313856	13.30543568	-0.70892356	1.81841660	0.68729779	0.63846986	-3.07018280
0.00000000	33.36633883	12.14027907	-0.73591731	1.82806671	0.78582928	0.71363049	0.10388540
1.00000000	24.07426834	-16.35635401	-1.93197570	1.46571970	1.60170103	3.34622233	0.08015986
1.00000000	24.76833494	-19.25374332	-2.04087577	1.53144574	1.67937357	3.92743976	-3.11752415
1.00000000	24.44830443	-13.78429940	-1.99520348	1.57411814	1.68137566	3.57814902	0.06497702
1.00000000	37.24560236	-0.88591325	-1.32297466	1.50450015	1.57536174	3.32978744	0.05891192

819	280
862	277
908	286
862	289
819	161
862	162
908	160
862	159

356	214
331	213
345	212
369	212
356	161
331	161
345	161
369	161

414	191
426	191
423	191
411	191
414	162
426	162
423	161
411	161

222	196
230	195
237	196
229	196
222	151
230	152
237	152
229	151

286	197
273	197
285	196
298	196
286	154
273	154
285	155
298	155

315	194
299	194
304	194
319	194
315	154
299	154
304	154
319	154

337	194
354	194
350	194
333	194
337	155
354	155
350	155
333	155

1034	223
1076	222
1155	229
1108	229
1034	182
1076	182
1155	182
1108	182

1236	230
1185	230
1096	223
1140	223
1236	182
1185	182
1096	182
1140	182

955	224
999	224
1069	231
1018	232
955	181
999	181
1069	182
1018	182

604	199
632	199
639	201
607	201
604	172
632	172
639	171
607	171

