0.00000000	31.50791620	16.49201795	-0.74323819	1.93949199	0.59405161	0.41329461	0.84708607
0.00000000	25.52972844	10.84277504	-1.10860751	1.93681860	0.67293589	1.01444776	-3.09368634
0.00000000	18.05402229	5.72308490	-1.43403814	1.74159026	0.65163221	0.80241655	0.47069371
0.00000000	25.75201988	10.11760360	-1.16517733	1.85996079	0.69463473	0.97246735	3.11699891
0.00000000	34.49786337	9.42186054	-0.93756459	1.68385994	0.73720421	0.97860482	-0.06288715
1.00000000	24.77840373	-19.24514645	-2.03133384	1.52820253	1.67053326	3.90693608	-3.11764860
1.00000000	24.05658019	-16.33357563	-1.92739342	1.45321274	1.57368277	3.32974164	0.08463220
1.00000000	37.15654674	-0.84600198	-1.36280094	1.51595783	1.59832537	3.22994747	0.07467194
1.00000000	24.40832791	-13.78998129	-1.99925236	1.55221283	1.65611945	3.57294898	0.05798368
2.00000000	11.95410678	2.34620948	-1.57294140	1.74559784	0.73521145	1.81341924	0.83898979
2.00000000	41.15840008	1.16057647	-1.26883195	1.66751599	0.63321904	1.68660895	-3.09962511
2.00000000	13.56341839	2.05371003	-1.53058360	1.66875112	0.69526293	1.41682154	0.83866239

220	197
235	196
238	196
224	197
220	152
235	153
238	153
224	152

304	210
284	210
295	209
314	209
304	155
284	155
295	156
314	156

360	233
387	232
393	235
365	235
360	165
387	165
393	164
365	164

326	211
307	211
319	210
337	210
326	158
307	158
319	159
337	159

404	197
419	197
413	197
397	197
404	162
419	162
413	162
397	162

1235	230
1184	230
1096	223
1139	223
1235	182
1184	182
1096	182
1139	182

1034	223
1075	222
1155	229
1108	229
1034	182
1075	182
1155	182
1108	182

602	200
631	200
639	202
607	202
602	172
631	172
639	172
607	172

956	225
1000	224
1069	232
1019	232
956	182
1000	182
1069	183
1019	183

413	267
449	264
517	273
480	277
413	164
449	165
517	163
480	162

589	198
578	198
578	197
588	197
589	168
578	168
578	169
588	169

458	255
487	252
535	257
506	260
458	167
487	168
535	167
506	166

