0.00000000	41.00331758	12.77953449	-0.71977518	1.83898723	0.68535169	0.85553323	-0.08754789
0.00000000	31.50361463	16.41355565	-0.75939272	1.89292037	0.57296863	0.42954879	1.31420803
0.00000000	21.25980478	8.66313483	-1.27532862	1.85171664	0.80743699	1.48931365	-3.12156677
0.00000000	15.07961876	3.00374533	-1.51501809	1.85082269	0.85564209	0.95903270	0.65332013
0.00000000	32.08700230	10.90517546	-0.92189644	1.73287177	0.70453921	1.05928590	0.02364252
0.00000000	17.16670865	6.39613553	-1.35051117	1.77216804	0.80635305	1.17693504	0.24374431
0.00000000	23.24243094	-4.75048140	-1.61896918	1.79597783	0.66618637	1.18009401	0.35901573
1.00000000	24.08405605	-16.37193906	-1.93019513	1.45328784	1.58844888	3.33663351	0.07134195
1.00000000	24.77375332	-19.26671580	-2.02976541	1.51412034	1.66714787	3.89592491	-3.11921692
1.00000000	37.28567927	-0.80866563	-1.30947195	1.43011737	1.52986724	3.33466373	0.04944775
1.00000000	24.31796977	-13.79065639	-1.92151545	1.51306522	1.61485892	3.41787903	0.03784410
2.00000000	21.25980478	8.66313483	-1.27532862	1.85171664	0.80743699	1.48931365	-3.12156677

378	190
390	190
384	191
372	191
378	159
390	159
384	158
372	158

222	197
232	197
240	197
230	197
222	154
232	154
240	154
230	154

316	222
287	223
308	220
334	220
316	158
287	158
308	159
334	159

432	247
469	245
491	248
452	251
432	159
469	160
491	159
452	158

357	198
372	198
365	199
349	199
357	160
372	160
365	160
349	160

322	232
356	232
351	235
314	236
322	160
356	160
351	159
314	159

732	222
750	221
770	223
752	224
732	167
750	167
770	167
752	167

1035	223
1077	222
1155	229
1107	229
1035	182
1077	182
1155	182
1107	183

1236	230
1184	230
1096	223
1140	223
1236	182
1184	182
1096	182
1140	182

603	199
631	199
637	201
606	201
603	173
631	173
637	172
606	172

960	223
1003	223
1068	229
1018	229
960	181
1003	181
1068	181
1018	181

316	222
287	223
308	220
334	220
316	158
287	158
308	159
334	159

