0.00000000	26.17041437	9.26440139	-1.22706626	1.77351642	0.85764151	1.06843702	3.10651827
0.00000000	10.72500630	-2.52689562	-1.55019627	1.74280262	0.80085475	0.91019618	-2.55571604
0.00000000	43.28983206	11.36425671	-0.74131594	1.80200100	0.67392792	1.17895517	-0.05422681
0.00000000	34.17383997	14.43903823	-0.74539040	1.82498598	0.70230286	0.68618569	3.06858206
0.00000000	31.47939130	16.46623862	-0.70721910	1.92597485	0.55930015	0.40241182	1.38528848
0.00000000	34.49440253	12.36461087	-0.76717828	1.78392148	0.88105468	0.82431538	0.02333969
0.00000000	34.62161516	11.40419057	-0.80334566	1.71293199	0.78990922	0.91158528	-0.02401218
1.00000000	24.09705363	-16.34634294	-1.93035458	1.44527078	1.56945225	3.31937702	0.07865176
1.00000000	24.76073315	-19.24570422	-2.04047082	1.51395023	1.66742739	3.86890016	-3.12336683
1.00000000	37.14983589	-0.76956749	-1.33332918	1.51911974	1.54283643	3.15357886	0.08448917
1.00000000	24.42932882	-13.79105292	-1.99733124	1.57741332	1.65779355	3.50842601	0.04345516

356	212
333	212
345	211
367	211
356	162
333	162
345	163
367	163

821	277
783	281
736	274
774	270
821	156
783	155
736	157
774	158

414	190
425	190
419	190
407	190
414	160
425	160
419	160
407	160

305	195
291	195
298	194
312	194
305	156
291	156
298	157
312	156

221	196
230	196
238	196
229	196
221	152
230	152
238	152
229	152

341	194
359	194
354	194
335	194
341	157
359	157
354	157
335	157

364	194
380	194
373	195
357	195
364	160
380	160
373	159
357	159

1034	223
1075	222
1154	229
1107	229
1034	182
1075	182
1154	183
1107	183

1235	230
1183	230
1097	223
1141	223
1235	183
1183	183
1097	182
1141	182

601	200
629	200
637	201
606	201
601	172
629	172
637	171
606	171

957	225
1001	224
1068	231
1017	232
957	181
1001	181
1068	182
1017	182

