0.00000000	10.25760738	-3.08111341	-1.53788696	1.69864786	0.78875964	0.84900056	-2.78358364
0.00000000	25.57908861	9.07830690	-1.22864793	1.77942252	0.92053413	1.06897142	3.06410122
0.00000000	31.49083790	16.48643393	-0.67454527	1.93280530	0.56891383	0.37381429	1.48657990
0.00000000	33.98188039	11.40992767	-0.80920396	1.81708050	0.73982885	0.82245116	-0.03093967
0.00000000	42.74214192	11.10024201	-0.73421333	1.77850151	0.68966009	0.94943094	-0.11217865
0.00000000	32.28315052	13.96746635	-0.75254140	1.83750939	0.67315909	0.63942432	3.13792920
0.00000000	33.64798646	13.57123475	-0.75545369	1.79290712	0.72111276	0.66926370	-2.60239267
0.00000000	33.83696456	12.23270015	-0.79564808	1.79569876	0.77246514	0.67422821	-0.00791754
1.00000000	24.78973740	-19.25677939	-2.03439657	1.52156949	1.66876849	3.90361422	-3.12226844
1.00000000	24.06929669	-16.38086595	-1.92232190	1.44628584	1.57820645	3.30345254	0.07034717
1.00000000	24.45972091	-13.78480259	-2.00425617	1.59336448	1.67070988	3.57582161	0.07652530
1.00000000	37.24984119	-0.86983380	-1.32931147	1.49663806	1.56565967	3.31675065	0.05493364

869	281
822	284
784	276
829	273
869	157
822	156
784	158
829	159

356	213
330	213
344	211
368	212
356	162
330	162
344	163
368	163

221	195
229	195
237	195
229	195
221	151
229	151
237	151
229	151

359	195
374	195
368	195
353	195
359	157
374	157
368	157
353	157

416	190
427	190
421	190
410	190
416	160
427	160
421	160
410	160

299	196
284	196
290	195
305	195
299	155
284	155
290	155
305	155

325	195
308	195
306	195
322	194
325	157
308	156
306	157
322	157

340	195
356	195
351	195
334	195
340	157
356	157
351	157
334	157

1235	230
1184	230
1096	223
1140	223
1235	182
1184	182
1096	182
1140	182

1036	222
1077	222
1155	229
1108	229
1036	182
1077	182
1155	182
1108	182

954	225
998	224
1069	232
1019	232
954	181
998	181
1069	181
1019	181

603	199
632	199
638	201
607	201
603	172
632	172
638	171
607	171

