1.00000000	29.70592599	-2.16840945	-1.02652810	1.59029126	1.57850447	3.87244946	1.53513324
1.00000000	26.14767928	15.34729255	-1.05597303	1.56262124	1.69098879	4.15333353	-1.53772020
1.00000000	26.61932895	3.13261685	-1.06270335	1.68924510	1.78619309	4.48572981	1.60340524
1.00000000	29.45032120	-14.18018592	-1.31901310	1.82673275	1.76695021	4.38180785	1.57999814

609	199
610	198
701	198
705	199
609	160
610	161
701	161
705	160

252	208
230	210
110	210
140	208
252	167
230	166
110	166
140	166

455	205
463	204
580	203
580	205
455	158
463	159
580	160
580	158

904	203
886	202
989	202
1013	203
904	157
886	159
989	159
1013	157

