1.00000000	29.78134406	-2.81104791	-1.04857657	2.02990437	1.83163615	4.95122232	1.55204165
1.00000000	41.87012974	2.34304980	-0.70697783	1.63831842	1.72185961	3.85819360	-0.06588645
1.00000000	41.36139719	7.80670266	-0.81851695	1.45702565	1.56847521	3.89682839	3.12266183
1.00000000	26.62174576	6.62873419	-1.01371191	1.67919850	1.68191179	3.70008004	1.58691561

612	200
612	198
727	199
734	200
612	149
612	151
727	151
734	149

553	187
581	187
574	188
544	188
553	161
581	161
574	159
544	159

475	192
447	192
463	191
488	191
475	165
447	165
463	167
488	167

368	205
382	203
479	203
472	205
368	158
382	160
479	160
472	158

