1.00000000	26.45775895	-4.81569642	-1.21621356	1.73090363	1.74517161	4.49209590	1.58284783
1.00000000	26.78310997	-13.38764743	-1.30395148	1.68361330	1.62348810	3.89799664	1.39587688
1.00000000	29.49961612	-2.37071138	-1.05959318	1.76627874	1.68613180	4.16165245	1.57884836
1.00000000	41.23856896	7.92490307	-0.84672974	1.38149595	1.53163562	3.67027553	3.14114881

676	207
671	205
788	205
802	207
676	158
671	160
788	160
802	158

912	205
901	204
1009	204
1027	206
912	160
901	161
1009	160
1027	159

611	200
610	199
708	199
715	200
611	156
610	158
708	158
715	156

474	192
446	192
460	191
485	191
474	167
446	167
460	168
485	168

