1.00000000	31.38786366	-1.27480156	-1.33029936	1.45515966	1.60587367	3.88675301	0.09314328	31.41374069027958	-0.04059216400523257
1.00000000	16.55879272	-3.27100754	-1.49567030	1.47496736	1.55158921	3.58766725	0.04955900	16.87877681204008	-0.19502810841603416
1.00000000	8.24218361	5.13099871	-1.61081741	1.41760015	1.58626202	3.97998910	2.12387633	9.708796960642152	0.5568204768471644
1.00000000	11.27808220	5.23435693	-1.57705722	1.46170962	1.53988678	3.93199952	1.95023024	12.433568698511134	0.43453193999383977
1.00000000	4.73165920	-2.97546889	-1.67460773	2.00688887	1.87531898	4.77249434	0.00099227	5.589455599636021	-0.5613577649209424
1.00000000	16.59476506	5.29301041	-1.47064076	1.38013744	1.50630098	3.85211455	-1.15727210	17.418443862669395	0.3087562087714516
1.00000000	22.06122750	5.82449562	-1.41474960	1.54091573	1.50102173	3.50242194	2.16577315	22.81715381098518	0.2581251661939348
1.00000000	26.30230502	-2.06554563	-1.43131969	1.38747799	1.51783902	3.66275561	0.07464343	26.38328501371141	-0.07837013219000384
1.00000000	49.20624683	2.35813040	-0.84771703	1.53550708	1.61748591	3.73265994	3.08113194	49.2627192314664	0.04788675762209873
1.00000000	26.11066166	5.63895828	-1.40243099	1.34799600	1.51992440	3.58877245	2.14552879	26.712628152365962	0.2126972148554457
