1.00000000	16.17904086	-2.82030106	-1.66266141	1.52897477	1.61107355	3.86347802	0.00844473	16.423016203444075	-0.17258403640301118
1.00000000	8.49253002	5.46060612	-1.65843044	1.44841576	1.54352753	3.77840996	1.95939493	10.096597711030318	0.5714310017218014
1.00000000	10.57148858	-2.92383997	-1.73424212	1.47249556	1.49880052	3.61495081	-0.00295635	10.968373214257438	-0.2698325669505988
1.00000000	24.07959386	5.35226872	-1.60238288	1.45048475	1.58633370	3.86199983	-0.95552915	24.667258074493	0.21871832902593405
1.00000000	33.06452099	-2.92116968	-1.72741161	1.59300780	1.55471657	3.71224221	0.02590835	33.19330927457372	-0.08811876886284196
1.00000000	29.68057582	5.13915765	-1.65970359	1.45835745	1.51462100	3.90387930	2.13268685	30.122209785444397	0.17144896311662874
1.00000000	5.74277953	5.57283100	-1.66650627	1.52327538	1.62545976	3.87413470	1.97959483	8.002247314645306	0.7703803477062734
1.00000000	28.22698292	-2.97513008	-1.67832718	1.52742445	1.55326097	3.64267795	0.03471179	28.383339545566034	-0.1050124923052962
1.00000000	4.92132275	-2.64169291	-1.73978273	1.47034037	1.61176826	4.03084033	0.00649161	5.58551331932991	-0.4926408644930024
1.00000000	39.18148091	-2.90941439	-1.64137385	1.68283510	1.67030927	4.09084339	0.02945230	39.28935146313099	-0.07411880951638641
