1.00000000	13.91087959	-2.55549079	-1.52061627	1.86878502	1.75051564	4.38481036	-0.00142749	14.143659503298762	-0.1816788206681733
1.00000000	3.18718427	-2.53838740	-1.58359287	1.41627121	1.51702840	3.42174423	-0.02033267	4.074500480232416	-0.672563819108743
1.00000000	15.51821734	4.03328695	-1.51088677	1.51077366	1.58634625	3.98937777	1.47563255	16.033791598761567	0.2542805611427144
1.00000000	30.21813945	-1.91742245	-1.29833959	1.41390109	1.51086685	3.47873192	-0.03454885	30.278911153993143	-0.06336774355371554
1.00000000	18.95421681	11.58400586	-1.64747797	1.50484550	1.58965650	4.00685511	-3.08351922	22.213768852785897	0.5485829504042196
1.00000000	10.16582690	5.11713530	-1.67693041	1.49875712	1.58103924	3.58082213	0.73817295	11.381085635354376	0.466337070362154
1.00000000	19.38547084	-2.38236126	-1.47330163	1.47993779	1.52992481	3.58723967	0.00848940	19.53131139636146	-0.1222810228555647
1.00000000	31.53944266	4.22005653	-1.28869484	1.34773993	1.46989556	3.66266338	-2.58180165	31.820517287118754	0.1330124834445786
1.00000000	20.75755471	5.63240553	-1.42680524	1.39897168	1.50456664	3.59494059	1.45364749	21.50813961255175	0.26496263629681865
1.00000000	31.98581244	11.60594288	-1.42096303	1.42271042	1.46830349	3.78995883	-3.13062954	34.02631492801831	0.3480732868745782
