0.00000000	6.15236195	-1.83438251	-1.62438772	1.63823724	0.62695848	0.63480284	0.29541758	6.420009093202416	-0.28976701221298384
0.00000000	3.67138072	2.27599395	-1.71530412	1.85148716	0.71453374	1.03598543	-3.07979727	4.319627860316711	0.5549441589065018
1.00000000	32.44241915	-4.11247329	-1.26940189	1.47701585	1.56893573	3.67216656	-0.01951819	32.70203352798187	-0.12608973205001206
1.00000000	6.97118044	-2.76008154	-1.57700751	1.58293414	1.67930550	3.77865151	-0.09966863	7.497693434282798	-0.37699061612523593
1.00000000	46.01106644	-4.49203441	-0.89472936	1.53975558	1.56827742	3.83092196	-0.01996150	46.22982379467521	-0.09732101150891206
1.00000000	26.49245262	2.81969372	-1.46977852	1.45889246	1.56424422	3.73693234	0.84171480	26.64208547575719	0.10603465940293791
1.00000000	21.25299353	10.15560502	-1.74905519	1.68272972	1.64290682	4.05347222	-3.12506104	23.554745749179105	0.44576582704755663
1.00000000	19.06251405	-3.55787277	-1.53275881	1.45831144	1.68669459	3.65738430	-0.02812476	19.391696690953964	-0.18451931697512627
1.00000000	15.17146387	3.88649137	-1.73670052	1.44317555	1.55994155	3.78248064	-2.31323910	15.661357895399743	0.25077831931633165
1.00000000	8.57771008	3.66258872	-1.76282750	1.52302408	1.68570060	4.35386175	-2.46711755	9.326932311773515	0.40355422722024853
1.00000000	32.80109606	9.97032617	-1.35952781	1.37909126	1.60651097	3.86807448	3.03467679	34.28293025214639	0.29508878140524375
1.00000000	20.69531114	3.20526424	-1.62244092	1.44400215	1.61413629	3.81573815	-2.25216913	20.94205391143932	0.15365790772422044
