1.00000000	7.65753859	5.29865968	-1.59931944	1.71356273	1.63595065	4.14773885	2.15228248	9.312018667388768	0.6053051061326902
1.00000000	11.46410892	-2.55096586	-1.64101170	1.74347281	1.74477916	4.37545620	-0.01097085	11.744497441291777	-0.2189503940214384
1.00000000	5.20909680	-2.64316107	-1.72463367	1.47836137	1.60849032	3.62370014	0.00889482	5.841317480991235	-0.46956004627058445
1.00000000	11.06328964	5.19176282	-1.54277895	1.45770574	1.51544684	3.66466359	2.06852198	12.220915630085402	0.4387696806899284
1.00000000	27.02256755	5.54041110	-1.41454266	1.40928912	1.54880003	4.05856151	2.10956836	27.58469343950221	0.20222646613652592
1.00000000	21.03121281	-2.65401037	-1.55696867	1.44652963	1.52332861	3.61030353	-0.03566085	21.198011305393145	-0.12553033505958336
1.00000000	21.06106407	5.60478662	-1.47243474	1.78744543	1.74540093	4.25352517	-1.05755544	21.794082977183876	0.26009266940039544
1.00000000	30.01790047	-2.55236626	-1.46851967	2.39568639	1.95291482	5.51756558	-0.04469493	30.12621652567764	-0.0848241131438682
1.00000000	35.55456212	4.89143572	-1.45431052	1.41349578	1.54625695	3.84575881	-0.55519730	35.88945570704341	0.13671723482746684
2.00000000	31.51197684	2.49388343	-1.50843928	1.63160002	0.59898076	1.64442784	3.03569627	31.610506780612123	0.07897620329004566
