1.00000000	32.35386296	-2.83395868	-1.57693909	1.45766211	1.52324517	3.61214562	0.01246560	32.47774268994703	-0.08736959952737341
1.00000000	12.66460795	5.42339777	-1.59264658	1.41058612	1.49031642	3.60919394	1.93504405	13.776993064484143	0.40460548474068575
1.00000000	9.05405534	-2.58193016	-1.66334365	1.50871873	1.63327895	4.04810686	0.01118671	9.415002997923056	-0.27779486731499037
1.00000000	14.77917245	-2.87667827	-1.65034578	1.51060033	1.55191767	3.66538606	0.00662154	15.056534002748748	-0.19224036254609958
1.00000000	28.23732025	5.41903094	-1.49152420	1.57148993	1.65950923	3.91202600	-0.89283407	28.752602512289865	0.18960498301009238
1.00000000	9.83329133	5.64353090	-1.59883283	1.46835065	1.58014219	3.80459867	1.99989295	11.337683158384166	0.5210228903450385
1.00000000	20.38504701	-2.76198638	-1.54889963	1.55672693	1.61170081	3.95752223	-0.00106309	20.57130794002208	-0.13467071435580816
1.00000000	6.89558230	5.54850227	-1.65985475	1.51537037	1.52137076	3.48215260	2.09368610	8.850702384346027	0.6775674164597824
1.00000000	33.84806984	5.20880599	-1.49391721	1.44489288	1.51021700	3.92491943	2.21527386	34.246510650502444	0.15269003989380206
1.00000000	37.24751723	-2.68900269	-1.55257557	1.54620194	1.52541775	3.63565997	0.03981038	37.34445441114348	-0.07206777600634591
