0.00000000	5.46549559	-1.78684937	-1.64915572	1.64224887	0.63383877	0.58990823	0.29357520	5.750171537909008	1.8867753157379452
1.00000000	18.36327879	-3.54076185	-1.53696952	1.39539170	1.68067374	3.65322389	-0.03528677	18.70152406617384	1.7612762123983134
1.00000000	31.71739829	-3.99452636	-1.36846922	1.44519544	1.56212229	3.64493508	-0.03805621	31.967946370188212	1.6960779076200754
1.00000000	20.56614725	10.26681850	-1.62563823	1.61633110	1.67202620	4.18399102	3.13929439	22.98638672824907	1.107781223760966
1.00000000	6.27654603	-2.76628795	-1.61936770	1.60056734	1.68085334	3.70720468	-0.09483019	6.859109205211998	1.985918076327064
1.00000000	20.21044932	3.40687852	-1.59181271	1.42368531	1.62107254	3.88625452	2.77036405	20.49558691441467	1.4037961829154975
1.00000000	45.26747653	-4.35022806	-1.08177827	1.61142564	1.56110870	3.76340716	-0.07486983	45.476025723100655	1.6666026365737607
1.00000000	25.80175651	2.91373604	-1.52986739	1.42566991	1.52880471	3.77892130	0.86621964	25.96575623224023	1.4583449142615854
1.00000000	14.52391650	3.99666585	-1.74481402	1.43876028	1.53769851	3.68510328	-2.28303289	15.06378068134054	1.3022644106760897
1.00000000	7.86564789	3.63740419	-1.79503743	1.47850955	1.67064228	4.25141673	-2.42841625	8.66597518868425	1.1376441225076923
