0.00000000	13.33902384	-2.86960602	-1.38957308	1.65663636	0.56530618	0.56179119	-0.32362396
1.00000000	37.04859332	11.61702809	-1.33366333	1.59960294	1.66280677	3.98743278	3.05817866
1.00000000	24.37672615	12.69073486	-1.63021229	1.44712341	1.60747249	3.69572326	3.11130500
1.00000000	13.61806267	-0.36065955	-1.44033990	1.47393322	1.53172048	3.62430184	-0.01457566

746	246
777	247
774	250
742	249
746	159
777	158
774	157
742	158

378	205
345	205
377	203
407	203
378	173
345	173
377	174
407	174

221	230
171	230
235	224
279	224
221	184
171	184
235	184
279	184

586	242
657	242
672	261
577	261
586	173
657	173
672	170
577	170

