1.00000000	28.38682375	2.11839927	-1.70794294	1.48839128	1.63952112	3.51020286	0.00626783
1.00000000	11.07115118	5.34077193	-1.89395706	1.64721179	1.73515191	3.83885346	-2.45656300
1.00000000	41.01176262	3.05656132	-1.74674259	1.56105518	1.64157058	3.70150961	0.12177189
1.00000000	44.26823666	13.03751092	-2.05865024	1.42744422	1.59644124	3.92539689	3.03043604
1.00000000	39.09895797	12.96054690	-2.05390493	1.57527757	1.74705276	4.12541597	-3.09226489
1.00000000	49.59867879	13.09064062	-2.05235587	1.48262930	1.59550890	3.68503144	3.09935045
1.00000000	44.03799960	-0.52271140	-1.60760544	1.49300790	1.60423298	3.50845582	-0.11579521
1.00000000	24.93382253	-2.87941381	-1.52144955	1.70799458	1.77840371	3.90349187	-1.49549282

532	217
571	217
567	222
523	222
532	182
571	182
567	182
523	182

356	312
216	328
167	291
279	282
356	193
216	194
167	191
279	191

533	206
560	206
565	209
535	209
533	180
560	180
565	180
535	180

391	213
365	213
392	210
416	210
391	189
365	189
392	188
416	188

371	218
337	218
360	214
390	214
371	188
337	188
360	187
390	187

416	209
393	209
410	207
432	207
416	187
393	187
410	186
432	186

600	202
625	202
620	204
593	204
600	179
625	179
620	178
593	178

733	217
747	220
632	220
626	218
733	170
747	169
632	169
626	170

