0.00000000	30.31834301	17.19929043	-0.72344540	1.96098900	0.71285649	0.53492788	0.43255299
0.00000000	18.55946089	7.21786148	-1.32460115	1.78989697	0.75749347	1.08271578	-2.52462578
0.00000000	18.70269901	6.36446350	-1.35975597	1.73460746	0.76228819	1.04650306	-2.55094504
0.00000000	25.22029877	9.03858135	-1.19209145	1.87482309	0.73604717	1.04345546	0.04010645
0.00000000	10.68229424	-1.04595485	-1.58575271	1.75245214	0.89466478	0.97604378	-2.44869518
0.00000000	14.70297010	3.68861399	-1.49939631	1.84274554	0.89954899	0.95394340	-2.52145147
0.00000000	25.54172466	8.33916162	-1.24188278	1.86454380	0.77746330	1.03511646	0.13027968
0.00000000	19.30416132	11.80697993	-1.14560352	1.81234002	0.65372433	1.02578511	-2.94207335
0.00000000	15.10955911	3.12051773	-1.48292873	1.76631069	0.88717530	0.95591765	-2.46916151
0.00000000	19.30349250	5.57520264	-1.36717997	1.74041414	0.77257392	1.09082680	-2.63681698
0.00000000	31.60229482	17.32862372	-0.64864252	1.94133162	0.65366504	0.46575814	0.33739701
1.00000000	24.78268272	-19.24261043	-2.14161448	1.54653978	1.66900330	3.87245730	-3.12308645
1.00000000	24.06603914	-16.36305985	-1.97662423	1.45746124	1.58682873	3.36242726	0.06387695
1.00000000	24.49486130	-13.78766737	-2.01465807	1.60802531	1.66092891	3.60336492	0.07811268
1.00000000	37.11462021	-0.76003828	-1.34490667	1.52421618	1.52660498	2.92496242	0.14240563
2.00000000	24.74077877	-0.55599966	-1.40499661	1.89328980	0.64903972	2.07264502	0.19250293

189	197
208	197
207	197
187	197
189	151
208	151
207	151
187	150

346	229
314	231
304	228
334	227
346	159
314	159
304	160
334	160

380	230
350	231
339	229
369	228
380	162
350	162
339	163
369	163

341	211
362	211
353	212
331	212
341	159
362	159
353	158
331	158

724	280
680	286
633	278
675	273
724	159
680	158
633	160
675	161

454	250
411	253
394	249
436	246
454	158
411	158
394	159
436	160

362	212
384	212
379	213
356	213
362	160
384	160
379	160
356	160

170	223
142	224
159	221
185	221
170	154
142	154
159	155
185	155

486	247
447	249
426	246
464	243
486	161
447	161
426	162
464	162

416	228
386	229
378	227
406	226
416	162
386	162
378	163
406	163

204	195
221	194
219	195
202	195
204	151
221	151
219	151
202	150

1234	233
1183	233
1096	226
1140	226
1234	185
1183	185
1096	184
1140	184

1035	224
1077	224
1155	230
1107	231
1035	183
1077	183
1155	184
1107	184

954	225
997	225
1069	232
1019	232
954	181
997	181
1069	181
1019	181

600	200
628	200
638	202
608	202
600	172
628	172
638	171
608	171

605	214
623	213
636	216
617	217
605	161
623	161
636	159
617	159

