0.00000000	18.95821220	5.45061513	-1.39900039	1.81148052	0.90951269	1.08068774	-2.62973189
0.00000000	13.56333055	1.08963816	-1.52488397	1.87008572	0.84988389	1.07424636	-2.39207554
0.00000000	10.04123123	-2.08624790	-1.56495712	1.80018377	0.73855802	1.01014595	-2.39541960
0.00000000	12.02979088	-3.57552830	-1.55308316	1.70624518	0.71018668	0.97621475	-2.59730816
0.00000000	11.72496143	-2.88899321	-1.54233311	1.74956524	0.71143916	0.96459828	-2.45240831
0.00000000	10.38987323	-2.70914780	-1.56015394	1.70700896	0.73098752	0.94619480	-2.41716838
0.00000000	13.89392175	0.60075710	-1.49881528	1.78205824	0.83827886	1.07051291	-2.39700866
0.00000000	31.27702914	17.17434431	-0.69362758	2.02601743	0.73229161	0.54754301	0.40832084
0.00000000	30.41828306	17.38871022	-0.67968200	2.05141401	0.80890710	0.56917048	0.44636053
0.00000000	13.17099396	2.08909135	-1.55055080	1.85591555	0.88130228	1.03726120	-2.41425538
0.00000000	11.88708607	11.11359345	-1.28392563	1.75400233	0.69313426	1.14692802	3.09119296
0.00000000	40.04991682	12.37112095	-0.87448786	1.88390732	0.72413416	1.08160494	0.58812040
0.00000000	19.43544589	6.42544596	-1.39486752	1.75738120	0.82132126	1.14322720	-2.93874645
1.00000000	24.78452231	-19.24004743	-2.13624452	1.57065916	1.69801524	3.89865417	-3.11797047
1.00000000	24.04771353	-16.34548401	-1.98091660	1.46569252	1.58990339	3.31257770	0.06367144
1.00000000	24.32417619	-13.77801519	-2.00671432	1.50038290	1.60980287	3.46273403	0.05784694
1.00000000	37.26632721	-0.78782533	-1.31771229	1.38817108	1.49608223	3.34774915	0.04354958

420	230
385	232
376	229
410	228
420	161
385	160
376	161
410	162

583	256
547	259
512	254
547	251
583	155
547	154
512	155
547	156

805	285
774	291
712	282
744	277
805	152
774	151
712	153
744	154

860	265
830	268
784	262
814	259
860	160
830	159
784	161
814	161

824	267
797	270
747	265
774	261
824	157
797	156
747	158
774	158

840	280
812	285
754	278
783	273
840	159
812	158
754	159
783	160

609	252
576	255
540	251
573	248
609	158
576	158
540	159
573	160

202	196
221	196
220	196
201	196
202	150
221	150
220	149
201	149

184	196
206	196
205	196
183	196
184	148
206	148
205	148
183	147

527	260
485	264
455	259
496	256
527	157
485	156
455	158
496	159

-90	264
-132	264
-59	256
-21	256
-90	151
-132	151
-59	154
-21	154

374	193
387	193
392	194
379	194
374	160
387	160
392	160
379	160

380	230
347	230
354	227
385	227
380	163
347	163
354	164
385	164

1235	233
1183	233
1095	225
1140	225
1235	184
1183	184
1095	183
1140	183

1035	224
1077	224
1155	231
1106	231
1035	183
1077	183
1155	184
1106	184

958	225
1001	225
1069	232
1020	232
958	184
1001	184
1069	184
1020	184

603	199
630	199
636	201
606	201
603	174
630	174
636	173
606	173

