0.00000000	9.34614445	-3.11011766	-1.62187360	1.79063272	0.73757572	1.00606970	-2.43125248
0.00000000	18.26168110	4.14765007	-1.47955082	1.79434621	0.87041478	1.02017467	-2.48085046
0.00000000	12.66641115	0.11318357	-1.55738936	1.85983157	0.81144987	1.07536732	-2.48538280
0.00000000	9.63897203	-3.84389225	-1.57803176	1.72046351	0.72530626	0.94622938	-2.46047926
0.00000000	31.29376612	17.18166753	-0.64855431	1.99164748	0.67226981	0.47526211	0.55047786
0.00000000	13.01864574	-0.44322014	-1.53749452	1.81163383	0.82820246	1.04731659	-2.55747032
0.00000000	17.88650814	4.68513338	-1.47139488	1.79423022	0.82529736	1.06481345	-2.57676411
0.00000000	12.87046859	-2.22020149	-1.53604219	1.85765147	0.81839350	1.02962365	-2.72393703
0.00000000	30.43364475	17.40413967	-0.66026924	2.00278783	0.78565596	0.53844213	0.50007159
0.00000000	12.13271994	1.23888568	-1.57260702	1.85414362	0.85550790	1.06962660	-2.54142904
0.00000000	13.22731972	-3.01388188	-1.56459306	1.86353683	0.79118798	1.02958005	-2.89126158
1.00000000	24.80141991	-19.23374377	-2.13396327	1.57498622	1.67610881	3.92445012	-3.11290193
1.00000000	24.05484350	-16.29730338	-1.97997842	1.47137666	1.58186037	3.29732581	0.07350544
1.00000000	24.32512233	-13.76564879	-1.97199450	1.54191470	1.63844745	3.46765738	0.05487218
2.00000000	25.21276474	-0.29093592	-1.48794506	1.95196569	0.68836996	1.88893660	-3.03031683

903	297
873	304
800	293
831	288
903	155
873	153
800	155
831	157

466	235
434	236
417	234
448	232
466	163
434	163
417	164
448	164

637	263
599	267
563	261
599	258
637	155
599	154
563	156
599	157

947	289
920	295
851	286
879	281
947	157
920	155
851	157
879	158

202	195
219	195
220	195
202	195
202	149
219	150
220	149
202	149

667	259
628	262
595	257
632	254
667	157
628	156
595	158
632	158

439	236
406	238
393	235
425	233
439	163
406	162
393	163
425	164

768	260
728	262
696	256
733	254
768	152
728	152
696	154
733	154

184	196
205	195
205	196
184	196
184	149
205	149
205	148
184	148

570	269
524	273
494	266
539	263
570	156
524	155
494	157
539	158

805	259
764	260
738	254
777	253
805	154
764	153
738	155
777	155

1235	233
1183	233
1094	225
1138	225
1235	184
1183	184
1094	183
1138	183

1033	224
1075	224
1153	230
1105	231
1033	183
1075	183
1153	184
1105	184

958	224
1001	224
1069	231
1019	231
958	182
1001	182
1069	182
1019	182

626	218
606	218
600	215
618	215
626	160
606	160
600	162
618	162

