0.00000000	8.93698303	-3.75438238	-1.65989373	1.77941954	0.70780171	0.98762512	-2.45260954
0.00000000	30.37604784	17.46604317	-0.67670391	1.97977471	0.76788460	0.55951002	0.48475477
0.00000000	17.66300076	3.68401126	-1.49861632	1.74602199	0.82060577	0.90933858	-2.37074184
0.00000000	13.86109904	-2.69607243	-1.56468974	1.80881381	0.73552900	1.02505002	-2.96404219
0.00000000	13.42759132	-1.81550729	-1.52717863	1.80485582	0.72630252	1.03110334	-2.67367768
0.00000000	9.25872263	-4.38924338	-1.63656340	1.73591995	0.69915244	0.94129537	-2.53021741
0.00000000	11.60435175	0.62853412	-1.57739923	1.82851267	0.77398349	1.07571694	-2.56916428
0.00000000	12.13592479	-0.49590312	-1.57706247	1.82280886	0.74996736	1.04281306	-2.52738023
1.00000000	24.10144555	-16.33794308	-1.94490312	1.44101310	1.59575108	3.35815925	0.10779318
1.00000000	24.78117692	-19.21425054	-2.11951933	1.53594565	1.66168495	3.89371295	-3.11956263
1.00000000	24.30470868	-13.77081118	-1.92254953	1.49561524	1.60557188	3.38342974	0.08472358
1.00000000	37.38710504	-0.85097614	-1.33846877	1.42676187	1.56953774	3.36893609	-0.00501598

970	306
942	313
862	301
891	295
970	157
942	156
862	158
891	159

182	196
203	196
202	196
181	196
182	149
203	150
202	149
181	149

479	237
450	239
430	237
459	235
479	166
450	165
430	166
459	166

775	255
738	256
719	251
754	250
775	158
738	157
719	159
754	159

736	256
703	258
672	252
704	251
736	156
703	155
672	157
704	158

1006	299
977	304
904	294
934	289
1006	159
977	157
904	159
934	160

605	274
562	277
530	270
571	267
605	157
562	156
530	158
571	158

673	268
637	271
599	265
634	262
673	157
637	156
599	158
634	159

1032	223
1073	223
1155	229
1108	230
1032	183
1073	183
1155	183
1108	183

1234	233
1183	233
1095	225
1139	225
1234	185
1183	185
1095	184
1139	184

958	223
1000	223
1069	229
1021	229
958	182
1000	182
1069	182
1021	182

605	200
634	200
636	201
605	201
605	173
634	173
636	173
605	173

