0.00000000	10.47300226	-2.68213623	-1.53908704	1.71428013	0.76570621	0.91850467	-2.44815254
0.00000000	11.09264901	-3.09984308	-1.52289079	1.68110251	0.74257804	0.91815559	-2.61984873
0.00000000	30.50583036	17.48133710	-0.63798759	2.01259589	0.76514451	0.55913843	0.45941165
0.00000000	16.35056169	12.43834747	-1.16962181	1.84260261	0.64197328	1.02316737	3.13126516
0.00000000	20.85994545	3.96854752	-1.46580182	1.79130578	0.69186813	1.01870542	0.29512620
0.00000000	42.20183523	15.66359118	-0.56622527	1.81590962	0.67304883	0.74289967	0.76079220
0.00000000	21.30881862	2.99485357	-1.47330187	1.83317518	0.68786897	1.02163632	0.25711042
0.00000000	42.15805154	16.40385327	-0.53020857	1.81781185	0.63328527	0.73694399	0.91409874
1.00000000	24.79106752	-19.29138585	-2.15237395	1.52805972	1.68403309	3.94006528	-3.13838339
1.00000000	24.05636687	-16.33067006	-1.97139392	1.45015180	1.59430488	3.32627673	0.10229920
1.00000000	24.30365964	-13.78109455	-1.95510481	1.52917075	1.58016760	3.36555054	0.05220268
1.00000000	37.16180952	-0.78450002	-1.37300501	1.47009206	1.55285816	3.19213899	0.03895770

837	278
805	283
751	276
783	271
837	157
805	156
751	158
783	159

851	271
815	275
770	268
805	265
851	159
815	158
770	160
805	160

184	195
204	195
204	195
183	195
184	148
204	148
204	148
183	147

52	234
23	234
59	231
86	231
52	150
23	150
59	152
86	152

454	225
478	225
482	227
457	228
454	165
478	165
482	164
457	164

330	188
342	188
347	188
336	188
330	158
342	158
347	157
336	157

490	224
513	224
517	226
494	226
490	164
513	164
517	163
494	163

317	188
327	188
334	188
324	188
317	157
327	157
334	157
324	157

1236	234
1184	234
1097	226
1142	226
1236	186
1184	186
1097	185
1142	185

1033	224
1074	224
1155	230
1109	231
1033	183
1074	183
1155	184
1109	184

960	224
1002	224
1068	230
1019	230
960	182
1002	182
1068	182
1019	182

603	200
631	200
636	202
605	202
603	173
631	173
636	173
605	173

