0.00000000	19.65130003	12.19998912	-1.11135433	1.88487816	0.68833240	1.12527554	-3.11757231
0.00000000	30.27502110	17.32829245	-0.66953061	2.02386618	0.74780740	0.54075938	0.55602115
0.00000000	8.27669156	-5.23435819	-1.66075645	1.74573445	0.76159921	0.85982892	-2.24077177
0.00000000	23.61243148	6.00857735	-1.37742064	1.81763959	0.81451920	1.13648506	0.11956401
0.00000000	39.12612012	14.71853256	-0.75560544	1.88769877	0.65055705	1.01870816	1.22335398
0.00000000	23.87905623	5.19439547	-1.38293694	1.81341588	0.78313021	1.03992828	3.12789202
1.00000000	24.77124867	-19.21171138	-2.18059896	1.57260752	1.70225187	3.92199221	-3.11793494
1.00000000	24.08253268	-16.38996601	-2.02932147	1.49545991	1.63731936	3.36730637	0.08341304
1.00000000	24.42640756	-13.78513386	-2.09630702	1.59021115	1.68215727	3.48030172	0.04640047
1.00000000	37.15120115	-0.75138243	-1.33159647	1.46634793	1.53913718	3.11515331	0.05907108
1.00000000	40.83055697	15.00553332	-0.81061242	1.98275495	1.81851654	4.20356456	0.18935426

158	222
132	222
157	219
182	219
158	151
132	151
157	152
182	152

184	196
204	196
205	196
184	196
184	148
204	148
205	148
184	148

1121	312
1118	322
1023	313
1033	303
1121	157
1118	155
1023	157
1033	159

412	218
436	218
432	219
406	220
412	164
436	164
432	163
406	163

323	192
332	192
347	192
338	193
323	158
332	158
347	158
338	158

456	219
432	219
440	217
463	217
456	163
432	163
440	164
463	164

1235	235
1183	235
1094	227
1139	227
1235	185
1183	185
1094	185
1139	185

1034	225
1077	225
1157	232
1108	232
1034	184
1077	184
1157	184
1108	184

956	227
1001	227
1068	234
1016	235
956	184
1001	184
1068	184
1016	184

601	200
630	200
636	201
605	201
601	173
630	173
636	172
605	172

331	192
363	192
352	193
317	193
331	159
363	159
352	157
317	157

