0.00000000	9.23342203	-3.07071083	-1.61336968	1.74981833	0.88906210	0.97870960	-2.43256187
0.00000000	8.04097276	-5.87417954	-1.66007648	1.78851533	0.74650081	0.91069098	-2.37164783
0.00000000	16.86151655	11.54751276	-1.17283152	1.76593304	0.66139627	1.05055367	-3.09521651
0.00000000	13.46830443	1.19003999	-1.53020380	1.75371182	0.91593462	1.02262089	-2.40385103
0.00000000	34.80793802	12.02595861	-0.95984266	1.86893296	0.79791044	1.08250834	0.17260063
0.00000000	16.75370743	5.53276664	-1.44521211	1.81594431	0.79046731	1.09676123	-2.57651472
0.00000000	30.27608771	17.24138260	-0.75109098	1.97149420	0.71742393	0.50801266	0.50887078
0.00000000	17.38718183	3.97131819	-1.45150183	1.79651046	0.79837920	1.04238187	-2.48080730
0.00000000	22.89375004	8.33605214	-1.25964652	1.82854223	0.86063327	1.26715546	-3.05269599
0.00000000	16.89647248	4.65609400	-1.46482060	1.81325746	0.83728229	1.03390507	-2.52544785
0.00000000	13.10117998	1.69299778	-1.56263588	1.86475325	0.87834087	0.97745994	-2.38601947
0.00000000	38.88169590	-3.53655062	-1.39167617	1.71139371	0.63229842	1.05837246	-0.32804382
0.00000000	31.54781994	17.39611877	-0.73912809	1.93372333	0.64247321	0.46810457	0.63203251
1.00000000	24.47051751	-13.77408755	-2.11280594	1.62589550	1.71833525	3.59487314	0.08302213
1.00000000	24.76215112	-19.25461857	-2.18404452	1.60929513	1.70407374	3.91022124	-3.11338496
1.00000000	37.28408312	-0.76642789	-1.32726858	1.45039451	1.50008751	3.31034880	-0.00972487

905	297
869	305
797	295
835	288
905	157
869	156
797	158
835	159

1204	317
1194	327
1087	314
1103	306
1204	152
1194	150
1087	152
1103	154

111	232
80	232
111	229
139	229
111	154
80	154
111	155
139	155

578	256
538	260
505	256
544	252
578	162
538	161
505	162
544	163

350	198
367	198
364	198
346	198
350	160
367	160
364	159
346	159

390	240
355	241
344	238
378	237
390	160
355	160
344	161
378	161

187	198
206	198
206	198
186	198
187	151
206	152
206	151
186	151

465	236
434	238
416	235
446	234
465	161
434	161
416	162
446	162

351	218
323	218
335	216
362	216
351	159
323	159
335	160
362	160

432	239
396	241
381	238
416	236
432	161
396	160
381	161
416	162

548	261
508	265
476	260
516	257
548	157
508	156
476	157
516	158

665	199
676	200
672	200
660	200
665	169
676	169
672	168
660	168

200	197
217	196
218	197
202	197
200	153
217	153
218	153
202	153

953	228
998	227
1070	235
1018	235
953	183
998	183
1070	184
1018	184

1237	235
1184	235
1096	227
1140	227
1237	184
1184	184
1096	184
1140	184

604	199
632	199
634	201
603	201
604	173
632	173
634	172
603	172

