0.00000000	11.57888362	-1.16808540	-1.58229766	1.77128720	0.80750867	1.05912850	-2.43223739
0.00000000	11.93460414	-1.81018177	-1.56934295	1.74903357	0.79625798	1.04513560	-2.48215103
0.00000000	8.68746230	-5.11640499	-1.63578389	1.71819687	0.72832570	0.90946775	-2.40120316
0.00000000	8.42562412	-4.39808620	-1.65542827	1.77202797	0.70358844	0.95583302	-2.37661219
0.00000000	30.40210071	17.46446710	-0.69270633	1.96801555	0.76774155	0.54103662	0.45149821
0.00000000	10.97854062	-0.03057279	-1.60378716	1.83130717	0.80888711	1.08747820	-2.44332743
0.00000000	17.00668209	3.15444344	-1.49207626	1.83459914	0.87743613	1.06177252	-2.47330093
0.00000000	16.48159404	3.68414176	-1.50395952	1.89766097	0.87008617	1.08028172	-2.50971627
0.00000000	14.18610623	-1.27905795	-1.52663539	1.82607102	0.79229631	1.36695881	-2.52003074
1.00000000	24.79093702	-19.23459455	-2.14762471	1.56468689	1.69324106	3.92573507	-3.10994959
1.00000000	24.06189316	-16.30902981	-1.99377732	1.47439182	1.60512752	3.29929120	0.07965053
1.00000000	24.30703264	-13.78694083	-1.96022163	1.59838486	1.57581960	3.42474360	0.01198833
1.00000000	37.14538373	-0.78319248	-1.30290936	1.46446764	1.55901893	3.38852625	0.10820285
2.00000000	14.18610623	-1.27905795	-1.52663539	1.82607102	0.79229631	1.36695881	-2.52003074

722	272
687	276
638	270
673	266
722	159
687	158
638	160
673	161

757	268
723	272
676	265
710	262
757	160
723	159
676	160
710	161

1093	305
1075	313
987	302
1008	295
1093	158
1075	157
987	159
1008	160

1047	312
1028	320
936	309
958	301
1047	155
1028	154
936	156
958	157

183	196
203	196
203	196
182	197
183	150
203	150
203	150
182	150

653	280
611	285
565	277
606	273
653	157
611	155
565	157
606	158

499	239
465	241
444	238
477	236
499	161
465	160
444	161
477	162

472	242
435	244
416	241
452	239
472	158
435	157
416	159
452	159

710	252
679	254
633	248
663	246
710	156
679	156
633	157
663	158

1235	234
1184	234
1094	226
1139	226
1235	185
1184	185
1094	184
1139	184

1033	225
1075	224
1154	231
1106	231
1033	183
1075	183
1154	184
1106	184

961	224
1004	224
1067	231
1017	231
961	180
1004	180
1067	180
1017	180

600	199
629	199
638	201
607	201
600	172
629	172
638	171
607	171

710	252
679	254
633	248
663	246
710	156
679	156
633	157
663	158

