0.00000000	20.56287213	7.77890808	-1.24566529	1.82685173	0.80551693	1.08538152	-2.48168588
0.00000000	21.61117604	12.01440410	-1.07201276	1.80934787	0.66681787	0.92278092	-2.81119919
0.00000000	16.27458020	5.48417694	-1.44697116	1.78774714	0.88433663	1.04271017	-2.59516978
0.00000000	20.49722922	8.52043754	-1.21837185	1.89306498	0.78132490	1.09951975	-2.84434032
0.00000000	30.27754081	17.19374908	-0.70119379	1.95654631	0.69032586	0.51012427	0.40923515
0.00000000	12.20752816	0.76585318	-1.55853103	1.74541116	0.91594105	0.88542433	0.52344096
0.00000000	35.41602085	-3.23921756	-1.51249168	1.83959031	0.77873955	1.41007210	0.07847331
1.00000000	24.79186058	-19.26051566	-2.15804015	1.55084932	1.67204753	3.95758717	-3.12225294
1.00000000	24.04579865	-16.32354322	-1.98793260	1.44314110	1.58620806	3.32241403	0.06710307
1.00000000	24.32378970	-13.76790498	-1.95972786	1.51398468	1.61195335	3.43177632	0.08958423
1.00000000	37.63553469	-0.84145948	-1.27447365	1.41751921	1.58306298	4.21997466	0.02040495
1.00000000	31.68421795	11.31983054	-1.00495027	1.58300567	1.67469492	3.53330813	0.15187848

353	221
324	223
312	221
341	220
353	157
324	156
312	157
341	158

214	215
189	216
196	214
220	214
214	154
189	154
196	155
220	155

388	242
346	243
337	240
376	238
388	161
346	161
337	162
376	162

318	221
288	222
293	220
322	219
318	154
288	153
293	155
322	155

189	197
207	196
206	197
187	197
189	150
207	151
206	150
187	150

525	265
572	262
597	267
547	270
525	162
572	163
597	162
547	161

659	204
674	204
679	205
663	205
659	168
674	168
679	167
663	167

1236	234
1184	234
1095	226
1139	226
1236	185
1184	185
1095	184
1139	184

1034	224
1076	224
1154	231
1106	231
1034	184
1076	184
1154	185
1106	185

957	224
999	224
1069	230
1021	231
957	182
999	182
1069	183
1021	183

604	198
632	198
637	200
605	200
604	173
632	173
637	172
605	172

337	200
375	200
360	202
319	202
337	166
375	166
360	164
319	164

