0.00000000	14.61487569	3.52381907	-1.49602066	1.84815717	0.86666722	0.98953004	-2.49647188
0.00000000	30.30801321	17.18165247	-0.74756883	1.96590328	0.71881092	0.55872073	0.40224564
0.00000000	18.40863981	7.09922941	-1.30542324	1.81288838	0.81797140	1.05104525	-2.59720564
0.00000000	25.09279000	8.96078662	-1.21851860	1.87644506	0.82062742	0.99501531	-0.04222615
0.00000000	19.17694995	5.47212551	-1.35180996	1.76541448	0.78251919	1.05436625	-2.64187121
0.00000000	19.18329314	11.79751597	-1.14802144	1.81528795	0.62924259	1.10436427	-2.99226451
0.00000000	10.61515557	-1.15542663	-1.57568369	1.79175127	0.93747472	0.98601831	-2.47526836
0.00000000	18.57240576	6.29656942	-1.33861123	1.76809716	0.80202896	1.02113477	-2.57201457
0.00000000	31.53993958	17.36939581	-0.72438405	1.90363693	0.67346974	0.47729043	0.31747034
0.00000000	36.29577787	-4.51220964	-1.38503001	1.71849966	0.68664268	0.80184678	0.08553582
1.00000000	24.77669465	-19.24111404	-2.14149110	1.56834030	1.69430438	3.94419557	-3.11778760
1.00000000	24.04809500	-16.35707554	-1.98829041	1.46921062	1.58876871	3.32013243	0.05563371
1.00000000	24.32258506	-13.75225469	-1.96539746	1.54067361	1.63198788	3.41748752	0.08514497
1.00000000	37.15419016	-0.71282889	-1.35553525	1.49160838	1.52375243	2.92055670	0.04786038
2.00000000	24.31495817	-0.83527314	-1.44009600	1.89487910	0.64086165	2.08582643	0.26655489

461	250
420	253
401	249
441	246
461	158
420	157
401	158
441	159

189	198
209	197
207	198
187	198
189	151
209	152
207	151
187	151

348	229
313	230
307	228
340	227
348	157
313	157
307	158
340	158

342	212
365	212
354	213
330	213
342	159
365	159
354	159
330	159

419	228
388	229
380	227
409	226
419	161
388	160
380	161
409	162

165	224
139	224
159	222
184	221
165	154
139	154
159	155
184	155

733	280
687	286
639	278
685	273
733	156
687	154
639	156
685	158

382	229
349	231
340	228
371	227
382	160
349	160
340	161
371	161

202	196
219	196
217	196
200	197
202	153
219	153
217	153
200	153

684	201
697	201
701	201
687	201
684	167
697	167
701	167
687	167

1236	233
1184	233
1095	226
1139	225
1236	184
1184	184
1095	184
1139	184

1035	224
1078	224
1155	231
1106	231
1035	183
1078	183
1155	184
1106	184

957	224
999	224
1069	230
1020	231
957	182
999	182
1069	182
1020	182

601	200
629	200
634	202
604	202
601	173
629	173
634	172
604	172

611	215
629	215
648	218
629	218
611	161
629	162
648	160
629	160

