0.00000000	14.18584397	1.43721229	-1.53025136	1.90747166	0.79613022	1.08434213	-2.75346184
0.00000000	9.70741887	-3.55237660	-1.63337431	1.85231245	0.82581286	1.04672689	-2.42565322
0.00000000	8.90305042	-2.60303648	-1.67530046	1.86306489	0.79785476	1.07438972	-2.41516757
0.00000000	30.43054029	17.47522856	-0.65282867	1.98936367	0.76071440	0.52187960	0.45065895
0.00000000	16.64447282	0.39990827	-1.53093956	1.83090770	0.77118325	1.12425277	-2.48655534
0.00000000	14.74407347	0.95407586	-1.53017686	1.82360840	0.82937957	1.06110910	-2.51059055
0.00000000	10.00130051	-4.20649930	-1.61012266	1.79924262	0.80338575	1.03515010	-2.48537588
0.00000000	16.89054840	-0.13357966	-1.52810822	1.83525133	0.79120962	1.57074866	-2.63954997
1.00000000	24.78284836	-19.23506260	-2.11408184	1.55510259	1.67786463	3.87815488	-3.12285805
1.00000000	24.05508945	-16.31857345	-1.94185380	1.47479713	1.58858409	3.26724523	0.09275902
1.00000000	37.39744739	-0.71355418	-1.25114284	1.43365598	1.54084626	3.62305453	0.14131317
1.00000000	24.29556094	-13.79238555	-1.90776686	1.56939232	1.56100392	3.37135855	0.06367928
2.00000000	16.89054840	-0.13357966	-1.52810822	1.83525133	0.79120962	1.57074866	-2.63954997

560	254
520	256
505	250
543	249
560	154
520	154
505	155
543	156

928	293
897	299
822	290
854	284
928	151
897	149
822	152
854	153

880	308
845	317
765	304
801	297
880	152
845	151
765	153
801	155

183	195
203	195
203	195
182	196
183	149
203	149
203	149
182	148

616	241
589	243
560	239
587	238
616	161
589	160
560	161
587	162

590	250
555	252
528	248
562	246
590	159
555	158
528	160
562	160

966	287
936	293
863	283
894	279
966	153
936	152
863	154
894	156

643	241
612	242
580	237
609	236
643	160
612	159
580	161
609	161

1234	232
1183	233
1096	225
1140	225
1234	184
1183	184
1096	183
1140	183

1034	223
1075	223
1154	229
1107	229
1034	182
1075	182
1154	182
1107	182

598	198
626	198
638	200
608	200
598	172
626	172
638	171
608	171

960	223
1002	222
1068	229
1021	229
960	179
1002	179
1068	179
1021	179

643	241
612	242
580	237
609	236
643	160
612	159
580	161
609	161

