0.00000000	10.08426704	-3.12322566	-1.55913876	1.70986664	0.71949112	0.91675316	-2.49002957
0.00000000	30.41632552	17.49550669	-0.60092590	2.03334308	0.76130691	0.51764332	0.48231325
0.00000000	16.94413361	12.42807288	-1.15636144	1.86491084	0.66526587	1.02474360	-3.12380862
0.00000000	41.59865881	16.23995430	-0.59479568	1.89434421	0.61523659	0.68577622	0.44588339
0.00000000	21.78973399	3.35854982	-1.46113513	1.82100713	0.68676974	0.94911566	0.70167214
0.00000000	41.66690174	15.41705884	-0.60814355	1.89152265	0.64452071	0.69853052	0.64695895
0.00000000	21.31167211	4.33852296	-1.44848345	1.82015991	0.69554260	0.98352699	0.24376230
1.00000000	24.07717956	-16.34907409	-1.96215532	1.44170702	1.58741255	3.31127267	0.09679852
1.00000000	24.78617618	-19.21589186	-2.12456940	1.52953827	1.65361590	3.90540581	-3.12470841
1.00000000	37.28579220	-0.78973268	-1.31358359	1.42981219	1.53787230	3.39877637	0.04908579
1.00000000	24.29460977	-13.79194762	-1.94589732	1.56806850	1.56980769	3.41911096	0.07666972

878	283
847	288
789	280
820	276
878	158
847	156
789	158
820	159

182	194
203	194
202	194
181	194
182	146
203	147
202	146
181	146

74	231
44	231
77	228
105	228
74	149
44	149
77	151
105	151

319	189
330	189
331	189
320	189
319	157
330	157
331	156
320	156

476	223
495	223
512	224
492	225
476	164
495	164
512	164
492	163

332	189
343	189
347	189
336	189
332	157
343	157
347	157
336	156

446	224
469	224
471	226
447	226
446	164
469	164
471	163
447	163

1034	224
1075	223
1155	230
1108	230
1034	183
1075	183
1155	184
1108	184

1234	233
1182	233
1095	225
1139	225
1234	185
1182	185
1095	184
1139	184

602	199
630	199
636	201
606	201
602	173
630	173
636	172
606	172

959	224
1001	223
1069	230
1022	230
959	180
1001	180
1069	180
1022	180

