0.00000000	10.56249518	-2.55113401	-1.54046247	1.78795624	0.77973753	0.96226782	-2.51203680
0.00000000	30.50711782	17.48814332	-0.64300964	2.03694272	0.78586779	0.54329014	0.47383073
0.00000000	16.19131691	12.45096608	-1.14190243	1.84111702	0.65026797	1.03037961	-3.13869953
0.00000000	21.24429753	2.84441898	-1.47052107	1.84135783	0.64083216	1.04005086	0.05055388
0.00000000	20.75706658	3.83718892	-1.46791230	1.83593464	0.65224943	0.99931493	0.44459227
0.00000000	42.27557433	15.68634134	-0.54672764	1.81581879	0.61538537	0.65246605	0.43027383
0.00000000	42.23136400	16.52690737	-0.48308228	1.87228489	0.60963756	0.69776860	0.78961641
0.00000000	11.23634514	-3.02735881	-1.53419719	1.76406908	0.74353775	0.94884822	3.06714988
1.00000000	24.06997430	-16.35062506	-1.96603845	1.43286824	1.58745835	3.29881091	0.07498636
1.00000000	24.77316605	-19.20066633	-2.11606942	1.52515006	1.66962068	3.88832312	-3.12591791
1.00000000	24.32244953	-13.77680427	-1.95123075	1.51906848	1.58272558	3.39944833	0.06006619
1.00000000	37.16312710	-0.79831073	-1.36251662	1.47433853	1.55363506	3.26092463	0.03703639

827	277
792	282
739	274
774	270
827	152
792	151
739	153
774	154

183	195
204	195
204	195
182	195
183	147
204	148
204	147
182	147

46	233
16	233
53	230
81	230
46	148
16	148
53	150
81	150

499	224
520	224
518	226
496	226
499	163
520	163
518	162
496	162

456	226
478	225
487	227
465	228
456	163
478	164
487	163
465	163

333	188
344	188
345	188
334	188
333	157
344	157
345	157
334	157

317	187
327	187
332	187
322	187
317	155
327	156
332	155
322	155

834	273
783	273
773	265
820	266
834	154
783	154
773	156
820	156

1035	224
1076	223
1154	230
1107	230
1035	184
1076	184
1154	184
1107	184

1233	233
1182	233
1095	225
1139	225
1233	185
1182	185
1095	184
1139	184

959	224
1001	223
1068	230
1020	230
959	182
1001	182
1068	182
1020	182

603	200
631	200
636	202
605	202
603	173
631	173
636	172
605	172

