0.00000000	10.11072146	-6.09093842	-1.47732268	1.73532617	0.63837300	0.78340557	-3.13379216
0.00000000	22.48580330	-8.41873570	-1.48026655	1.92236936	0.61788500	1.04866271	-0.17586203
0.00000000	22.31610198	-7.78618863	-1.48209129	1.87951970	0.58618878	1.06729983	-0.20945741
1.00000000	19.51179002	6.10671043	-1.70496665	1.45688856	1.67212973	3.94171727	3.12446117
1.00000000	31.39309381	5.69712488	-1.67733453	1.48447645	1.58597764	3.66757920	0.02988061
1.00000000	29.39151463	-4.14148255	-1.41573952	1.51030576	1.64178139	4.02170765	-1.57393980
1.00000000	13.97335780	21.78273954	-1.27788065	1.57800889	1.68648237	3.89736138	1.57147992

1088	276
1041	277
1007	269
1051	269
1088	146
1041	146
1007	149
1051	149

859	217
879	217
887	219
865	219
859	157
879	157
887	156
865	156

842	218
862	218
867	220
847	219
842	159
862	159
867	158
847	158

387	247
318	246
374	234
429	234
387	187
318	187
374	185
429	185

463	213
497	213
487	217
448	217
463	181
497	181
487	181
448	181

749	207
758	209
657	209
654	207
749	171
758	171
657	171
654	171

-707	259
-554	250
-363	250
-491	259
-707	171
-554	172
-363	172
-491	171

