0.00000000	12.46646203	-5.55402354	-1.44699548	1.76976931	0.56270973	0.78304379	-0.01258091
0.00000000	13.00372199	-4.96565166	-1.45355342	1.72665572	0.58298531	0.72248178	-3.05253005
0.00000000	34.59826018	-10.03995444	-1.00105641	1.68130457	0.59941952	0.70116904	0.13055207
1.00000000	11.79923760	4.91603048	-1.62905310	1.61120272	1.66020880	4.15691514	2.75025868
1.00000000	18.98254846	13.61145973	-1.39088724	1.40329647	1.51157661	3.54126127	0.24991724

903	250
935	250
956	255
922	255
903	151
935	151
956	149
922	149

908	252
876	252
858	248
888	248
908	153
876	153
858	155
888	155

802	193
813	193
820	193
808	193
802	158
813	159
820	158
808	158

228	300
142	292
353	261
424	265
228	177
142	177
353	178
424	178

86	229
146	228
91	238
17	239
86	180
146	180
91	180
17	180

