0.00000000	12.37078842	-4.88110843	-1.48443745	1.83426464	0.57335629	0.83992026	3.13840055
0.00000000	11.86040703	-5.51958210	-1.46130417	1.79242635	0.56040369	0.88657956	0.00660976
0.00000000	22.30290112	-6.85963003	-1.07561384	1.72421169	0.69312155	0.89974694	-0.43608728
0.00000000	34.23007664	-9.97046797	-0.99189995	1.72444439	0.66061592	0.85944157	2.52132750
1.00000000	11.23007599	4.95089983	-1.65161369	1.62460005	1.63436375	4.20378227	2.74560261
1.00000000	18.51880425	13.70740941	-1.48734997	1.48782182	1.53605185	3.83598836	0.29743564
1.00000000	17.91832573	16.30341630	-1.53034709	1.41910458	1.52050445	3.61328847	0.21188650

920	259
885	259
866	253
899	253
920	147
885	147
866	149
899	149

915	255
948	255
975	261
940	261
915	149
948	149
975	147
940	147

815	205
838	206
834	207
811	206
815	151
838	151
834	150
811	150

815	193
801	193
808	193
821	193
815	157
801	157
808	157
821	157

198	310
110	301
343	266
415	270
198	178
110	178
343	178
415	178

68	234
132	233
75	244
-3	246
68	181
132	181
75	181
-3	181

-37	238
27	237
-66	250
-147	252
-37	186
27	186
-66	187
-147	187

