0.00000000	7.96830466	-4.55799103	-1.56961141	1.83360934	0.63561142	0.91963512	-0.98396730
0.00000000	7.83113743	-5.38056148	-1.56374989	1.83715570	0.60163348	0.76232372	3.13483882
0.00000000	7.59124442	-3.86644916	-1.59501062	1.83172059	0.71246412	1.00157316	0.05255444
0.00000000	27.68375246	-6.04973843	-1.16583632	1.76594830	0.58101455	0.79392485	0.36989316
1.00000000	11.24165811	6.00490570	-1.75845562	1.40695119	1.56554297	3.76432946	3.10492802
1.00000000	19.36573229	5.29694808	-1.62040351	1.41089153	1.54083842	3.44304882	-0.08037190
1.00000000	22.91283858	-12.94229031	-1.17240165	1.62700903	1.64921597	3.87728779	1.56083465

1020	302
1081	310
1039	319
977	310
1020	143
1081	141
1039	138
977	141

1171	318
1111	318
1062	305
1116	305
1171	136
1111	136
1062	140
1116	140

925	312
988	311
1050	330
978	331
925	145
988	145
1050	140
978	139

748	203
761	202
772	203
759	203
748	157
761	158
772	157
759	157

191	315
72	314
236	275
321	275
191	204
72	204
236	197
321	197

403	232
455	232
414	242
352	242
403	184
455	184
414	185
352	185

961	207
936	205
1054	205
1087	207
961	154
936	156
1054	156
1087	154

